pos	X
56.0	0.0
56.005	-6.82124e-13
56.01	-6.82124e-13
56.015	-6.82124e-13
56.02	-2.27375e-13
56.025	0.0
56.03	2.27375e-13
56.035	0.0
56.04	0.0
56.045	-2.27375e-13
56.05	-4.54751e-13
56.055	-6.82124e-13
56.06	-6.82124e-13
56.065	-6.82124e-13
56.07	-6.82124e-13
56.075	-6.82124e-13
56.08	-2.27375e-13
56.085	0.0
56.09	0.0
56.095	-2.27375e-13
56.1	0.0
56.105	0.0
56.11	0.0
56.115	-2.27375e-13
56.12	0.0
56.125	-2.27375e-13
56.13	-6.82124e-13
56.135	-6.82124e-13
56.14	-1.13688e-12
56.145	-9.09502e-13
56.15	-4.54751e-13
56.155	-6.82124e-13
56.16	-6.82124e-13
56.165	-2.27375e-13
56.17	0.0
56.175	-2.27375e-13
56.18	0.0
56.185	0.0
56.19	-2.27375e-13
56.195	-6.82124e-13
56.2	-4.54751e-13
56.205	-4.54751e-13
56.21	-4.54751e-13
56.215	-2.27375e-13
56.22	0.0
56.225	0.0
56.23	-2.27375e-13
56.235	0.0
56.24	2.27375e-13
56.245	0.0
56.25	-4.54751e-13
56.255	-6.82124e-13
56.26	-4.54751e-13
56.265	-4.54751e-13
56.27	-6.82124e-13
56.275	-6.82124e-13
56.28	-2.27375e-13
56.285	0.0
56.29	2.27375e-13
56.295	4.54751e-13
56.3	4.54751e-13
56.305	6.82124e-13
56.31	9.09502e-13
56.315	1.13688e-12
56.32	1.13688e-12
56.325	1.36425e-12
56.33	1.36425e-12
56.335	1.819e-12
56.34	1.59162e-12
56.345	1.819e-12
56.35	1.59162e-12
56.355	1.59162e-12
56.36	1.819e-12
56.365	1.819e-12
56.37	2.27375e-12
56.375	2.50112e-12
56.38	2.50112e-12
56.385	2.7285e-12
56.39	3.18325e-12
56.395	3.63801e-12
56.4	4.09275e-12
56.405	4.09275e-12
56.41	4.09275e-12
56.415	3.86538e-12
56.42	3.41062e-12
56.425	3.41062e-12
56.43	3.63801e-12
56.435	3.41062e-12
56.44	2.50112e-12
56.445	2.04638e-12
56.45	2.27375e-12
56.455	2.50112e-12
56.46	2.95587e-12
56.465	2.95587e-12
56.47	2.95587e-12
56.475	2.04638e-12
56.48	1.13688e-12
56.485	1.13688e-12
56.49	9.09502e-13
56.495	6.82124e-13
56.5	4.54751e-13
56.505	2.27375e-13
56.51	0.0
56.515	-2.27375e-13
56.52	-6.82124e-13
56.525	-1.36425e-12
56.53	-1.59162e-12
56.535	-2.04638e-12
56.54	-2.50112e-12
56.545	-2.95587e-12
56.55	-3.41062e-12
56.555	-3.63801e-12
56.56	-3.86538e-12
56.565	-3.86538e-12
56.57	-3.63801e-12
56.575	-3.41062e-12
56.58	-3.86538e-12
56.585	-4.32013e-12
56.59	-4.5475e-12
56.595	-4.5475e-12
56.6	-4.32013e-12
56.605	-4.32013e-12
56.61	-4.09275e-12
56.615	-3.86538e-12
56.62	-3.41062e-12
56.625	-2.7285e-12
56.63	-2.50112e-12
56.635	-2.27375e-12
56.64	-1.59162e-12
56.645	-6.82124e-13
56.65	-2.27375e-13
56.655	4.54751e-13
56.66	1.819e-12
56.665	3.63801e-12
56.67	5.22962e-12
56.675	7.27601e-12
56.68	9.095e-12
56.685	1.02319e-11
56.69	1.11414e-11
56.695	1.20509e-11
56.7	1.34151e-11
56.705	1.47794e-11
56.71	1.59163e-11
56.715	1.65984e-11
56.72	1.65984e-11
56.725	1.6371e-11
56.73	1.50068e-11
56.735	1.4552e-11
56.74	1.4552e-11
56.745	1.38698e-11
56.75	1.2733e-11
56.755	1.11414e-11
56.76	9.32238e-12
56.765	7.27601e-12
56.77	5.457e-12
56.775	3.63801e-12
56.78	1.819e-12
56.785	-6.82124e-13
56.79	-2.50112e-12
56.795	-4.32013e-12
56.8	-5.68437e-12
56.805	-7.04861e-12
56.81	-7.73076e-12
56.815	-8.86763e-12
56.82	-9.77712e-12
56.825	-1.00045e-11
56.83	-1.00045e-11
56.835	-1.00045e-11
56.84	-1.00045e-11
56.845	-9.54975e-12
56.85	-9.095e-12
56.855	-8.18551e-12
56.86	-7.50339e-12
56.865	-7.04861e-12
56.87	-6.59386e-12
56.875	-5.68437e-12
56.88	-4.5475e-12
56.885	-3.86538e-12
56.89	-2.95587e-12
56.895	-2.27375e-12
56.9	-1.59162e-12
56.905	-6.82124e-13
56.91	4.54751e-13
56.915	1.59162e-12
56.92	2.27375e-12
56.925	2.50112e-12
56.93	2.95587e-12
56.935	3.18325e-12
56.94	3.18325e-12
56.945	3.18325e-12
56.95	3.63801e-12
56.955	3.86538e-12
56.96	4.09275e-12
56.965	3.41062e-12
56.97	2.95587e-12
56.975	2.7285e-12
56.98	2.27375e-12
56.985	1.59162e-12
56.99	9.09502e-13
56.995	6.82124e-13
57.0	4.54751e-13
57.005	2.27375e-13
57.01	-4.54751e-13
57.015	-1.36425e-12
57.02	-1.59162e-12
57.025	-1.819e-12
57.03	-1.59162e-12
57.035	-2.04638e-12
57.04	-2.50112e-12
57.045	-2.95587e-12
57.05	-3.18325e-12
57.055	-3.41062e-12
57.06	-3.41062e-12
57.065	-3.18325e-12
57.07	-3.41062e-12
57.075	-3.86538e-12
57.08	-4.09275e-12
57.085	-4.09275e-12
57.09	-3.86538e-12
57.095	-3.86538e-12
57.1	-3.18325e-12
57.105	-3.18325e-12
57.11	-3.18325e-12
57.115	-2.50112e-12
57.12	-2.04638e-12
57.125	-1.819e-12
57.13	-1.59162e-12
57.135	-1.819e-12
57.14	-1.59162e-12
57.145	-1.59162e-12
57.15	-1.59162e-12
57.155	-1.36425e-12
57.16	-1.13688e-12
57.165	-1.36425e-12
57.17	-1.59162e-12
57.175	-1.59162e-12
57.18	-2.04638e-12
57.185	-2.04638e-12
57.19	-1.36425e-12
57.195	-9.09502e-13
57.2	-9.09502e-13
57.205	-6.82124e-13
57.21	-6.82124e-13
57.215	-9.09502e-13
57.22	-9.09502e-13
57.225	-9.09502e-13
57.23	-6.82124e-13
57.235	-4.54751e-13
57.24	-6.82124e-13
57.245	-9.09502e-13
57.25	-1.36425e-12
57.255	-1.36425e-12
57.26	-1.59162e-12
57.265	-1.819e-12
57.27	-9.09502e-13
57.275	-4.54751e-13
57.28	-6.82124e-13
57.285	-1.13688e-12
57.29	-9.09502e-13
57.295	-6.82124e-13
57.3	-6.82124e-13
57.305	-1.13688e-12
57.31	-1.59162e-12
57.315	-1.819e-12
57.32	-9.09502e-13
57.325	-2.27375e-13
57.33	-6.82124e-13
57.335	-9.09502e-13
57.34	-1.36425e-12
57.345	-1.36425e-12
57.35	-1.13688e-12
57.355	-1.36425e-12
57.36	-1.36425e-12
57.365	-9.09502e-13
57.37	-6.82124e-13
57.375	-4.54751e-13
57.38	-4.54751e-13
57.385	-6.82124e-13
57.39	-9.09502e-13
57.395	-1.36425e-12
57.4	-1.36425e-12
57.405	-9.09502e-13
57.41	0.0
57.415	0.0
57.42	2.27375e-13
57.425	0.0
57.43	2.27375e-13
57.435	4.54751e-13
57.44	4.54751e-13
57.445	0.0
57.45	-4.54751e-13
57.455	-6.82124e-13
57.46	-6.82124e-13
57.465	-4.54751e-13
57.47	0.0
57.475	0.0
57.48	6.82124e-13
57.485	6.82124e-13
57.49	4.54751e-13
57.495	0.0
57.5	4.54751e-13
57.505	4.54751e-13
57.51	2.27375e-13
57.515	0.0
57.52	0.0
57.525	-6.82124e-13
57.53	-1.13688e-12
57.535	-9.09502e-13
57.54	-9.09502e-13
57.545	-1.13688e-12
57.55	-1.13688e-12
57.555	-1.36425e-12
57.56	-1.13688e-12
57.565	-1.13688e-12
57.57	-1.13688e-12
57.575	-1.59162e-12
57.58	-1.36425e-12
57.585	-9.09502e-13
57.59	-6.82124e-13
57.595	-4.54751e-13
57.6	-2.27375e-13
57.605	2.27375e-13
57.61	-2.27375e-13
57.615	-4.54751e-13
57.62	-6.82124e-13
57.625	-2.27375e-13
57.63	-2.27375e-13
57.635	-2.27375e-13
57.64	-2.27375e-13
57.645	-6.82124e-13
57.65	-6.82124e-13
57.655	-9.09502e-13
57.66	-9.09502e-13
57.665	-6.82124e-13
57.67	-4.54751e-13
57.675	-2.27375e-13
57.68	0.0
57.685	2.27375e-13
57.69	6.82124e-13
57.695	6.82124e-13
57.7	1.13688e-12
57.705	1.13688e-12
57.71	1.59162e-12
57.715	1.13688e-12
57.72	1.13688e-12
57.725	9.09502e-13
57.73	9.09502e-13
57.735	1.13688e-12
57.74	1.36425e-12
57.745	1.13688e-12
57.75	4.54751e-13
57.755	0.0
57.76	0.0
57.765	0.0
57.77	-2.27375e-13
57.775	-2.27375e-13
57.78	0.0
57.785	0.0
57.79	2.27375e-13
57.795	4.54751e-13
57.8	4.54751e-13
57.805	6.82124e-13
57.81	1.13688e-12
57.815	9.09502e-13
57.82	6.82124e-13
57.825	4.54751e-13
57.83	0.0
57.835	0.0
57.84	4.54751e-13
57.845	6.82124e-13
57.85	1.13688e-12
57.855	1.59162e-12
57.86	1.819e-12
57.865	1.59162e-12
57.87	1.59162e-12
57.875	1.819e-12
57.88	1.13688e-12
57.885	9.09502e-13
57.89	9.09502e-13
57.895	9.09502e-13
57.9	1.13688e-12
57.905	9.09502e-13
57.91	6.82124e-13
57.915	9.09502e-13
57.92	1.13688e-12
57.925	1.13688e-12
57.93	9.09502e-13
57.935	4.54751e-13
57.94	0.0
57.945	-9.09502e-13
57.95	-1.59162e-12
57.955	-1.819e-12
57.96	-1.819e-12
57.965	-2.04638e-12
57.97	-2.50112e-12
57.975	-3.18325e-12
57.98	-3.86538e-12
57.985	-4.09275e-12
57.99	-4.32013e-12
57.995	-4.32013e-12
58.0	-4.77487e-12
58.005	-5.22962e-12
58.01	-5.68437e-12
58.015	-5.68437e-12
58.02	-5.91174e-12
58.025	-6.36649e-12
58.03	-5.91174e-12
58.035	-5.68437e-12
58.04	-6.13912e-12
58.045	-6.13912e-12
58.05	-6.36649e-12
58.055	-5.68437e-12
58.06	-4.77487e-12
58.065	-3.86538e-12
58.07	-3.18325e-12
58.075	-2.50112e-12
58.08	-1.819e-12
58.085	-1.13688e-12
58.09	-6.82124e-13
58.095	4.54751e-13
58.1	1.13688e-12
58.105	2.04638e-12
58.11	2.95587e-12
58.115	3.63801e-12
58.12	3.86538e-12
58.125	4.32013e-12
58.13	4.5475e-12
58.135	5.22962e-12
58.14	5.22962e-12
58.145	5.00225e-12
58.15	4.5475e-12
58.155	4.09275e-12
58.16	3.18325e-12
58.165	2.50112e-12
58.17	1.36425e-12
58.175	1.13688e-12
58.18	9.09502e-13
58.185	4.54751e-13
58.19	2.27375e-13
58.195	0.0
58.2	-4.54751e-13
58.205	-1.36425e-12
58.21	-2.04638e-12
58.215	-2.7285e-12
58.22	-3.18325e-12
58.225	-3.18325e-12
58.23	-3.18325e-12
58.235	-3.18325e-12
58.24	-2.95587e-12
58.245	-2.7285e-12
58.25	-2.50112e-12
58.255	-2.95587e-12
58.26	-3.18325e-12
58.265	-3.18325e-12
58.27	-3.18325e-12
58.275	-2.95587e-12
58.28	-2.50112e-12
58.285	-2.04638e-12
58.29	-1.819e-12
58.295	-1.36425e-12
58.3	-9.09502e-13
58.305	-9.09502e-13
58.31	-1.36425e-12
58.315	-1.59162e-12
58.32	-1.36425e-12
58.325	-9.09502e-13
58.33	-6.82124e-13
58.335	-6.82124e-13
58.34	-1.13688e-12
58.345	-6.82124e-13
58.35	0.0
58.355	0.0
58.36	0.0
58.365	2.27375e-13
58.37	4.54751e-13
58.375	2.27375e-13
58.38	4.54751e-13
58.385	4.54751e-13
58.39	0.0
58.395	0.0
58.4	-2.27375e-13
58.405	-6.82124e-13
58.41	-1.13688e-12
58.415	-9.09502e-13
58.42	-4.54751e-13
58.425	-2.27375e-13
58.43	-4.54751e-13
58.435	-4.54751e-13
58.44	-4.54751e-13
58.445	-2.27375e-13
58.45	-4.54751e-13
58.455	-6.82124e-13
58.46	-6.82124e-13
58.465	-9.09502e-13
58.47	-6.82124e-13
58.475	-6.82124e-13
58.48	-6.82124e-13
58.485	-6.82124e-13
58.49	-6.82124e-13
58.495	-2.27375e-13
58.5	-4.54751e-13
58.505	0.0
58.51	4.54751e-13
58.515	1.13688e-12
58.52	6.82124e-13
58.525	2.27375e-13
58.53	0.0
58.535	4.54751e-13
58.54	2.27375e-13
58.545	0.0
58.55	-4.54751e-13
58.555	-6.82124e-13
58.56	-4.54751e-13
58.565	-6.82124e-13
58.57	-4.54751e-13
58.575	-6.82124e-13
58.58	-4.54751e-13
58.585	-6.82124e-13
58.59	-6.82124e-13
58.595	-9.09502e-13
58.6	-6.82124e-13
58.605	-2.27375e-13
58.61	0.0
58.615	4.54751e-13
58.62	4.54751e-13
58.625	4.54751e-13
58.63	4.54751e-13
58.635	6.82124e-13
58.64	6.82124e-13
58.645	2.27375e-13
58.65	0.0
58.655	-2.27375e-13
58.66	-6.82124e-13
58.665	-4.54751e-13
58.67	-2.27375e-13
58.675	0.0
58.68	0.0
58.685	-2.27375e-13
58.69	-2.27375e-13
58.695	-2.27375e-13
58.7	0.0
58.705	0.0
58.71	-2.27375e-13
58.715	-6.82124e-13
58.72	-6.82124e-13
58.725	-6.82124e-13
58.73	-6.82124e-13
58.735	-6.82124e-13
58.74	-6.82124e-13
58.745	-6.82124e-13
58.75	-6.82124e-13
58.755	-2.27375e-13
58.76	-4.54751e-13
58.765	-4.54751e-13
58.77	-6.82124e-13
58.775	-1.13688e-12
58.78	-1.36425e-12
58.785	-9.09502e-13
58.79	-2.27375e-13
58.795	0.0
58.8	-2.27375e-13
58.805	-6.82124e-13
58.81	-4.54751e-13
58.815	-2.27375e-13
58.82	0.0
58.825	2.27375e-13
58.83	4.54751e-13
58.835	1.13688e-12
58.84	1.59162e-12
58.845	1.36425e-12
58.85	4.54751e-13
58.855	0.0
58.86	0.0
58.865	2.27375e-13
58.87	2.27375e-13
58.875	-2.27375e-13
58.88	-4.54751e-13
58.885	-4.54751e-13
58.89	0.0
58.895	4.54751e-13
58.9	1.13688e-12
58.905	1.13688e-12
58.91	1.13688e-12
58.915	9.09502e-13
58.92	4.54751e-13
58.925	0.0
58.93	0.0
58.935	-2.27375e-13
58.94	-4.54751e-13
58.945	-2.27375e-13
58.95	0.0
58.955	2.27375e-13
58.96	6.82124e-13
58.965	9.09502e-13
58.97	4.54751e-13
58.975	6.82124e-13
58.98	6.82124e-13
58.985	9.09502e-13
58.99	9.09502e-13
58.995	9.09502e-13
59.0	6.82124e-13
