pos	X
57.0	-1.13688e-12
57.005	-9.09502e-13
57.01	-9.09502e-13
57.015	-6.82124e-13
57.02	-6.82124e-13
57.025	-9.09502e-13
57.03	-9.09502e-13
57.035	-6.82124e-13
57.04	-6.82124e-13
57.045	-6.82124e-13
57.05	-9.09502e-13
57.055	-9.09502e-13
57.06	-6.82124e-13
57.065	-6.82124e-13
57.07	-6.82124e-13
57.075	-6.82124e-13
57.08	-6.82124e-13
57.085	-6.82124e-13
57.09	-6.82124e-13
57.095	-6.82124e-13
57.1	-6.82124e-13
57.105	-6.82124e-13
57.11	-6.82124e-13
57.115	-1.13688e-12
57.12	-1.13688e-12
57.125	-9.09502e-13
57.13	-6.82124e-13
57.135	-6.82124e-13
57.14	-6.82124e-13
57.145	-6.82124e-13
57.15	-6.82124e-13
57.155	-6.82124e-13
57.16	-6.82124e-13
57.165	-6.82124e-13
57.17	-1.13688e-12
57.175	-1.13688e-12
57.18	-1.13688e-12
57.185	-9.09502e-13
57.19	-9.09502e-13
57.195	-1.13688e-12
57.2	-9.09502e-13
57.205	-9.09502e-13
57.21	-1.13688e-12
57.215	-9.09502e-13
57.22	-9.09502e-13
57.225	-9.09502e-13
57.23	-6.82124e-13
57.235	-6.82124e-13
57.24	-6.82124e-13
57.245	-9.09502e-13
57.25	-6.82124e-13
57.255	-9.09502e-13
57.26	-6.82124e-13
57.265	-9.09502e-13
57.27	-9.09502e-13
57.275	-6.82124e-13
57.28	-6.82124e-13
57.285	-6.82124e-13
57.29	-6.82124e-13
57.295	-6.82124e-13
57.3	-6.82124e-13
57.305	-6.82124e-13
57.31	-6.82124e-13
57.315	-4.54751e-13
57.32	-2.27375e-13
57.325	-2.27375e-13
57.33	-4.54751e-13
57.335	-6.82124e-13
57.34	-4.54751e-13
57.345	-4.54751e-13
57.35	-6.82124e-13
57.355	-6.82124e-13
57.36	-6.82124e-13
57.365	-6.82124e-13
57.37	-6.82124e-13
57.375	-6.82124e-13
57.38	-6.82124e-13
57.385	-6.82124e-13
57.39	-6.82124e-13
57.395	-4.54751e-13
57.4	-6.82124e-13
57.405	-6.82124e-13
57.41	-6.82124e-13
57.415	-1.13688e-12
57.42	-9.09502e-13
57.425	-6.82124e-13
57.43	-4.54751e-13
57.435	-4.54751e-13
57.44	-6.82124e-13
57.445	-6.82124e-13
57.45	-9.09502e-13
57.455	-6.82124e-13
57.46	-6.82124e-13
57.465	-6.82124e-13
57.47	-6.82124e-13
57.475	-6.82124e-13
57.48	-6.82124e-13
57.485	-6.82124e-13
57.49	-6.82124e-13
57.495	-6.82124e-13
57.5	-6.82124e-13
57.505	-9.09502e-13
57.51	-6.82124e-13
57.515	-6.82124e-13
57.52	-9.09502e-13
57.525	-6.82124e-13
57.53	-6.82124e-13
57.535	-6.82124e-13
57.54	-6.82124e-13
57.545	-6.82124e-13
57.55	-6.82124e-13
57.555	-6.82124e-13
57.56	-6.82124e-13
57.565	-6.82124e-13
57.57	-6.82124e-13
57.575	-9.09502e-13
57.58	-6.82124e-13
57.585	-6.82124e-13
57.59	-6.82124e-13
57.595	-4.54751e-13
57.6	-6.82124e-13
57.605	-6.82124e-13
57.61	-6.82124e-13
57.615	-6.82124e-13
57.62	-4.54751e-13
57.625	-6.82124e-13
57.63	-6.82124e-13
57.635	-6.82124e-13
57.64	-9.09502e-13
57.645	-9.09502e-13
57.65	-6.82124e-13
57.655	-6.82124e-13
57.66	-9.09502e-13
57.665	-6.82124e-13
57.67	-9.09502e-13
57.675	-9.09502e-13
57.68	-6.82124e-13
57.685	-6.82124e-13
57.69	-6.82124e-13
57.695	-6.82124e-13
57.7	-6.82124e-13
57.705	-9.09502e-13
57.71	-9.09502e-13
57.715	-6.82124e-13
57.72	-6.82124e-13
57.725	-6.82124e-13
57.73	-6.82124e-13
57.735	-6.82124e-13
57.74	-6.82124e-13
57.745	-6.82124e-13
57.75	-6.82124e-13
57.755	-6.82124e-13
57.76	-6.82124e-13
57.765	-4.54751e-13
57.77	-6.82124e-13
57.775	-4.54751e-13
57.78	-6.82124e-13
57.785	-6.82124e-13
57.79	-9.09502e-13
57.795	-9.09502e-13
57.8	-9.09502e-13
57.805	-6.82124e-13
57.81	-6.82124e-13
57.815	-6.82124e-13
57.82	-6.82124e-13
57.825	-6.82124e-13
57.83	-6.82124e-13
57.835	-6.82124e-13
57.84	-4.54751e-13
57.845	-6.82124e-13
57.85	-6.82124e-13
57.855	-6.82124e-13
57.86	-2.27375e-13
57.865	0.0
57.87	-2.27375e-13
57.875	-2.27375e-13
57.88	-4.54751e-13
57.885	-4.54751e-13
57.89	-6.82124e-13
57.895	-6.82124e-13
57.9	-4.54751e-13
57.905	-4.54751e-13
57.91	-4.54751e-13
57.915	-6.82124e-13
57.92	-6.82124e-13
57.925	-6.82124e-13
57.93	-4.54751e-13
57.935	-6.82124e-13
57.94	-6.82124e-13
57.945	-6.82124e-13
57.95	-6.82124e-13
57.955	-6.82124e-13
57.96	-9.09502e-13
57.965	-9.09502e-13
57.97	-9.09502e-13
57.975	-6.82124e-13
57.98	-6.82124e-13
57.985	-1.13688e-12
57.99	-1.36425e-12
57.995	-1.36425e-12
58.0	-1.36425e-12
58.005	-1.59162e-12
58.01	-1.819e-12
58.015	-2.27375e-12
58.02	-2.50112e-12
58.025	-2.50112e-12
58.03	-2.50112e-12
58.035	-2.7285e-12
58.04	-2.7285e-12
58.045	-2.95587e-12
58.05	-2.95587e-12
58.055	-3.18325e-12
58.06	-3.18325e-12
58.065	-3.18325e-12
58.07	-3.18325e-12
58.075	-3.41062e-12
58.08	-3.18325e-12
58.085	-3.18325e-12
58.09	-3.18325e-12
58.095	-2.95587e-12
58.1	-2.50112e-12
58.105	-2.50112e-12
58.11	-1.819e-12
58.115	-1.36425e-12
58.12	-6.82124e-13
58.125	0.0
58.13	6.82124e-13
58.135	1.59162e-12
58.14	2.04638e-12
58.145	2.95587e-12
58.15	3.63801e-12
58.155	4.32013e-12
58.16	5.00225e-12
58.165	5.457e-12
58.17	6.13912e-12
58.175	6.82124e-12
58.18	6.82124e-12
58.185	7.04861e-12
58.19	7.27601e-12
58.195	7.27601e-12
58.2	6.82124e-12
58.205	6.59386e-12
58.21	6.13912e-12
58.215	5.457e-12
58.22	5.00225e-12
58.225	4.32013e-12
58.23	3.41062e-12
58.235	2.50112e-12
58.24	1.59162e-12
58.245	1.13688e-12
58.25	4.54751e-13
58.255	0.0
58.26	-6.82124e-13
58.265	-9.09502e-13
58.27	-1.36425e-12
58.275	-1.819e-12
58.28	-2.04638e-12
58.285	-2.50112e-12
58.29	-2.95587e-12
58.295	-3.18325e-12
58.3	-3.18325e-12
58.305	-3.18325e-12
58.31	-3.18325e-12
58.315	-3.18325e-12
58.32	-3.18325e-12
58.325	-3.18325e-12
58.33	-3.18325e-12
58.335	-3.18325e-12
58.34	-3.18325e-12
58.345	-3.18325e-12
58.35	-3.18325e-12
58.355	-3.41062e-12
58.36	-3.41062e-12
58.365	-3.18325e-12
58.37	-3.18325e-12
58.375	-3.18325e-12
58.38	-3.18325e-12
58.385	-3.18325e-12
58.39	-2.7285e-12
58.395	-2.7285e-12
58.4	-2.50112e-12
58.405	-2.50112e-12
58.41	-2.50112e-12
58.415	-2.50112e-12
58.42	-2.27375e-12
58.425	-2.27375e-12
58.43	-2.04638e-12
58.435	-2.04638e-12
58.44	-2.04638e-12
58.445	-1.819e-12
58.45	-1.819e-12
58.455	-1.59162e-12
58.46	-1.59162e-12
58.465	-1.36425e-12
58.47	-1.36425e-12
58.475	-1.13688e-12
58.48	-1.13688e-12
58.485	-1.13688e-12
58.49	-1.13688e-12
58.495	-9.09502e-13
58.5	-1.13688e-12
58.505	-1.13688e-12
58.51	-9.09502e-13
58.515	-6.82124e-13
58.52	-4.54751e-13
58.525	-4.54751e-13
58.53	-4.54751e-13
58.535	-2.27375e-13
58.54	0.0
58.545	0.0
58.55	2.27375e-13
58.555	2.27375e-13
58.56	2.27375e-13
58.565	2.27375e-13
58.57	2.27375e-13
58.575	2.27375e-13
58.58	4.54751e-13
58.585	4.54751e-13
58.59	4.54751e-13
58.595	4.54751e-13
58.6	2.27375e-13
58.605	4.54751e-13
58.61	4.54751e-13
58.615	2.27375e-13
58.62	0.0
58.625	0.0
58.63	0.0
58.635	0.0
58.64	-2.27375e-13
58.645	-2.27375e-13
58.65	0.0
58.655	0.0
58.66	-4.54751e-13
58.665	-6.82124e-13
58.67	-6.82124e-13
58.675	-9.09502e-13
58.68	-1.13688e-12
58.685	-1.36425e-12
58.69	-1.36425e-12
58.695	-1.36425e-12
58.7	-1.36425e-12
58.705	-1.36425e-12
58.71	-1.36425e-12
58.715	-1.59162e-12
58.72	-1.59162e-12
58.725	-1.59162e-12
58.73	-1.36425e-12
58.735	-1.36425e-12
58.74	-1.36425e-12
58.745	-1.36425e-12
58.75	-1.36425e-12
58.755	-1.36425e-12
58.76	-1.59162e-12
58.765	-1.36425e-12
58.77	-1.36425e-12
58.775	-1.36425e-12
58.78	-1.59162e-12
58.785	-1.36425e-12
58.79	-1.36425e-12
58.795	-1.36425e-12
58.8	-1.36425e-12
58.805	-9.09502e-13
58.81	-9.09502e-13
58.815	-1.13688e-12
58.82	-9.09502e-13
58.825	-6.82124e-13
58.83	-6.82124e-13
58.835	-4.54751e-13
58.84	-4.54751e-13
58.845	-6.82124e-13
58.85	-4.54751e-13
58.855	-4.54751e-13
58.86	-4.54751e-13
58.865	-6.82124e-13
58.87	-4.54751e-13
58.875	0.0
58.88	-2.27375e-13
58.885	-2.27375e-13
58.89	-2.27375e-13
58.895	-4.54751e-13
58.9	-4.54751e-13
58.905	-2.27375e-13
58.91	-2.27375e-13
58.915	0.0
58.92	0.0
58.925	-2.27375e-13
58.93	-2.27375e-13
58.935	-6.82124e-13
58.94	-6.82124e-13
58.945	-6.82124e-13
58.95	-6.82124e-13
58.955	-6.82124e-13
58.96	-4.54751e-13
58.965	-4.54751e-13
58.97	-4.54751e-13
58.975	-4.54751e-13
58.98	-4.54751e-13
58.985	-4.54751e-13
58.99	-6.82124e-13
58.995	-6.82124e-13
59.0	-6.82124e-13
59.005	-6.82124e-13
59.01	-6.82124e-13
59.015	-6.82124e-13
59.02	-6.82124e-13
59.025	-6.82124e-13
59.03	-6.82124e-13
59.035	-4.54751e-13
59.04	-4.54751e-13
59.045	-4.54751e-13
59.05	-6.82124e-13
59.055	-6.82124e-13
59.06	-6.82124e-13
59.065	-6.82124e-13
59.07	-6.82124e-13
59.075	-6.82124e-13
59.08	-6.82124e-13
59.085	-6.82124e-13
59.09	-6.82124e-13
59.095	-6.82124e-13
59.1	-6.82124e-13
59.105	-6.82124e-13
59.11	-6.82124e-13
59.115	-6.82124e-13
59.12	-6.82124e-13
59.125	-6.82124e-13
59.13	-9.09502e-13
59.135	-6.82124e-13
59.14	-6.82124e-13
59.145	-6.82124e-13
59.15	-6.82124e-13
59.155	-6.82124e-13
59.16	-4.54751e-13
59.165	-4.54751e-13
59.17	-6.82124e-13
59.175	-6.82124e-13
59.18	-6.82124e-13
59.185	-6.82124e-13
59.19	-6.82124e-13
59.195	-6.82124e-13
59.2	-4.54751e-13
59.205	-4.54751e-13
59.21	-6.82124e-13
59.215	-6.82124e-13
59.22	-6.82124e-13
59.225	-2.27375e-13
59.23	-2.27375e-13
59.235	-6.82124e-13
59.24	-6.82124e-13
59.245	-4.54751e-13
59.25	-4.54751e-13
59.255	-2.27375e-13
59.26	-4.54751e-13
59.265	-6.82124e-13
59.27	-6.82124e-13
59.275	-4.54751e-13
59.28	-4.54751e-13
59.285	-4.54751e-13
59.29	-6.82124e-13
59.295	-6.82124e-13
59.3	-4.54751e-13
59.305	-6.82124e-13
59.31	-4.54751e-13
59.315	-2.27375e-13
59.32	-4.54751e-13
59.325	-4.54751e-13
59.33	-6.82124e-13
59.335	-6.82124e-13
59.34	-6.82124e-13
59.345	-6.82124e-13
59.35	-6.82124e-13
59.355	-6.82124e-13
59.36	-6.82124e-13
59.365	-6.82124e-13
59.37	-6.82124e-13
59.375	-6.82124e-13
59.38	-6.82124e-13
59.385	-4.54751e-13
59.39	-4.54751e-13
59.395	-4.54751e-13
59.4	-4.54751e-13
59.405	-4.54751e-13
59.41	-6.82124e-13
59.415	-6.82124e-13
59.42	-6.82124e-13
59.425	-6.82124e-13
59.43	-2.27375e-13
59.435	-4.54751e-13
59.44	-6.82124e-13
59.445	-6.82124e-13
59.45	-6.82124e-13
59.455	-6.82124e-13
59.46	-6.82124e-13
59.465	-6.82124e-13
59.47	-6.82124e-13
59.475	-6.82124e-13
59.48	-6.82124e-13
59.485	-6.82124e-13
59.49	-6.82124e-13
59.495	-6.82124e-13
59.5	-6.82124e-13
59.505	-6.82124e-13
59.51	-6.82124e-13
59.515	-6.82124e-13
59.52	-9.09502e-13
59.525	-6.82124e-13
59.53	-9.09502e-13
59.535	-1.13688e-12
59.54	-9.09502e-13
59.545	-6.82124e-13
59.55	-6.82124e-13
59.555	-6.82124e-13
59.56	-6.82124e-13
59.565	-6.82124e-13
59.57	-6.82124e-13
59.575	-6.82124e-13
59.58	-9.09502e-13
59.585	-9.09502e-13
59.59	-6.82124e-13
59.595	-6.82124e-13
59.6	-9.09502e-13
59.605	-9.09502e-13
59.61	-9.09502e-13
59.615	-6.82124e-13
59.62	-6.82124e-13
59.625	-6.82124e-13
59.63	-6.82124e-13
59.635	-6.82124e-13
59.64	-6.82124e-13
59.645	-6.82124e-13
59.65	-6.82124e-13
59.655	-9.09502e-13
59.66	-9.09502e-13
59.665	-6.82124e-13
59.67	-6.82124e-13
59.675	-6.82124e-13
59.68	-6.82124e-13
59.685	-9.09502e-13
59.69	-9.09502e-13
59.695	-6.82124e-13
59.7	-9.09502e-13
59.705	-6.82124e-13
59.71	-6.82124e-13
59.715	-6.82124e-13
59.72	-6.82124e-13
59.725	-6.82124e-13
59.73	-6.82124e-13
59.735	-6.82124e-13
59.74	-6.82124e-13
59.745	-6.82124e-13
59.75	-9.09502e-13
59.755	-1.13688e-12
59.76	-9.09502e-13
59.765	-1.13688e-12
59.77	-1.13688e-12
59.775	-9.09502e-13
59.78	-9.09502e-13
59.785	-9.09502e-13
59.79	-9.09502e-13
59.795	-1.13688e-12
59.8	-1.13688e-12
59.805	-9.09502e-13
59.81	-9.09502e-13
59.815	-9.09502e-13
59.82	-9.09502e-13
59.825	-9.09502e-13
59.83	-6.82124e-13
59.835	-9.09502e-13
59.84	-6.82124e-13
59.845	-6.82124e-13
59.85	-6.82124e-13
59.855	-6.82124e-13
59.86	-6.82124e-13
59.865	-9.09502e-13
59.87	-1.13688e-12
59.875	-9.09502e-13
59.88	-6.82124e-13
59.885	-6.82124e-13
59.89	-6.82124e-13
59.895	-6.82124e-13
59.9	-6.82124e-13
59.905	-6.82124e-13
59.91	-4.54751e-13
59.915	-4.54751e-13
59.92	-6.82124e-13
59.925	-6.82124e-13
59.93	-6.82124e-13
59.935	-4.54751e-13
59.94	-6.82124e-13
59.945	-4.54751e-13
59.95	-2.27375e-13
59.955	0.0
59.96	0.0
59.965	-2.27375e-13
59.97	-2.27375e-13
59.975	0.0
59.98	0.0
59.985	0.0
59.99	0.0
59.995	0.0
60.0	2.27375e-13
