pos	X
57.0	1.819e-12
57.005	1.13688e-12
57.01	1.13688e-12
57.015	4.54751e-13
57.02	4.54751e-13
57.025	1.13688e-12
57.03	6.82124e-13
57.035	1.36425e-12
57.04	1.13688e-12
57.045	6.82124e-13
57.05	9.09502e-13
57.055	1.13688e-12
57.06	6.82124e-13
57.065	9.09502e-13
57.07	6.82124e-13
57.075	6.82124e-13
57.08	1.59162e-12
57.085	6.82124e-13
57.09	1.13688e-12
57.095	6.82124e-13
57.1	4.54751e-13
57.105	2.27375e-13
57.11	4.54751e-13
57.115	1.13688e-12
57.12	1.13688e-12
57.125	1.13688e-12
57.13	6.82124e-13
57.135	1.13688e-12
57.14	6.82124e-13
57.145	9.09502e-13
57.15	2.04638e-12
57.155	6.82124e-13
57.16	9.09502e-13
57.165	6.82124e-13
57.17	1.36425e-12
57.175	2.27375e-13
57.18	1.13688e-12
57.185	1.13688e-12
57.19	9.09502e-13
57.195	4.54751e-13
57.2	9.09502e-13
57.205	1.36425e-12
57.21	9.09502e-13
57.215	4.54751e-13
57.22	6.82124e-13
57.225	1.13688e-12
57.23	9.09502e-13
57.235	9.09502e-13
57.24	1.13688e-12
57.245	1.13688e-12
57.25	1.13688e-12
57.255	4.54751e-13
57.26	4.54751e-13
57.265	1.13688e-12
57.27	9.09502e-13
57.275	9.09502e-13
57.28	9.09502e-13
57.285	2.04638e-12
57.29	1.13688e-12
57.295	0.0
57.3	4.54751e-13
57.305	4.54751e-13
57.31	1.13688e-12
57.315	1.13688e-12
57.32	1.13688e-12
57.325	1.13688e-12
57.33	1.13688e-12
57.335	9.09502e-13
57.34	9.09502e-13
57.345	6.82124e-13
57.35	6.82124e-13
57.355	0.0
57.36	2.27375e-13
57.365	1.13688e-12
57.37	1.13688e-12
57.375	-2.27375e-13
57.38	4.54751e-13
57.385	1.13688e-12
57.39	1.13688e-12
57.395	6.82124e-13
57.4	1.13688e-12
57.405	1.59162e-12
57.41	9.09502e-13
57.415	4.54751e-13
57.42	1.13688e-12
57.425	1.13688e-12
57.43	1.13688e-12
57.435	1.819e-12
57.44	1.13688e-12
57.445	1.13688e-12
57.45	6.82124e-13
57.455	2.27375e-13
57.46	9.09502e-13
57.465	1.13688e-12
57.47	9.09502e-13
57.475	1.819e-12
57.48	1.819e-12
57.485	1.36425e-12
57.49	2.04638e-12
57.495	1.36425e-12
57.5	6.82124e-13
57.505	6.82124e-13
57.51	1.13688e-12
57.515	1.13688e-12
57.52	6.82124e-13
57.525	9.09502e-13
57.53	1.13688e-12
57.535	1.59162e-12
57.54	9.09502e-13
57.545	0.0
57.55	4.54751e-13
57.555	9.09502e-13
57.56	1.13688e-12
57.565	9.09502e-13
57.57	1.13688e-12
57.575	1.13688e-12
57.58	6.82124e-13
57.585	6.82124e-13
57.59	6.82124e-13
57.595	1.36425e-12
57.6	9.09502e-13
57.605	1.13688e-12
57.61	1.819e-12
57.615	1.36425e-12
57.62	9.09502e-13
57.625	9.09502e-13
57.63	1.13688e-12
57.635	1.13688e-12
57.64	1.36425e-12
57.645	2.27375e-12
57.65	1.36425e-12
57.655	9.09502e-13
57.66	1.819e-12
57.665	1.819e-12
57.67	1.13688e-12
57.675	1.36425e-12
57.68	1.13688e-12
57.685	9.09502e-13
57.69	1.13688e-12
57.695	6.82124e-13
57.7	1.819e-12
57.705	9.09502e-13
57.71	2.27375e-13
57.715	6.82124e-13
57.72	4.54751e-13
57.725	1.13688e-12
57.73	1.13688e-12
57.735	1.13688e-12
57.74	6.82124e-13
57.745	1.13688e-12
57.75	1.36425e-12
57.755	1.13688e-12
57.76	1.13688e-12
57.765	1.819e-12
57.77	1.13688e-12
57.775	9.09502e-13
57.78	1.13688e-12
57.785	1.819e-12
57.79	4.54751e-13
57.795	1.13688e-12
57.8	4.54751e-13
57.805	9.09502e-13
57.81	1.36425e-12
57.815	4.54751e-13
57.82	4.54751e-13
57.825	6.82124e-13
57.83	1.13688e-12
57.835	1.36425e-12
57.84	1.13688e-12
57.845	4.54751e-13
57.85	4.54751e-13
57.855	4.54751e-13
57.86	2.27375e-13
57.865	2.27375e-13
57.87	6.82124e-13
57.875	1.13688e-12
57.88	6.82124e-13
57.885	1.13688e-12
57.89	1.819e-12
57.895	1.13688e-12
57.9	1.13688e-12
57.905	1.13688e-12
57.91	1.13688e-12
57.915	1.13688e-12
57.92	9.09502e-13
57.925	4.54751e-13
57.93	4.54751e-13
57.935	4.54751e-13
57.94	4.54751e-13
57.945	4.54751e-13
57.95	4.54751e-13
57.955	1.13688e-12
57.96	6.82124e-13
57.965	4.54751e-13
57.97	1.13688e-12
57.975	1.59162e-12
57.98	4.54751e-13
57.985	4.54751e-13
57.99	4.54751e-13
57.995	6.82124e-13
58.0	6.82124e-13
58.005	0.0
58.01	2.27375e-13
58.015	9.09502e-13
58.02	1.13688e-12
58.025	1.36425e-12
58.03	6.82124e-13
58.035	1.13688e-12
58.04	9.09502e-13
58.045	1.13688e-12
58.05	1.59162e-12
58.055	1.13688e-12
58.06	1.59162e-12
58.065	1.13688e-12
58.07	4.54751e-13
58.075	1.819e-12
58.08	1.819e-12
58.085	6.82124e-13
58.09	9.09502e-13
58.095	1.36425e-12
58.1	2.04638e-12
58.105	1.13688e-12
58.11	9.09502e-13
58.115	1.13688e-12
58.12	1.59162e-12
58.125	9.09502e-13
58.13	6.82124e-13
58.135	1.819e-12
58.14	9.09502e-13
58.145	6.82124e-13
58.15	4.54751e-13
58.155	4.54751e-13
58.16	1.59162e-12
58.165	1.13688e-12
58.17	9.09502e-13
58.175	1.13688e-12
58.18	1.13688e-12
58.185	1.13688e-12
58.19	1.13688e-12
58.195	1.13688e-12
58.2	1.13688e-12
58.205	9.09502e-13
58.21	1.13688e-12
58.215	2.27375e-13
58.22	9.09502e-13
58.225	4.54751e-13
58.23	1.13688e-12
58.235	1.13688e-12
58.24	1.59162e-12
58.245	1.819e-12
58.25	1.36425e-12
58.255	1.13688e-12
58.26	4.54751e-13
58.265	1.36425e-12
58.27	1.36425e-12
58.275	6.82124e-13
58.28	2.27375e-13
58.285	1.13688e-12
58.29	1.13688e-12
58.295	4.54751e-13
58.3	1.13688e-12
58.305	1.13688e-12
58.31	4.54751e-13
58.315	4.54751e-13
58.32	1.36425e-12
58.325	1.36425e-12
58.33	6.82124e-13
58.335	1.13688e-12
58.34	4.54751e-13
58.345	9.09502e-13
58.35	4.54751e-13
58.355	1.36425e-12
58.36	1.13688e-12
58.365	1.59162e-12
58.37	1.59162e-12
58.375	1.59162e-12
58.38	6.82124e-13
58.385	1.13688e-12
58.39	1.13688e-12
58.395	1.819e-12
58.4	1.59162e-12
58.405	1.59162e-12
58.41	1.59162e-12
58.415	1.13688e-12
58.42	1.13688e-12
58.425	2.50112e-12
58.43	2.04638e-12
58.435	1.819e-12
58.44	1.13688e-12
58.445	1.59162e-12
58.45	4.54751e-13
58.455	6.82124e-13
58.46	1.36425e-12
58.465	1.13688e-12
58.47	4.54751e-13
58.475	1.59162e-12
58.48	1.819e-12
58.485	9.09502e-13
58.49	1.819e-12
58.495	1.819e-12
58.5	1.13688e-12
58.505	4.54751e-13
58.51	4.54751e-13
58.515	2.27375e-13
58.52	2.27375e-13
58.525	4.54751e-13
58.53	9.09502e-13
58.535	4.54751e-13
58.54	-6.82124e-13
58.545	2.27375e-13
58.55	-6.82124e-13
58.555	-1.59162e-12
58.56	-2.04638e-12
58.565	-2.04638e-12
58.57	-2.7285e-12
58.575	-2.95587e-12
58.58	-3.63801e-12
58.585	-4.5475e-12
58.59	-5.22962e-12
58.595	-5.22962e-12
58.6	-5.457e-12
58.605	-5.68437e-12
58.61	-5.457e-12
58.615	-5.22962e-12
58.62	-5.00225e-12
58.625	-4.5475e-12
58.63	-3.63801e-12
58.635	-2.7285e-12
58.64	-2.50112e-12
58.645	-1.36425e-12
58.65	0.0
58.655	4.54751e-13
58.66	1.13688e-12
58.665	3.63801e-12
58.67	4.77487e-12
58.675	6.13912e-12
58.68	6.59386e-12
58.685	7.27601e-12
58.69	7.95813e-12
58.695	7.95813e-12
58.7	8.41288e-12
58.705	8.86763e-12
58.71	8.18551e-12
58.715	8.18551e-12
58.72	6.82124e-12
58.725	6.13912e-12
58.73	5.22962e-12
58.735	2.95587e-12
58.74	1.819e-12
58.745	4.54751e-13
58.75	-1.13688e-12
58.755	-2.50112e-12
58.76	-3.86538e-12
58.765	-4.5475e-12
58.77	-5.91174e-12
58.775	-7.04861e-12
58.78	-8.41288e-12
58.785	-8.18551e-12
58.79	-8.86763e-12
58.795	-8.86763e-12
58.8	-7.95813e-12
58.805	-7.27601e-12
58.81	-7.50339e-12
58.815	-6.59386e-12
58.82	-5.22962e-12
58.825	-3.86538e-12
58.83	-2.50112e-12
58.835	0.0
58.84	9.09502e-13
58.845	2.04638e-12
58.85	5.00225e-12
58.855	6.82124e-12
58.86	8.41288e-12
58.865	1.02319e-11
58.87	1.25056e-11
58.875	1.2733e-11
58.88	1.40972e-11
58.885	1.54615e-11
58.89	1.68258e-11
58.895	1.72805e-11
58.9	1.79626e-11
58.905	1.79626e-11
58.91	1.70531e-11
58.915	1.6371e-11
58.92	1.52341e-11
58.925	1.34151e-11
58.93	1.13687e-11
58.935	1.04592e-11
58.94	9.54975e-12
58.945	7.27601e-12
58.95	6.13912e-12
58.955	4.32013e-12
58.96	2.95587e-12
58.965	1.819e-12
58.97	6.82124e-13
58.975	4.54751e-13
58.98	6.82124e-13
58.985	6.82124e-13
58.99	1.59162e-12
58.995	2.04638e-12
59.0	3.63801e-12
59.005	4.77487e-12
59.01	6.59386e-12
59.015	8.64026e-12
59.02	1.00045e-11
59.025	1.02319e-11
59.03	1.13687e-11
59.035	1.22782e-11
59.04	1.20509e-11
59.045	1.22782e-11
59.05	1.15961e-11
59.055	8.86763e-12
59.06	7.27601e-12
59.065	4.77487e-12
59.07	1.819e-12
59.075	-2.04638e-12
59.08	-5.22962e-12
59.085	-9.32238e-12
59.09	-1.31877e-11
59.095	-1.70531e-11
59.1	-2.06911e-11
59.105	-2.45565e-11
59.11	-2.66028e-11
59.115	-3.06957e-11
59.12	-3.20599e-11
59.125	-3.16052e-11
59.13	-3.18325e-11
59.135	-3.16052e-11
59.14	-3.04683e-11
59.145	-2.81944e-11
59.15	-2.5466e-11
59.155	-2.22827e-11
59.16	-1.79626e-11
59.165	-1.4552e-11
59.17	-1.06866e-11
59.175	-6.36649e-12
59.18	-2.27375e-12
59.185	2.7285e-12
59.19	7.27601e-12
59.195	1.11414e-11
59.2	1.4552e-11
59.205	1.75079e-11
59.21	1.97816e-11
59.215	2.16006e-11
59.22	2.31922e-11
59.225	2.43291e-11
59.23	2.47838e-11
59.235	2.45565e-11
59.24	2.31922e-11
59.245	2.22827e-11
59.25	2.0009e-11
59.255	1.72805e-11
59.26	1.6371e-11
59.265	1.38698e-11
59.27	1.11414e-11
59.275	6.82124e-12
59.28	4.32013e-12
59.285	6.82124e-13
59.29	-2.27375e-12
59.295	-5.457e-12
59.3	-8.18551e-12
59.305	-1.06866e-11
59.31	-1.25056e-11
59.315	-1.47794e-11
59.32	-1.65984e-11
59.325	-1.819e-11
59.33	-1.88721e-11
59.335	-1.90995e-11
59.34	-1.88721e-11
59.345	-1.88721e-11
59.35	-1.75079e-11
59.355	-1.6371e-11
59.36	-1.59163e-11
59.365	-1.4552e-11
59.37	-1.20509e-11
59.375	-9.54975e-12
59.38	-7.27601e-12
59.385	-5.457e-12
59.39	-2.95587e-12
59.395	-1.36425e-12
59.4	6.82124e-13
59.405	2.95587e-12
59.41	5.00225e-12
59.415	7.04861e-12
59.42	7.73076e-12
59.425	9.32238e-12
59.43	1.04592e-11
59.435	1.11414e-11
59.44	1.18235e-11
59.445	1.15961e-11
59.45	1.13687e-11
59.455	1.22782e-11
59.46	1.11414e-11
59.465	1.15961e-11
59.47	1.02319e-11
59.475	9.54975e-12
59.48	9.095e-12
59.485	8.41288e-12
59.49	7.95813e-12
59.495	6.82124e-12
59.5	5.91174e-12
59.505	5.22962e-12
59.51	5.22962e-12
59.515	4.32013e-12
59.52	4.09275e-12
59.525	3.41062e-12
59.53	2.95587e-12
59.535	1.819e-12
59.54	2.50112e-12
59.545	2.7285e-12
59.55	2.27375e-12
59.555	1.36425e-12
59.56	1.59162e-12
59.565	1.819e-12
59.57	1.819e-12
59.575	1.59162e-12
59.58	1.36425e-12
59.585	2.27375e-12
59.59	2.04638e-12
59.595	2.27375e-12
59.6	2.27375e-12
59.605	2.27375e-12
59.61	2.7285e-12
59.615	3.86538e-12
59.62	4.77487e-12
59.625	5.00225e-12
59.63	5.457e-12
59.635	6.13912e-12
59.64	6.36649e-12
59.645	7.27601e-12
59.65	7.95813e-12
59.655	7.95813e-12
59.66	7.95813e-12
59.665	7.95813e-12
59.67	8.41288e-12
59.675	7.27601e-12
59.68	7.95813e-12
59.685	7.50339e-12
59.69	7.27601e-12
59.695	6.36649e-12
59.7	5.457e-12
59.705	5.00225e-12
59.71	4.09275e-12
59.715	3.63801e-12
59.72	2.27375e-12
59.725	2.95587e-12
59.73	1.819e-12
59.735	1.13688e-12
59.74	6.82124e-13
59.745	1.13688e-12
59.75	6.82124e-13
59.755	-2.27375e-13
59.76	-6.82124e-13
59.765	-9.09502e-13
59.77	-9.09502e-13
59.775	-2.04638e-12
59.78	-1.59162e-12
59.785	-2.50112e-12
59.79	-2.04638e-12
59.795	-2.27375e-12
59.8	-2.50112e-12
59.805	-2.50112e-12
59.81	-2.04638e-12
59.815	-2.04638e-12
59.82	-1.36425e-12
59.825	-1.36425e-12
59.83	-1.819e-12
59.835	-2.27375e-12
59.84	-2.27375e-12
59.845	-1.819e-12
59.85	-1.819e-12
59.855	-1.36425e-12
59.86	-1.36425e-12
59.865	-1.36425e-12
59.87	-1.13688e-12
59.875	-6.82124e-13
59.88	-9.09502e-13
59.885	-6.82124e-13
59.89	-6.82124e-13
59.895	0.0
59.9	2.27375e-13
59.905	0.0
59.91	-2.27375e-13
59.915	1.13688e-12
59.92	1.36425e-12
59.925	2.27375e-13
59.93	9.09502e-13
59.935	1.59162e-12
59.94	1.59162e-12
59.945	1.819e-12
59.95	2.27375e-12
59.955	2.95587e-12
59.96	1.819e-12
59.965	2.27375e-12
59.97	2.27375e-12
59.975	2.04638e-12
59.98	2.04638e-12
59.985	2.27375e-12
59.99	2.27375e-12
59.995	1.819e-12
60.0	1.819e-12
60.005	1.59162e-12
60.01	1.13688e-12
60.015	9.09502e-13
60.02	1.13688e-12
60.025	1.59162e-12
60.03	1.13688e-12
60.035	9.09502e-13
60.04	1.13688e-12
60.045	1.13688e-12
60.05	4.54751e-13
60.055	2.04638e-12
60.06	2.04638e-12
60.065	2.27375e-12
60.07	2.27375e-12
60.075	2.04638e-12
60.08	1.819e-12
60.085	2.27375e-12
60.09	1.819e-12
60.095	2.04638e-12
60.1	1.59162e-12
60.105	1.59162e-12
60.11	1.13688e-12
60.115	1.36425e-12
60.12	1.13688e-12
60.125	9.09502e-13
60.13	6.82124e-13
60.135	-2.27375e-13
60.14	0.0
60.145	0.0
60.15	-1.36425e-12
60.155	-1.59162e-12
60.16	-9.09502e-13
60.165	-1.36425e-12
60.17	-1.59162e-12
60.175	-2.04638e-12
60.18	-2.27375e-12
60.185	-2.04638e-12
60.19	-1.819e-12
60.195	-2.50112e-12
60.2	-1.819e-12
60.205	-1.36425e-12
60.21	-1.36425e-12
60.215	-1.59162e-12
60.22	-9.09502e-13
60.225	-1.36425e-12
60.23	-2.27375e-13
60.235	-6.82124e-13
60.24	4.54751e-13
60.245	4.54751e-13
60.25	1.59162e-12
60.255	2.04638e-12
60.26	2.04638e-12
60.265	2.04638e-12
60.27	1.36425e-12
60.275	2.27375e-12
60.28	2.27375e-12
60.285	2.95587e-12
60.29	2.27375e-12
60.295	2.7285e-12
60.3	2.95587e-12
60.305	2.50112e-12
60.31	3.63801e-12
60.315	2.95587e-12
60.32	3.41062e-12
60.325	2.95587e-12
60.33	2.95587e-12
60.335	2.95587e-12
60.34	2.50112e-12
60.345	2.50112e-12
60.35	2.50112e-12
60.355	1.819e-12
60.36	2.50112e-12
60.365	2.04638e-12
60.37	2.7285e-12
60.375	2.27375e-12
60.38	1.13688e-12
60.385	2.04638e-12
60.39	1.819e-12
60.395	1.819e-12
60.4	1.819e-12
60.405	1.36425e-12
60.41	1.819e-12
60.415	1.36425e-12
60.42	1.59162e-12
60.425	4.54751e-13
60.43	4.54751e-13
60.435	1.13688e-12
60.44	1.13688e-12
60.445	9.09502e-13
60.45	9.09502e-13
60.455	1.59162e-12
60.46	1.36425e-12
60.465	1.59162e-12
60.47	1.13688e-12
60.475	6.82124e-13
60.48	1.59162e-12
60.485	1.819e-12
60.49	1.819e-12
60.495	1.59162e-12
60.5	1.13688e-12
60.505	2.04638e-12
60.51	1.59162e-12
60.515	2.04638e-12
60.52	1.819e-12
60.525	6.82124e-13
60.53	9.09502e-13
60.535	2.27375e-13
60.54	1.59162e-12
60.545	1.59162e-12
60.55	9.09502e-13
60.555	1.36425e-12
60.56	6.82124e-13
60.565	1.13688e-12
60.57	1.36425e-12
60.575	1.13688e-12
60.58	2.27375e-12
60.585	2.50112e-12
60.59	2.50112e-12
60.595	2.27375e-12
60.6	2.27375e-12
60.605	2.27375e-12
60.61	2.50112e-12
60.615	2.7285e-12
60.62	2.27375e-12
60.625	1.819e-12
60.63	1.59162e-12
60.635	2.27375e-12
60.64	2.27375e-12
60.645	1.36425e-12
60.65	1.59162e-12
60.655	1.13688e-12
60.66	6.82124e-13
60.665	6.82124e-13
60.67	0.0
60.675	-2.27375e-13
60.68	-6.82124e-13
60.685	-9.09502e-13
60.69	-1.13688e-12
60.695	-1.36425e-12
60.7	-2.27375e-12
60.705	-2.04638e-12
60.71	-1.819e-12
60.715	-1.59162e-12
60.72	-2.04638e-12
60.725	-1.36425e-12
60.73	-1.13688e-12
60.735	-4.54751e-13
60.74	-4.54751e-13
60.745	2.27375e-13
60.75	2.27375e-13
60.755	9.09502e-13
60.76	6.82124e-13
60.765	1.13688e-12
60.77	1.819e-12
60.775	2.27375e-12
60.78	2.27375e-12
60.785	2.95587e-12
60.79	2.50112e-12
60.795	2.04638e-12
60.8	3.41062e-12
60.805	3.18325e-12
60.81	3.63801e-12
60.815	3.18325e-12
60.82	3.18325e-12
60.825	3.86538e-12
60.83	3.63801e-12
60.835	4.09275e-12
60.84	3.63801e-12
60.845	2.7285e-12
60.85	2.95587e-12
60.855	2.95587e-12
60.86	1.819e-12
60.865	2.27375e-12
60.87	2.27375e-12
60.875	2.04638e-12
60.88	1.59162e-12
60.885	1.59162e-12
60.89	1.36425e-12
60.895	1.13688e-12
60.9	1.59162e-12
60.905	1.819e-12
60.91	1.59162e-12
60.915	2.27375e-12
60.92	2.27375e-12
60.925	2.04638e-12
60.93	1.819e-12
60.935	1.819e-12
60.94	2.04638e-12
60.945	1.819e-12
60.95	2.27375e-12
60.955	1.59162e-12
60.96	1.13688e-12
60.965	1.59162e-12
60.97	2.50112e-12
60.975	1.819e-12
60.98	1.819e-12
60.985	1.59162e-12
60.99	1.13688e-12
60.995	1.819e-12
61.0	1.819e-12
61.005	1.819e-12
61.01	1.819e-12
61.015	1.59162e-12
61.02	9.09502e-13
61.025	9.09502e-13
61.03	4.54751e-13
61.035	6.82124e-13
61.04	9.09502e-13
61.045	1.59162e-12
61.05	9.09502e-13
61.055	1.13688e-12
61.06	1.819e-12
61.065	1.13688e-12
61.07	1.13688e-12
61.075	1.59162e-12
61.08	4.54751e-13
61.085	1.36425e-12
61.09	1.13688e-12
61.095	1.13688e-12
61.1	1.13688e-12
61.105	4.54751e-13
61.11	4.54751e-13
61.115	6.82124e-13
61.12	1.13688e-12
61.125	1.59162e-12
61.13	1.819e-12
61.135	1.819e-12
61.14	2.27375e-12
61.145	2.50112e-12
61.15	1.819e-12
61.155	2.27375e-12
61.16	2.7285e-12
61.165	2.95587e-12
61.17	2.50112e-12
61.175	2.95587e-12
61.18	2.95587e-12
61.185	3.18325e-12
61.19	3.18325e-12
61.195	2.95587e-12
61.2	2.95587e-12
61.205	2.50112e-12
61.21	2.95587e-12
61.215	3.18325e-12
61.22	2.95587e-12
61.225	2.7285e-12
61.23	1.819e-12
61.235	1.819e-12
61.24	2.27375e-12
61.245	1.59162e-12
61.25	1.13688e-12
61.255	4.54751e-13
61.26	6.82124e-13
61.265	0.0
61.27	0.0
61.275	-2.27375e-13
61.28	0.0
61.285	-2.27375e-13
61.29	-4.54751e-13
61.295	-9.09502e-13
61.3	-9.09502e-13
61.305	-4.54751e-13
61.31	-6.82124e-13
61.315	-2.27375e-13
61.32	-6.82124e-13
61.325	-6.82124e-13
61.33	-6.82124e-13
61.335	-4.54751e-13
61.34	2.27375e-13
61.345	-2.27375e-13
61.35	-6.82124e-13
61.355	0.0
61.36	4.54751e-13
61.365	0.0
61.37	4.54751e-13
61.375	1.13688e-12
61.38	4.54751e-13
61.385	6.82124e-13
61.39	1.36425e-12
61.395	9.09502e-13
61.4	4.54751e-13
61.405	1.819e-12
61.41	1.13688e-12
61.415	1.13688e-12
61.42	1.13688e-12
61.425	1.59162e-12
61.43	4.54751e-13
61.435	1.13688e-12
61.44	1.13688e-12
61.445	1.13688e-12
61.45	6.82124e-13
61.455	1.13688e-12
61.46	6.82124e-13
61.465	0.0
61.47	4.54751e-13
61.475	6.82124e-13
61.48	9.09502e-13
61.485	1.59162e-12
61.49	1.13688e-12
61.495	2.27375e-13
61.5	4.54751e-13
61.505	2.27375e-13
61.51	1.13688e-12
61.515	4.54751e-13
61.52	6.82124e-13
61.525	1.59162e-12
61.53	1.59162e-12
61.535	6.82124e-13
61.54	1.59162e-12
61.545	1.819e-12
61.55	9.09502e-13
61.555	2.27375e-12
61.56	2.27375e-12
61.565	1.59162e-12
61.57	2.27375e-12
61.575	2.50112e-12
61.58	1.36425e-12
61.585	2.27375e-12
61.59	2.27375e-12
61.595	2.04638e-12
61.6	1.819e-12
61.605	1.819e-12
61.61	1.819e-12
61.615	1.819e-12
61.62	1.13688e-12
61.625	1.59162e-12
61.63	9.09502e-13
61.635	4.54751e-13
61.64	0.0
61.645	4.54751e-13
61.65	6.82124e-13
61.655	4.54751e-13
61.66	-2.27375e-13
61.665	0.0
61.67	-2.27375e-13
61.675	-2.27375e-13
61.68	0.0
61.685	0.0
61.69	0.0
61.695	-2.27375e-13
61.7	2.27375e-13
61.705	4.54751e-13
61.71	2.27375e-13
61.715	4.54751e-13
61.72	6.82124e-13
61.725	1.13688e-12
61.73	1.36425e-12
61.735	1.13688e-12
61.74	2.27375e-12
61.745	1.59162e-12
61.75	1.819e-12
61.755	2.04638e-12
61.76	2.27375e-12
61.765	2.7285e-12
61.77	2.50112e-12
61.775	3.41062e-12
61.78	2.95587e-12
61.785	3.41062e-12
61.79	3.41062e-12
61.795	4.09275e-12
61.8	3.63801e-12
61.805	3.41062e-12
61.81	3.63801e-12
61.815	3.86538e-12
61.82	3.63801e-12
61.825	3.41062e-12
61.83	3.63801e-12
61.835	2.7285e-12
61.84	2.7285e-12
61.845	2.50112e-12
61.85	3.18325e-12
61.855	2.95587e-12
61.86	2.04638e-12
61.865	2.27375e-12
61.87	1.819e-12
61.875	1.819e-12
61.88	1.59162e-12
61.885	1.59162e-12
61.89	4.54751e-13
61.895	1.13688e-12
61.9	1.36425e-12
61.905	1.13688e-12
61.91	4.54751e-13
61.915	1.13688e-12
61.92	4.54751e-13
61.925	4.54751e-13
61.93	1.13688e-12
61.935	6.82124e-13
61.94	4.54751e-13
61.945	4.54751e-13
61.95	-2.27375e-13
61.955	6.82124e-13
61.96	6.82124e-13
61.965	2.27375e-13
61.97	9.09502e-13
61.975	6.82124e-13
61.98	6.82124e-13
61.985	6.82124e-13
61.99	1.13688e-12
61.995	1.36425e-12
62.0	1.13688e-12
