pos X
380.2630685258934 9.91945e-14
380.2964249354132 2.6460600000000003e-13
380.329781344933 2.6460600000000003e-13
380.36313775445285 2.6460600000000003e-13
380.39649416397265 1.8190050000000005e-13
380.42985057349244 1.8190050000000005e-13
380.4632069830123 2.6460600000000003e-13
380.49656339253204 9.91945e-14
380.5299198020519 1.6489e-14
380.56327621157175 2.6460600000000003e-13
380.5966326210915 2.6460600000000003e-13
380.62998903061134 9.91945e-14
380.6633454401312 1.6489e-14
380.69670184965094 2.6460600000000003e-13
380.7300582591708 2.6460600000000003e-13
380.76341466869064 1.8190050000000005e-13
380.79677107821044 1.819e-13
380.83012748773024 1.8190050000000005e-13
380.8634838972501 1.6489e-14
380.8968403067699 2.6460600000000003e-13
380.9301967162897 9.91945e-14
380.9635531258095 2.6460600000000003e-13
380.99690953532934 1.819e-13
381.03026594484913 1.6489e-14
381.06362235436893 1.8190050000000005e-13
381.0969787638888 2.6460600000000003e-13
381.1303351734086 1.6489e-14
381.1636915829284 1.8190050000000005e-13
381.19704799244823 2.6460600000000003e-13
381.23040440196803 9.91945e-14
381.2637608114878 1.6489e-14
381.2971172210077 9.91945e-14
381.3304736305274 2.6460600000000003e-13
381.3638300400473 1.8190050000000005e-13
381.39718644956713 1.819e-13
381.43054285908687 9.91945e-14
381.4638992686067 2.6460600000000003e-13
381.4972556781266 2.6460600000000003e-13
381.5306120876463 1.819e-13
381.5639684971662 3.473120000000001e-13
381.597324906686 1.8190050000000005e-13
381.63068131620577 3.473120000000001e-13
381.6640377257256 1.8190050000000005e-13
381.6973941352455 1.6489e-14
381.7307505447652 1.8190050000000005e-13
381.76410695428507 1.819e-13
381.79746336380487 1.8190050000000005e-13
381.8308197733247 2.6460600000000003e-13
381.8641761828445 9.91945e-14
381.8975325923643 2.6460600000000003e-13
381.93088900188417 1.8190050000000005e-13
381.96424541140397 2.6460600000000003e-13
381.99760182092376 9.91945e-14
382.0309582304436 2.6460600000000003e-13
382.0643146399634 1.819e-13
382.0976710494832 1.819e-13
382.13102745900306 1.819e-13
382.1643838685228 1.8190050000000005e-13
382.19774027804266 1.819e-13
382.2310966875625 1.8190050000000005e-13
382.26445309708225 1.8190050000000005e-13
382.2978095066021 9.91945e-14
382.33116591612196 2.6460600000000003e-13
382.3645223256417 2.6460600000000003e-13
382.39787873516156 1.8190050000000005e-13
382.4312351446814 2.6460600000000003e-13
382.46459155420115 9.91945e-14
382.497947963721 2.6460600000000003e-13
382.53130437324086 1.8190050000000005e-13
382.5646607827606 9.91945e-14
382.59801719228045 9.91945e-14
382.63137360180025 9.91945e-14
382.66473001132005 9.91945e-14
382.6980864208399 9.91945e-14
382.7314428303597 1.8190050000000005e-13
382.7647992398795 3.473120000000001e-13
382.79815564939935 1.819e-13
382.83151205891915 2.6460600000000003e-13
382.864868468439 2.6460600000000003e-13
382.8982248779588 1.819e-13
382.9315812874786 9.91945e-14
382.96493769699845 1.8190050000000005e-13
382.9982941065182 9.91945e-14
383.03165051603804 1.6489e-14
383.0650069255579 9.91945e-14
383.09836333507764 9.91945e-14
383.1317197445975 9.91945e-14
383.16507615411734 1.8190050000000005e-13
383.1984325636371 9.91945e-14
383.23178897315694 1.819e-13
383.2651453826768 1.6489e-14
383.29850179219653 3.473120000000001e-13
383.3318582017164 1.8190050000000005e-13
383.36521461123624 9.91945e-14
383.398571020756 2.6460600000000003e-13
383.43192743027583 3.473120000000001e-13
383.46528383979563 2.6460600000000003e-13
383.49864024931543 3.473120000000001e-13
383.5319966588353 9.91945e-14
383.5653530683551 9.91945e-14
383.5987094778749 0.0
383.63206588739473 0.0
383.6654222969145 2.27375e-13
383.6987787064343 2.27375e-13
383.7321351159542 0.0
383.765491525474 2.27375e-13
383.7988479349938 4.54751e-13
383.83220434451357 2.27375e-13
383.8655607540334 2.27375e-13
383.8989171635533 4.54751e-13
383.932273573073 4.54751e-13
383.9656299825929 4.54751e-13
383.9989863921127 2.27375e-13
384.03234280163247 2.27375e-13
384.0656992111523 0.0
384.0990556206722 2.27375e-13
384.1324120301919 2.27375e-13
384.16576843971177 2.27375e-13
384.1991248492316 4.54751e-13
384.23248125875136 2.27375e-13
384.2658376682712 2.27375e-13
384.299194077791 2.27375e-13
384.3325504873108 2.27375e-13
384.36590689683067 4.54751e-13
384.39926330635046 4.54751e-13
384.43261971587026 2.27375e-13
384.4659761253901 2.27375e-13
384.4993325349099 4.54751e-13
384.5326889444297 4.54751e-13
384.56604535394956 2.27375e-13
384.59940176346936 0.0
384.63275817298916 0.0
384.66611458250895 0.0
384.6994709920288 0.0
384.7328274015486 2.27375e-13
384.7661838110684 2.27375e-13
384.79954022058826 0.0
384.83289663010805 0.0
384.86625303962785 2.27375e-13
384.8996094491477 2.27375e-13
384.9329658586675 0.0
384.9663222681873 0.0
384.99967867770715 0.0
385.033035087227 0.0
385.06639149674675 0.0
385.0997479062666 0.0
385.1331043157864 0.0
385.1664607253062 0.0
385.19981713482605 0.0
385.23317354434585 0.0
385.26652995386564 0.0
385.2998863633855 0.0
385.3332427729053 0.0
385.3665991824251 2.27375e-13
385.39995559194494 2.27375e-13
385.43331200146474 0.0
385.46666841098454 2.27375e-13
385.50002482050434 2.27375e-13
385.5333812300242 2.27375e-13
385.566737639544 0.0
385.6000940490638 2.27375e-13
385.63345045858364 2.27375e-13
385.66680686810344 4.54751e-13
385.70016327762323 4.54751e-13
385.7335196871431 4.54751e-13
385.7668760966629 4.54751e-13
385.8002325061827 6.82124e-13
385.83358891570253 6.82124e-13
385.86694532522233 4.54751e-13
385.90030173474213 4.54751e-13
385.933658144262 4.54751e-13
385.9670145537818 6.82124e-13
386.0003709633016 6.82124e-13
386.03372737282143 9.09502e-13
386.06708378234123 9.09502e-13
386.100440191861 9.09502e-13
386.1337966013809 9.09502e-13
386.1671530109007 9.09502e-13
386.2005094204205 9.09502e-13
386.2338658299403 1.13688e-12
386.2672222394601 9.09502e-13
386.3005786489799 1.13688e-12
386.3339350584997 1.36425e-12
386.3672914680196 1.36425e-12
386.40064787753937 1.36425e-12
386.43400428705917 1.59162e-12
386.467360696579 1.36425e-12
386.5007171060988 1.36425e-12
386.5340735156186 1.36425e-12
386.56742992513847 1.59162e-12
386.60078633465827 1.819e-12
386.63414274417806 1.819e-12
386.6674991536979 1.59162e-12
386.7008555632177 1.36425e-12
386.7342119727375 1.36425e-12
386.76756838225737 1.59162e-12
386.80092479177716 1.36425e-12
386.83428120129696 1.13688e-12
386.8676376108168 1.13688e-12
386.9009940203366 1.13688e-12
386.9343504298564 1.13688e-12
386.96770683937626 1.36425e-12
387.00106324889606 1.13688e-12
387.03441965841586 1.13688e-12
387.0677760679357 1.13688e-12
387.1011324774555 1.13688e-12
387.1344888869753 1.13688e-12
387.1678452964951 4.54751e-13
387.20120170601496 2.27375e-13
387.23455811553475 0.0
387.26791452505455 0.0
387.3012709345744 0.0
387.3346273440942 -6.82124e-13
387.367983753614 -9.09502e-13
387.40134016313385 -1.59162e-12
387.43469657265365 -2.04638e-12
387.46805298217345 -2.27375e-12
387.5014093916933 -2.7285e-12
387.5347658012131 -3.41062e-12
387.5681222107329 -4.09275e-12
387.60147862025275 -4.77487e-12
387.63483502977255 -5.68437e-12
387.66819143929234 -6.82124e-12
387.7015478488122 -7.50339e-12
387.734904258332 -8.41288e-12
387.7682606678518 -9.54975e-12
387.80161707737165 -1.06866e-11
387.83497348689144 -1.18235e-11
387.86832989641124 -1.34151e-11
387.9016863059311 -1.4552e-11
387.9350427154509 -1.59163e-11
387.9683991249707 -1.70531e-11
388.0017555344905 -1.86448e-11
388.03511194401034 -2.0009e-11
388.06846835353014 -2.13732e-11
388.10182476304993 -2.25101e-11
388.1351811725698 -2.31922e-11
388.1685375820896 -2.38743e-11
388.2018939916094 -2.45565e-11
388.23525040112924 -2.47838e-11
388.26860681064903 -2.45565e-11
388.30196322016883 -2.43291e-11
388.3353196296887 -2.31922e-11
388.3686760392085 -2.1828e-11
388.4020324487283 -2.0009e-11
388.43538885824813 -1.75079e-11
388.46874526776793 -1.47794e-11
388.5021016772877 -1.15961e-11
388.5354580868076 -7.73076e-12
388.5688144963274 -3.63801e-12
388.6021709058472 1.13688e-12
388.635527315367 6.36649e-12
388.6688837248868 1.22782e-11
388.7022401344066 1.77353e-11
388.7355965439265 2.3647e-11
388.7689529534463 2.93314e-11
388.80230936296607 3.47884e-11
388.83566577248587 4.0018e-11
388.8690221820057 4.47928e-11
388.9023785915255 4.86582e-11
388.9357350010453 5.25235e-11
388.96909141056517 5.54794e-11
389.00244782008497 5.77531e-11
389.03580422960476 5.86629e-11
389.0691606391246 5.9345e-11
389.1025170486444 5.91176e-11
389.1358734581642 5.79805e-11
389.16922986768407 5.61615e-11
389.20258627720386 5.32057e-11
389.23594268672366 5.00224e-11
389.2692990962435 4.63845e-11
389.30265550576325 4.22917e-11
389.3360119152831 3.79716e-11
389.36936832480296 3.31968e-11
389.4027247343227 2.84218e-11
389.43608114384256 2.31922e-11
389.4694375533624 1.84174e-11
389.5027939628822 1.34151e-11
389.536150372402 8.41288e-12
389.56950678192186 3.18325e-12
389.60286319144166 -1.36425e-12
389.63621960096145 -5.91174e-12
389.66957601048125 -1.02319e-11
389.7029324200011 -1.4552e-11
389.7362888295209 -1.79626e-11
389.7696452390407 -2.16006e-11
389.80300164856055 -2.45565e-11
389.83635805808035 -2.75123e-11
389.86971446760015 -3.00135e-11
389.90307087712 -3.18325e-11
389.9364272866398 -3.34242e-11
389.9697836961596 -3.47884e-11
390.00314010567945 -3.56979e-11
390.03649651519925 -3.66074e-11
390.06985292471904 -3.70621e-11
390.1032093342389 -3.72895e-11
390.13656574375864 -3.68348e-11
390.1699221532785 -3.56979e-11
390.20327856279835 -3.50158e-11
390.2366349723181 -3.36515e-11
390.26999138183794 -3.20599e-11
390.3033477913578 -3.00135e-11
390.33670420087753 -2.81944e-11
390.3700606103974 -2.56933e-11
390.40341701991724 -2.31922e-11
390.436773429437 -2.06911e-11
390.47012983895684 -1.77353e-11
390.50348624847663 -1.50068e-11
390.5368426579965 -1.20509e-11
390.5701990675163 -9.54975e-12
390.6035554770361 -7.04861e-12
390.63691188655594 -4.5475e-12
390.67026829607573 -2.04638e-12
390.70362470559553 4.54751e-13
390.7369811151154 2.50112e-12
390.7703375246352 4.32013e-12
390.803693934155 5.457e-12
390.83705034367483 7.04861e-12
390.87040675319463 8.41288e-12
390.9037631627144 9.32238e-12
390.9371195722343 1.02319e-11
390.970475981754 1.0914e-11
391.0038323912739 1.11414e-11
391.03718880079373 1.13687e-11
391.07054521031347 1.11414e-11
391.1039016198333 1.11414e-11
391.1372580293532 1.0914e-11
391.1706144388729 1.04592e-11
391.20397084839277 9.77712e-12
391.2373272579126 9.095e-12
391.27068366743237 8.41288e-12
391.3040400769522 7.73076e-12
391.337396486472 7.04861e-12
391.3707528959918 6.13912e-12
391.40410930551167 5.00225e-12
391.43746571503146 4.32013e-12
391.47082212455126 3.63801e-12
391.5041785340711 2.7285e-12
391.5375349435909 2.04638e-12
391.57089135311077 1.36425e-12
391.60424776263056 6.82124e-13
391.63760417215036 0.0
391.6709605816702 -6.82124e-13
391.70431699119 -1.13688e-12
391.7376734007098 -1.59162e-12
391.77102981022966 -2.04638e-12
391.8043862197494 -2.04638e-12
391.83774262926926 -2.27375e-12
391.8710990387891 -2.50112e-12
391.90445544830885 -2.7285e-12
391.9378118578287 -2.7285e-12
391.97116826734856 -2.95587e-12
392.0045246768683 -2.7285e-12
392.03788108638815 -2.95587e-12
392.071237495908 -2.7285e-12
392.10459390542775 -2.50112e-12
392.1379503149476 -2.50112e-12
392.1713067244674 -2.50112e-12
392.2046631339872 -2.27375e-12
392.23801954350705 -2.04638e-12
392.27137595302685 -2.04638e-12
392.30473236254664 -2.04638e-12
392.3380887720665 -1.59162e-12
392.3714451815863 -1.36425e-12
392.4048015911061 -1.13688e-12
392.43815800062595 -6.82124e-13
392.47151441014574 -6.82124e-13
392.50487081966554 -4.54751e-13
392.5382272291854 -4.54751e-13
392.5715836387052 -2.27375e-13
392.604940048225 0.0
392.6382964577448 0.0
392.67165286726464 0.0
392.7050092767845 -2.27375e-13
392.73836568630423 -2.27375e-13
392.7717220958241 0.0
392.80507850534394 0.0
392.8384349148637 0.0
392.87179132438354 -2.27375e-13
392.9051477339034 0.0
392.93850414342313 0.0
392.971860552943 0.0
393.0052169624628 -4.54751e-13
393.0385733719826 -4.54751e-13
393.07192978150243 -6.82124e-13
393.10528619102223 -4.54751e-13
393.138642600542 -4.54751e-13
393.1719990100619 -6.82124e-13
393.2053554195817 -6.82124e-13
393.2387118291015 -6.82124e-13
393.27206823862133 -6.82124e-13
393.3054246481411 -6.82124e-13
393.3387810576609 -6.82124e-13
393.3721374671808 -6.82124e-13
393.4054938767006 -4.54751e-13
393.4388502862204 -4.54751e-13
393.47220669574017 -4.54751e-13
393.50556310526 0.0
393.5389195147798 2.27375e-13
393.5722759242996 2.27375e-13
393.60563233381947 2.27375e-13
393.63898874333927 2.27375e-13
393.67234515285907 2.27375e-13
393.7057015623789 2.27375e-13
393.7390579718988 4.54751e-13
393.7724143814185 6.82124e-13
393.80577079093837 6.82124e-13
393.83912720045817 6.82124e-13
393.87248360997796 6.82124e-13
393.9058400194978 9.09502e-13
393.9391964290176 9.09502e-13
393.9725528385374 9.09502e-13
394.00590924805726 1.13688e-12
394.03926565757706 1.13688e-12
394.07262206709686 1.13688e-12
394.1059784766167 1.13688e-12
394.1393348861365 1.13688e-12
394.1726912956563 1.13688e-12
394.20604770517616 1.13688e-12
394.23940411469596 1.13688e-12
394.27276052421576 1.13688e-12
394.30611693373555 1.13688e-12
394.3394733432554 9.09502e-13
394.3728297527752 1.13688e-12
394.406186162295 1.13688e-12
394.43954257181485 1.13688e-12
394.47289898133465 9.09502e-13
394.50625539085445 6.82124e-13
394.5396118003743 6.82124e-13
394.5729682098941 9.09502e-13
394.6063246194139 6.82124e-13
394.63968102893375 9.09502e-13
394.67303743845355 9.09502e-13
394.70639384797335 9.09502e-13
394.7397502574932 1.13688e-12
394.773106667013 1.13688e-12
394.8064630765328 1.13688e-12
394.83981948605265 1.36425e-12
394.87317589557244 1.36425e-12
394.90653230509224 1.13688e-12
394.9398887146121 9.09502e-13
394.9732451241319 1.13688e-12
395.0066015336517 1.13688e-12
395.03995794317154 1.13688e-12
395.07331435269134 1.13688e-12
395.10667076221114 1.13688e-12
395.14002717173094 1.13688e-12
395.1733835812508 1.13688e-12
395.2067399907706 1.13688e-12
395.2400964002904 1.13688e-12
395.27345280981024 1.36425e-12
395.30680921933003 1.13688e-12
395.34016562884983 1.13688e-12
395.3735220383697 1.13688e-12
395.4068784478895 1.13688e-12
395.4402348574093 1.13688e-12
395.47359126692913 1.13688e-12
395.50694767644893 1.13688e-12
395.5403040859687 1.13688e-12
395.5736604954886 1.13688e-12
395.6070169050084 9.09502e-13
395.6403733145282 9.09502e-13
395.67372972404803 9.09502e-13
395.7070861335678 9.09502e-13
395.7404425430876 6.82124e-13
395.7737989526075 4.54751e-13
395.8071553621273 6.82124e-13
395.8405117716471 4.54751e-13
395.8738681811669 4.54751e-13
395.9072245906867 4.54751e-13
395.9405810002065 6.82124e-13
395.9739374097263 6.82124e-13
396.0072938192462 6.82124e-13
396.04065022876597 4.54751e-13
396.07400663828577 4.54751e-13
396.1073630478056 2.27375e-13
396.1407194573254 2.27375e-13
396.1740758668452 4.54751e-13
396.20743227636507 4.54751e-13
396.24078868588487 4.54751e-13
396.27414509540466 4.54751e-13
396.3075015049245 4.54751e-13
396.3408579144443 4.54751e-13
396.3742143239641 4.54751e-13
396.40757073348396 2.27375e-13
396.44092714300376 4.54751e-13
396.47428355252356 4.54751e-13
396.5076399620434 4.54751e-13
396.5409963715632 4.54751e-13
396.574352781083 4.54751e-13
396.60770919060286 4.54751e-13
396.64106560012266 2.27375e-13
396.67442200964246 4.54751e-13
396.7077784191623 4.54751e-13
396.7411348286821 4.54751e-13
396.7744912382019 2.27375e-13
396.8078476477217 2.27375e-13
396.84120405724155 2.27375e-13
396.87456046676135 2.27375e-13
396.90791687628115 4.54751e-13
396.941273285801 4.54751e-13
396.9746296953208 4.54751e-13
397.0079861048406 4.54751e-13
397.04134251436045 4.54751e-13
397.07469892388025 4.54751e-13
397.10805533340005 4.54751e-13
397.1414117429199 6.82124e-13
397.1747681524397 9.09502e-13
397.2081245619595 6.82124e-13
397.24148097147935 4.54751e-13
397.27483738099914 4.54751e-13
397.30819379051894 6.82124e-13
397.3415502000388 4.54751e-13
397.3749066095586 6.82124e-13
397.4082630190784 6.82124e-13
397.44161942859824 4.54751e-13
397.47497583811804 4.54751e-13
397.50833224763784 4.54751e-13
397.5416886571577 4.54751e-13
397.5750450666775 4.54751e-13
397.6084014761973 6.82124e-13
397.6417578857171 6.82124e-13
397.67511429523694 4.54751e-13
397.70847070475673 4.54751e-13
397.74182711427653 4.54751e-13
397.7751835237964 4.54751e-13
397.8085399333162 4.54751e-13
397.841896342836 2.27375e-13
397.87525275235583 2.27375e-13
397.90860916187563 2.27375e-13
397.94196557139543 4.54751e-13
397.9753219809153 4.54751e-13
398.008678390435 4.54751e-13
398.0420347999549 2.27375e-13
398.07539120947473 2.27375e-13
398.10874761899447 0.0
398.1421040285143 4.54751e-13
398.1754604380342 4.54751e-13
398.208816847554 2.27375e-13
398.2421732570738 2.27375e-13
398.2755296665936 2.27375e-13
398.3088860761134 4.54751e-13
398.3422424856332 4.54751e-13
398.3755988951531 4.54751e-13
398.4089553046729 4.54751e-13
398.44231171419267 4.54751e-13
398.47566812371247 4.54751e-13
398.5090245332323 2.27375e-13
398.5423809427521 2.27375e-13
398.5757373522719 2.27375e-13
398.60909376179177 2.27375e-13
398.64245017131157 4.54751e-13
398.67580658083136 4.54751e-13
398.7091629903512 2.27375e-13
398.742519399871 2.27375e-13
398.7758758093908 0.0
398.80923221891067 4.54751e-13
398.8425886284304 4.54751e-13
398.87594503795026 2.27375e-13
398.9093014474701 2.27375e-13
398.94265785698985 0.0
398.9760142665097 2.27375e-13
399.00937067602956 2.27375e-13
399.0427270855493 0.0
399.07608349506916 0.0
399.109439904589 0.0
399.14279631410875 2.27375e-13
399.1761527236286 2.27375e-13
399.20950913314846 0.0
399.24286554266826 0.0
399.27622195218805 0.0
399.30957836170785 0.0
399.3429347712277 0.0
399.3762911807475 0.0
399.4096475902673 -2.27375e-13
399.44300399978715 -2.27375e-13
399.47636040930695 0.0
399.50971681882675 0.0
399.5430732283466 -2.27375e-13
399.5764296378664 -6.82124e-13
399.6097860473862 -4.54751e-13
399.64314245690605 -6.82124e-13
399.6764988664258 -6.82124e-13
399.70985527594564 -9.09502e-13
399.7432116854655 -9.09502e-13
399.77656809498524 -9.09502e-13
399.8099245045051 -9.09502e-13
399.84328091402494 -9.09502e-13
399.8766373235447 -9.09502e-13
399.90999373306454 -9.09502e-13
399.9433501425844 -9.09502e-13
399.97670655210413 -9.09502e-13
400.010062961624 -9.09502e-13
400.04341937114384 -9.09502e-13
400.0767757806636 -9.09502e-13
400.11013219018344 -1.13688e-12
400.14348859970323 -1.13688e-12
400.17684500922303 -1.13688e-12
400.2102014187429 -1.13688e-12
400.2435578282627 -9.09502e-13
400.27691423778253 -9.09502e-13
400.31027064730233 -9.09502e-13
400.34362705682213 -1.13688e-12
400.376983466342 -9.09502e-13
400.4103398758618 -6.82124e-13
400.4436962853816 -6.82124e-13
400.47705269490143 -6.82124e-13
400.51040910442117 -4.54751e-13
400.543765513941 -4.54751e-13
400.5771219234609 -6.82124e-13
400.6104783329806 -2.27375e-13
400.6438347425005 -2.27375e-13
400.6771911520203 -2.27375e-13
400.71054756154007 -2.27375e-13
400.7439039710599 -2.27375e-13
400.7772603805798 -2.27375e-13
400.8106167900995 0.0
400.84397319961937 0.0
400.8773296091392 0.0
400.91068601865896 0.0
400.9440424281788 2.27375e-13
400.9773988376986 0.0
401.0107552472184 2.27375e-13
401.04411165673827 2.27375e-13
401.07746806625806 0.0
401.11082447577786 0.0
401.1441808852977 2.27375e-13
401.1775372948175 4.54751e-13
401.2108937043373 4.54751e-13
401.24425011385716 2.27375e-13
401.27760652337696 2.27375e-13
401.31096293289676 2.27375e-13
401.34431934241655 2.27375e-13
401.3776757519364 2.27375e-13
401.41103216145626 2.27375e-13
401.444388570976 0.0
401.47774498049586 0.0
401.5111013900157 0.0
401.54445779953545 0.0
401.5778142090553 2.27375e-13
401.61117061857516 4.54751e-13
401.6445270280949 4.54751e-13
401.67788343761475 4.54751e-13
401.7112398471346 4.54751e-13
401.74459625665435 2.27375e-13
401.7779526661742 4.54751e-13
401.811309075694 4.54751e-13
401.8446654852138 4.54751e-13
401.87802189473365 4.54751e-13
401.91137830425345 4.54751e-13
401.94473471377324 2.27375e-13
401.9780911232931 4.54751e-13
402.0114475328129 2.27375e-13
402.0448039423327 4.54751e-13
402.07816035185255 2.27375e-13
402.11151676137234 2.27375e-13
402.14487317089214 2.27375e-13
402.17822958041194 2.27375e-13
402.2115859899318 2.27375e-13
402.2449423994516 4.54751e-13
402.2782988089714 4.54751e-13
402.31165521849124 4.54751e-13
402.34501162801104 4.54751e-13
402.37836803753083 4.54751e-13
402.4117244470507 4.54751e-13
402.44508085657054 4.54751e-13
402.4784372660903 4.54751e-13
402.51179367561014 6.82124e-13
402.54515008513 9.09502e-13
402.57850649464973 9.09502e-13
402.6118629041696 9.09502e-13
402.6452193136894 9.09502e-13
402.6785757232092 1.13688e-12
402.71193213272903 1.13688e-12
402.74528854224883 1.13688e-12
402.7786449517686 1.13688e-12
402.8120013612885 1.59162e-12
402.8453577708083 1.59162e-12
402.8787141803281 1.819e-12
402.91207058984793 1.819e-12
402.9454269993677 1.819e-12
402.9787834088875 1.819e-12
403.0121398184073 2.04638e-12
403.0454962279272 2.50112e-12
403.07885263744697 2.95587e-12
403.11220904696677 2.95587e-12
403.1455654564866 2.95587e-12
403.1789218660064 3.18325e-12
403.2122782755262 3.41062e-12
403.24563468504607 3.63801e-12
403.27899109456587 3.63801e-12
403.31234750408566 3.63801e-12
403.3457039136055 3.86538e-12
403.3790603231253 4.09275e-12
403.4124167326451 4.09275e-12
403.44577314216497 4.32013e-12
403.47912955168476 4.32013e-12
403.51248596120456 4.32013e-12
403.5458423707244 4.32013e-12
403.5791987802442 4.32013e-12
403.612555189764 4.09275e-12
