pos	X
57.0	-2.27375e-13
57.005	-4.54751e-13
57.01	0.0
57.015	0.0
57.02	0.0
57.025	0.0
57.03	2.27375e-13
57.035	2.27375e-13
57.04	0.0
57.045	2.27375e-13
57.05	2.27375e-13
57.055	2.27375e-13
57.06	0.0
57.065	0.0
57.07	2.27375e-13
57.075	0.0
57.08	0.0
57.085	0.0
57.09	0.0
57.095	0.0
57.1	0.0
57.105	0.0
57.11	-2.27375e-13
57.115	0.0
57.12	0.0
57.125	2.27375e-13
57.13	0.0
57.135	0.0
57.14	2.27375e-13
57.145	2.27375e-13
57.15	2.27375e-13
57.155	4.54751e-13
57.16	4.54751e-13
57.165	4.54751e-13
57.17	4.54751e-13
57.175	2.27375e-13
57.18	-2.27375e-13
57.185	-2.27375e-13
57.19	-2.27375e-13
57.195	-4.54751e-13
57.2	-4.54751e-13
57.205	-2.27375e-13
57.21	0.0
57.215	0.0
57.22	-2.27375e-13
57.225	-2.27375e-13
57.23	0.0
57.235	0.0
57.24	0.0
57.245	0.0
57.25	0.0
57.255	0.0
57.26	0.0
57.265	0.0
57.27	0.0
57.275	2.27375e-13
57.28	4.54751e-13
57.285	4.54751e-13
57.29	2.27375e-13
57.295	0.0
57.3	2.27375e-13
57.305	2.27375e-13
57.31	2.27375e-13
57.315	0.0
57.32	2.27375e-13
57.325	2.27375e-13
57.33	0.0
57.335	0.0
57.34	0.0
57.345	0.0
57.35	4.54751e-13
57.355	0.0
57.36	2.27375e-13
57.365	0.0
57.37	0.0
57.375	0.0
57.38	0.0
57.385	0.0
57.39	0.0
57.395	0.0
57.4	0.0
57.405	2.27375e-13
57.41	2.27375e-13
57.415	2.27375e-13
57.42	2.27375e-13
57.425	2.27375e-13
57.43	4.54751e-13
57.435	0.0
57.44	2.27375e-13
57.445	2.27375e-13
57.45	2.27375e-13
57.455	0.0
57.46	2.27375e-13
57.465	2.27375e-13
57.47	2.27375e-13
57.475	4.54751e-13
57.48	4.54751e-13
57.485	6.82124e-13
57.49	4.54751e-13
57.495	4.54751e-13
57.5	6.82124e-13
57.505	4.54751e-13
57.51	6.82124e-13
57.515	4.54751e-13
57.52	4.54751e-13
57.525	4.54751e-13
57.53	4.54751e-13
57.535	4.54751e-13
57.54	4.54751e-13
57.545	6.82124e-13
57.55	9.09502e-13
57.555	9.09502e-13
57.56	6.82124e-13
57.565	6.82124e-13
57.57	6.82124e-13
57.575	9.09502e-13
57.58	9.09502e-13
57.585	6.82124e-13
57.59	1.13688e-12
57.595	1.13688e-12
57.6	6.82124e-13
57.605	4.54751e-13
57.61	4.54751e-13
57.615	6.82124e-13
57.62	6.82124e-13
57.625	1.13688e-12
57.63	1.13688e-12
57.635	1.13688e-12
57.64	1.13688e-12
57.645	1.13688e-12
57.65	1.13688e-12
57.655	9.09502e-13
57.66	1.13688e-12
57.665	1.13688e-12
57.67	9.09502e-13
57.675	6.82124e-13
57.68	9.09502e-13
57.685	6.82124e-13
57.69	6.82124e-13
57.695	9.09502e-13
57.7	1.13688e-12
57.705	1.13688e-12
57.71	1.13688e-12
57.715	6.82124e-13
57.72	6.82124e-13
57.725	9.09502e-13
57.73	9.09502e-13
57.735	4.54751e-13
57.74	0.0
57.745	0.0
57.75	0.0
57.755	-2.27375e-13
57.76	-6.82124e-13
57.765	-9.09502e-13
57.77	-1.13688e-12
57.775	-1.819e-12
57.78	-2.50112e-12
57.785	-3.18325e-12
57.79	-3.41062e-12
57.795	-4.09275e-12
57.8	-4.77487e-12
57.805	-5.22962e-12
57.81	-5.68437e-12
57.815	-6.59386e-12
57.82	-7.50339e-12
57.825	-8.86763e-12
57.83	-9.54975e-12
57.835	-1.06866e-11
57.84	-1.15961e-11
57.845	-1.25056e-11
57.85	-1.29604e-11
57.855	-1.36425e-11
57.86	-1.4552e-11
57.865	-1.54615e-11
57.87	-1.59163e-11
57.875	-1.52341e-11
57.88	-1.52341e-11
57.885	-1.50068e-11
57.89	-1.40972e-11
57.895	-1.31877e-11
57.9	-1.20509e-11
57.905	-1.04592e-11
57.91	-8.64026e-12
57.915	-5.68437e-12
57.92	-3.41062e-12
57.925	0.0
57.93	2.95587e-12
57.935	6.82124e-12
57.94	1.04592e-11
57.945	1.4552e-11
57.95	1.86448e-11
57.955	2.27375e-11
57.96	2.47838e-11
57.965	2.86492e-11
57.97	3.20599e-11
57.975	3.50158e-11
57.98	3.72895e-11
57.985	3.8199e-11
57.99	3.86537e-11
57.995	3.88811e-11
58.0	3.84264e-11
58.005	3.72895e-11
58.01	3.56979e-11
58.015	3.29694e-11
58.02	2.97862e-11
58.025	2.61481e-11
58.03	2.25101e-11
58.035	1.819e-11
58.04	1.4552e-11
58.045	1.06866e-11
58.05	6.59386e-12
58.055	2.50112e-12
58.06	-1.36425e-12
58.065	-5.00225e-12
58.07	-8.86763e-12
58.075	-1.13687e-11
58.08	-1.38698e-11
58.085	-1.59163e-11
58.09	-1.84174e-11
58.095	-2.06911e-11
58.1	-2.20554e-11
58.105	-2.3647e-11
58.11	-2.41017e-11
58.115	-2.45565e-11
58.12	-2.45565e-11
58.125	-2.41017e-11
58.13	-2.3647e-11
58.135	-2.29649e-11
58.14	-2.20554e-11
58.145	-2.09185e-11
58.15	-2.0009e-11
58.155	-1.819e-11
58.16	-1.65984e-11
58.165	-1.47794e-11
58.17	-1.31877e-11
58.175	-1.11414e-11
58.18	-9.54975e-12
58.185	-7.27601e-12
58.19	-5.457e-12
58.195	-3.18325e-12
58.2	-1.36425e-12
58.205	4.54751e-13
58.21	2.04638e-12
58.215	3.63801e-12
58.22	4.77487e-12
58.225	6.13912e-12
58.23	7.27601e-12
58.235	8.18551e-12
58.24	9.095e-12
58.245	9.54975e-12
58.25	1.02319e-11
58.255	1.04592e-11
58.26	1.04592e-11
58.265	1.00045e-11
58.27	9.77712e-12
58.275	9.32238e-12
58.28	8.64026e-12
58.285	7.95813e-12
58.29	7.50339e-12
58.295	6.82124e-12
58.3	5.68437e-12
58.305	4.5475e-12
58.31	3.63801e-12
58.315	2.50112e-12
58.32	1.819e-12
58.325	1.13688e-12
58.33	0.0
58.335	-9.09502e-13
58.34	-1.36425e-12
58.345	-2.04638e-12
58.35	-2.50112e-12
58.355	-2.95587e-12
58.36	-3.18325e-12
58.365	-3.86538e-12
58.37	-4.32013e-12
58.375	-3.86538e-12
58.38	-4.09275e-12
58.385	-3.86538e-12
58.39	-4.09275e-12
58.395	-4.09275e-12
58.4	-4.09275e-12
58.405	-3.86538e-12
58.41	-3.41062e-12
58.415	-2.7285e-12
58.42	-2.50112e-12
58.425	-2.50112e-12
58.43	-2.04638e-12
58.435	-1.819e-12
58.44	-1.36425e-12
58.445	-6.82124e-13
58.45	-4.54751e-13
58.455	0.0
58.46	0.0
58.465	2.27375e-13
58.47	6.82124e-13
58.475	6.82124e-13
58.48	9.09502e-13
58.485	9.09502e-13
58.49	9.09502e-13
58.495	9.09502e-13
58.5	9.09502e-13
58.505	9.09502e-13
58.51	1.13688e-12
58.515	1.13688e-12
58.52	1.13688e-12
58.525	6.82124e-13
58.53	4.54751e-13
58.535	1.13688e-12
58.54	1.13688e-12
58.545	1.13688e-12
58.55	1.13688e-12
58.555	9.09502e-13
58.56	4.54751e-13
58.565	2.27375e-13
58.57	2.27375e-13
58.575	2.27375e-13
58.58	4.54751e-13
58.585	4.54751e-13
58.59	4.54751e-13
58.595	4.54751e-13
58.6	4.54751e-13
58.605	2.27375e-13
58.61	2.27375e-13
58.615	4.54751e-13
58.62	4.54751e-13
58.625	4.54751e-13
58.63	0.0
58.635	2.27375e-13
58.64	0.0
58.645	2.27375e-13
58.65	0.0
58.655	2.27375e-13
58.66	4.54751e-13
58.665	4.54751e-13
58.67	4.54751e-13
58.675	4.54751e-13
58.68	4.54751e-13
58.685	6.82124e-13
58.69	6.82124e-13
58.695	4.54751e-13
58.7	2.27375e-13
58.705	4.54751e-13
58.71	2.27375e-13
58.715	4.54751e-13
58.72	6.82124e-13
58.725	4.54751e-13
58.73	6.82124e-13
58.735	6.82124e-13
58.74	6.82124e-13
58.745	6.82124e-13
58.75	4.54751e-13
58.755	0.0
58.76	0.0
58.765	0.0
58.77	0.0
58.775	0.0
58.78	0.0
58.785	0.0
58.79	2.27375e-13
58.795	4.54751e-13
58.8	2.27375e-13
58.805	0.0
58.81	0.0
58.815	0.0
58.82	-2.27375e-13
58.825	-2.27375e-13
58.83	0.0
58.835	0.0
58.84	-2.27375e-13
58.845	-2.27375e-13
58.85	0.0
58.855	2.27375e-13
58.86	2.27375e-13
58.865	0.0
58.87	0.0
58.875	0.0
58.88	2.27375e-13
58.885	2.27375e-13
58.89	4.54751e-13
58.895	6.82124e-13
58.9	4.54751e-13
58.905	4.54751e-13
58.91	4.54751e-13
58.915	0.0
58.92	0.0
58.925	0.0
58.93	0.0
58.935	2.27375e-13
58.94	2.27375e-13
58.945	2.27375e-13
58.95	2.27375e-13
58.955	4.54751e-13
58.96	4.54751e-13
58.965	2.27375e-13
58.97	2.27375e-13
58.975	2.27375e-13
58.98	4.54751e-13
58.985	2.27375e-13
58.99	2.27375e-13
58.995	4.54751e-13
59.0	2.27375e-13
59.005	0.0
59.01	-4.54751e-13
59.015	-2.27375e-13
59.02	-2.27375e-13
59.025	-4.54751e-13
59.03	-4.54751e-13
59.035	-4.54751e-13
59.04	0.0
59.045	0.0
59.05	2.27375e-13
59.055	0.0
59.06	-2.27375e-13
59.065	-4.54751e-13
59.07	0.0
59.075	0.0
59.08	0.0
59.085	0.0
59.09	0.0
59.095	2.27375e-13
59.1	4.54751e-13
59.105	6.82124e-13
59.11	9.09502e-13
59.115	9.09502e-13
59.12	1.13688e-12
59.125	1.13688e-12
59.13	1.13688e-12
59.135	1.13688e-12
59.14	1.13688e-12
59.145	1.13688e-12
59.15	1.819e-12
59.155	2.27375e-12
59.16	2.27375e-12
59.165	2.50112e-12
59.17	2.7285e-12
59.175	2.7285e-12
59.18	3.41062e-12
59.185	3.63801e-12
59.19	3.63801e-12
59.195	3.63801e-12
59.2	4.09275e-12
59.205	4.32013e-12
59.21	4.77487e-12
59.215	4.5475e-12
59.22	4.5475e-12
59.225	4.77487e-12
59.23	5.00225e-12
59.235	4.5475e-12
59.24	4.5475e-12
59.245	4.5475e-12
59.25	4.32013e-12
59.255	4.09275e-12
59.26	3.63801e-12
59.265	3.18325e-12
59.27	2.7285e-12
59.275	1.819e-12
59.28	9.09502e-13
59.285	0.0
59.29	-6.82124e-13
59.295	-1.819e-12
59.3	-2.95587e-12
59.305	-4.09275e-12
59.31	-5.00225e-12
59.315	-5.68437e-12
59.32	-6.36649e-12
59.325	-7.50339e-12
59.33	-8.18551e-12
59.335	-9.095e-12
59.34	-9.54975e-12
59.345	-1.04592e-11
59.35	-1.06866e-11
59.355	-1.0914e-11
59.36	-1.0914e-11
59.365	-1.06866e-11
59.37	-1.06866e-11
59.375	-1.00045e-11
59.38	-9.54975e-12
59.385	-8.64026e-12
59.39	-8.18551e-12
59.395	-7.27601e-12
59.4	-6.36649e-12
59.405	-5.457e-12
59.41	-4.32013e-12
59.415	-2.95587e-12
59.42	-2.04638e-12
59.425	-6.82124e-13
59.43	0.0
59.435	1.13688e-12
59.44	2.27375e-12
59.445	3.41062e-12
59.45	4.32013e-12
59.455	4.77487e-12
59.46	5.457e-12
59.465	5.91174e-12
59.47	6.13912e-12
59.475	6.82124e-12
59.48	7.27601e-12
59.485	7.73076e-12
59.49	7.27601e-12
59.495	7.27601e-12
59.5	7.04861e-12
59.505	7.04861e-12
59.51	6.82124e-12
59.515	6.36649e-12
59.52	6.13912e-12
59.525	5.68437e-12
59.53	5.457e-12
59.535	4.77487e-12
59.54	3.86538e-12
59.545	3.41062e-12
59.55	2.95587e-12
59.555	2.7285e-12
59.56	2.50112e-12
59.565	2.27375e-12
59.57	1.36425e-12
59.575	9.09502e-13
59.58	4.54751e-13
59.585	0.0
59.59	-6.82124e-13
59.595	-6.82124e-13
59.6	-1.36425e-12
59.605	-2.04638e-12
59.61	-2.50112e-12
59.615	-2.7285e-12
59.62	-2.7285e-12
59.625	-2.95587e-12
59.63	-2.95587e-12
59.635	-2.7285e-12
59.64	-2.50112e-12
59.645	-2.50112e-12
59.65	-2.04638e-12
59.655	-2.04638e-12
59.66	-1.819e-12
59.665	-1.59162e-12
59.67	-1.36425e-12
59.675	-1.13688e-12
59.68	-9.09502e-13
59.685	-1.13688e-12
59.69	-6.82124e-13
59.695	-4.54751e-13
59.7	-4.54751e-13
59.705	0.0
59.71	6.82124e-13
59.715	9.09502e-13
59.72	9.09502e-13
59.725	1.13688e-12
59.73	1.13688e-12
59.735	1.36425e-12
59.74	1.36425e-12
59.745	1.819e-12
59.75	1.819e-12
59.755	1.819e-12
59.76	1.819e-12
59.765	1.36425e-12
59.77	1.13688e-12
59.775	1.59162e-12
59.78	1.59162e-12
59.785	1.59162e-12
59.79	1.819e-12
59.795	1.819e-12
59.8	1.36425e-12
59.805	1.13688e-12
59.81	9.09502e-13
59.815	1.13688e-12
59.82	1.13688e-12
59.825	9.09502e-13
59.83	6.82124e-13
59.835	6.82124e-13
59.84	4.54751e-13
59.845	4.54751e-13
59.85	6.82124e-13
59.855	6.82124e-13
59.86	4.54751e-13
59.865	2.27375e-13
59.87	0.0
59.875	0.0
59.88	2.27375e-13
59.885	0.0
59.89	0.0
59.895	0.0
59.9	0.0
59.905	0.0
59.91	0.0
59.915	-2.27375e-13
59.92	-4.54751e-13
59.925	-4.54751e-13
59.93	-4.54751e-13
59.935	-2.27375e-13
59.94	0.0
59.945	0.0
59.95	0.0
59.955	2.27375e-13
59.96	-2.27375e-13
59.965	-2.27375e-13
59.97	0.0
59.975	0.0
59.98	0.0
59.985	-2.27375e-13
59.99	-4.54751e-13
59.995	-4.54751e-13
60.0	-2.27375e-13
