pos	X
57.0	-1.36425e-12
57.005	-1.36425e-12
57.01	-1.36425e-12
57.015	-1.36425e-12
57.02	-1.36425e-12
57.025	-1.36425e-12
57.03	-1.36425e-12
57.035	-1.36425e-12
57.04	-1.13688e-12
57.045	-1.13688e-12
57.05	-1.13688e-12
57.055	-1.36425e-12
57.06	-1.36425e-12
57.065	-1.13688e-12
57.07	-1.13688e-12
57.075	-1.13688e-12
57.08	-1.13688e-12
57.085	-1.13688e-12
57.09	-9.09502e-13
57.095	-9.09502e-13
57.1	-6.82124e-13
57.105	-9.09502e-13
57.11	-1.13688e-12
57.115	-9.09502e-13
57.12	-1.36425e-12
57.125	-1.36425e-12
57.13	-1.36425e-12
57.135	-1.13688e-12
57.14	-1.13688e-12
57.145	-9.09502e-13
57.15	-9.09502e-13
57.155	-1.13688e-12
57.16	-1.36425e-12
57.165	-1.36425e-12
57.17	-1.36425e-12
57.175	-1.13688e-12
57.18	-1.13688e-12
57.185	-9.09502e-13
57.19	-9.09502e-13
57.195	-1.13688e-12
57.2	-1.13688e-12
57.205	-1.13688e-12
57.21	-1.13688e-12
57.215	-1.13688e-12
57.22	-1.13688e-12
57.225	-1.36425e-12
57.23	-1.36425e-12
57.235	-1.13688e-12
57.24	-9.09502e-13
57.245	-9.09502e-13
57.25	-9.09502e-13
57.255	-1.13688e-12
57.26	-1.36425e-12
57.265	-1.36425e-12
57.27	-1.13688e-12
57.275	-9.09502e-13
57.28	-6.82124e-13
57.285	-6.82124e-13
57.29	-6.82124e-13
57.295	-6.82124e-13
57.3	-6.82124e-13
57.305	-6.82124e-13
57.31	-6.82124e-13
57.315	-6.82124e-13
57.32	-6.82124e-13
57.325	-6.82124e-13
57.33	-6.82124e-13
57.335	-6.82124e-13
57.34	-6.82124e-13
57.345	-9.09502e-13
57.35	-1.13688e-12
57.355	-9.09502e-13
57.36	-6.82124e-13
57.365	-9.09502e-13
57.37	-9.09502e-13
57.375	-6.82124e-13
57.38	-9.09502e-13
57.385	-9.09502e-13
57.39	-9.09502e-13
57.395	-9.09502e-13
57.4	-9.09502e-13
57.405	-1.13688e-12
57.41	-9.09502e-13
57.415	-9.09502e-13
57.42	-1.13688e-12
57.425	-1.36425e-12
57.43	-1.13688e-12
57.435	-9.09502e-13
57.44	-9.09502e-13
57.445	-9.09502e-13
57.45	-6.82124e-13
57.455	-6.82124e-13
57.46	-9.09502e-13
57.465	-9.09502e-13
57.47	-9.09502e-13
57.475	-9.09502e-13
57.48	-9.09502e-13
57.485	-9.09502e-13
57.49	-1.13688e-12
57.495	-9.09502e-13
57.5	-9.09502e-13
57.505	-9.09502e-13
57.51	-6.82124e-13
57.515	-4.54751e-13
57.52	-4.54751e-13
57.525	-6.82124e-13
57.53	-6.82124e-13
57.535	-6.82124e-13
57.54	-6.82124e-13
57.545	-6.82124e-13
57.55	-6.82124e-13
57.555	-6.82124e-13
57.56	-9.09502e-13
57.565	-9.09502e-13
57.57	-9.09502e-13
57.575	-9.09502e-13
57.58	-9.09502e-13
57.585	-9.09502e-13
57.59	-9.09502e-13
57.595	-6.82124e-13
57.6	-6.82124e-13
57.605	-6.82124e-13
57.61	-9.09502e-13
57.615	-6.82124e-13
57.62	-9.09502e-13
57.625	-9.09502e-13
57.63	-1.13688e-12
57.635	-1.13688e-12
57.64	-9.09502e-13
57.645	-6.82124e-13
57.65	-6.82124e-13
57.655	-9.09502e-13
57.66	-9.09502e-13
57.665	-9.09502e-13
57.67	-6.82124e-13
57.675	-6.82124e-13
57.68	-6.82124e-13
57.685	-6.82124e-13
57.69	-9.09502e-13
57.695	-9.09502e-13
57.7	-9.09502e-13
57.705	-6.82124e-13
57.71	-9.09502e-13
57.715	-1.13688e-12
57.72	-1.13688e-12
57.725	-1.36425e-12
57.73	-1.36425e-12
57.735	-1.13688e-12
57.74	-1.36425e-12
57.745	-1.36425e-12
57.75	-1.36425e-12
57.755	-1.59162e-12
57.76	-1.59162e-12
57.765	-1.819e-12
57.77	-1.59162e-12
57.775	-1.59162e-12
57.78	-1.59162e-12
57.785	-1.59162e-12
57.79	-1.819e-12
57.795	-2.04638e-12
57.8	-2.04638e-12
57.805	-2.27375e-12
57.81	-2.04638e-12
57.815	-2.04638e-12
57.82	-2.04638e-12
57.825	-2.27375e-12
57.83	-2.50112e-12
57.835	-2.50112e-12
57.84	-2.50112e-12
57.845	-2.50112e-12
57.85	-2.50112e-12
57.855	-2.50112e-12
57.86	-2.50112e-12
57.865	-2.50112e-12
57.87	-2.50112e-12
57.875	-2.27375e-12
57.88	-2.04638e-12
57.885	-1.59162e-12
57.89	-1.36425e-12
57.895	-9.09502e-13
57.9	-4.54751e-13
57.905	2.27375e-13
57.91	4.54751e-13
57.915	6.82124e-13
57.92	1.36425e-12
57.925	1.819e-12
57.93	2.27375e-12
57.935	2.7285e-12
57.94	2.95587e-12
57.945	3.18325e-12
57.95	3.41062e-12
57.955	3.63801e-12
57.96	3.86538e-12
57.965	3.86538e-12
57.97	3.63801e-12
57.975	3.18325e-12
57.98	2.95587e-12
57.985	2.50112e-12
57.99	2.04638e-12
57.995	1.59162e-12
58.0	1.13688e-12
58.005	6.82124e-13
58.01	0.0
58.015	-2.27375e-13
58.02	-6.82124e-13
58.025	-1.13688e-12
58.03	-1.36425e-12
58.035	-1.819e-12
58.04	-2.04638e-12
58.045	-2.27375e-12
58.05	-2.50112e-12
58.055	-2.50112e-12
58.06	-2.50112e-12
58.065	-2.50112e-12
58.07	-2.50112e-12
58.075	-2.50112e-12
58.08	-2.50112e-12
58.085	-2.50112e-12
58.09	-2.50112e-12
58.095	-2.04638e-12
58.1	-1.819e-12
58.105	-1.59162e-12
58.11	-1.36425e-12
58.115	-1.13688e-12
58.12	-1.36425e-12
58.125	-1.36425e-12
58.13	-1.36425e-12
58.135	-1.36425e-12
58.14	-1.36425e-12
58.145	-1.13688e-12
58.15	-1.13688e-12
58.155	-1.13688e-12
58.16	-1.13688e-12
58.165	-1.13688e-12
58.17	-9.09502e-13
58.175	-9.09502e-13
58.18	-6.82124e-13
58.185	-6.82124e-13
58.19	-6.82124e-13
58.195	-6.82124e-13
58.2	-6.82124e-13
58.205	-6.82124e-13
58.21	-1.13688e-12
58.215	-1.13688e-12
58.22	-9.09502e-13
58.225	-1.13688e-12
58.23	-1.36425e-12
58.235	-1.13688e-12
58.24	-1.13688e-12
58.245	-1.36425e-12
58.25	-1.36425e-12
58.255	-1.36425e-12
58.26	-1.36425e-12
58.265	-1.36425e-12
58.27	-1.819e-12
58.275	-1.819e-12
58.28	-1.36425e-12
58.285	-1.819e-12
58.29	-1.59162e-12
58.295	-1.819e-12
58.3	-1.59162e-12
58.305	-1.36425e-12
58.31	-1.36425e-12
58.315	-1.13688e-12
58.32	-1.13688e-12
58.325	-1.13688e-12
58.33	-1.36425e-12
58.335	-1.13688e-12
58.34	-1.36425e-12
58.345	-1.36425e-12
58.35	-1.36425e-12
58.355	-1.36425e-12
58.36	-1.13688e-12
58.365	-1.13688e-12
58.37	-9.09502e-13
58.375	-9.09502e-13
58.38	-1.13688e-12
58.385	-1.36425e-12
58.39	-1.13688e-12
58.395	-1.13688e-12
58.4	-1.36425e-12
58.405	-1.13688e-12
58.41	-1.36425e-12
58.415	-1.13688e-12
58.42	-6.82124e-13
58.425	-9.09502e-13
58.43	-9.09502e-13
58.435	-9.09502e-13
58.44	-9.09502e-13
58.445	-9.09502e-13
58.45	-9.09502e-13
58.455	-6.82124e-13
58.46	-6.82124e-13
58.465	-6.82124e-13
58.47	-6.82124e-13
58.475	-6.82124e-13
58.48	-6.82124e-13
58.485	-6.82124e-13
58.49	-6.82124e-13
58.495	-6.82124e-13
58.5	-9.09502e-13
58.505	-9.09502e-13
58.51	-6.82124e-13
58.515	-4.54751e-13
58.52	-4.54751e-13
58.525	-6.82124e-13
58.53	-6.82124e-13
58.535	-9.09502e-13
58.54	-6.82124e-13
58.545	-6.82124e-13
58.55	-9.09502e-13
58.555	-6.82124e-13
58.56	-6.82124e-13
58.565	-4.54751e-13
58.57	-4.54751e-13
58.575	-6.82124e-13
58.58	-6.82124e-13
58.585	-6.82124e-13
58.59	-6.82124e-13
58.595	-6.82124e-13
58.6	-4.54751e-13
58.605	-6.82124e-13
58.61	-6.82124e-13
58.615	-6.82124e-13
58.62	-6.82124e-13
58.625	-6.82124e-13
58.63	-6.82124e-13
58.635	-6.82124e-13
58.64	-6.82124e-13
58.645	-6.82124e-13
58.65	-6.82124e-13
58.655	-6.82124e-13
58.66	-6.82124e-13
58.665	-6.82124e-13
58.67	-6.82124e-13
58.675	-6.82124e-13
58.68	-6.82124e-13
58.685	-9.09502e-13
58.69	-9.09502e-13
58.695	-9.09502e-13
58.7	-6.82124e-13
58.705	-6.82124e-13
58.71	-6.82124e-13
58.715	-6.82124e-13
58.72	-9.09502e-13
58.725	-9.09502e-13
58.73	-9.09502e-13
58.735	-9.09502e-13
58.74	-9.09502e-13
58.745	-9.09502e-13
58.75	-6.82124e-13
58.755	-6.82124e-13
58.76	-9.09502e-13
58.765	-9.09502e-13
58.77	-1.13688e-12
58.775	-9.09502e-13
58.78	-6.82124e-13
58.785	-6.82124e-13
58.79	-6.82124e-13
58.795	-6.82124e-13
58.8	-6.82124e-13
58.805	-6.82124e-13
58.81	-6.82124e-13
58.815	-6.82124e-13
58.82	-6.82124e-13
58.825	-6.82124e-13
58.83	-6.82124e-13
58.835	-9.09502e-13
58.84	-9.09502e-13
58.845	-6.82124e-13
58.85	-6.82124e-13
58.855	-6.82124e-13
58.86	-6.82124e-13
58.865	-6.82124e-13
58.87	-6.82124e-13
58.875	-6.82124e-13
58.88	-6.82124e-13
58.885	-6.82124e-13
58.89	-9.09502e-13
58.895	-9.09502e-13
58.9	-9.09502e-13
58.905	-6.82124e-13
58.91	-9.09502e-13
58.915	-6.82124e-13
58.92	-9.09502e-13
58.925	-9.09502e-13
58.93	-6.82124e-13
58.935	-6.82124e-13
58.94	-6.82124e-13
58.945	-6.82124e-13
58.95	-6.82124e-13
58.955	-6.82124e-13
58.96	-6.82124e-13
58.965	-6.82124e-13
58.97	-6.82124e-13
58.975	-6.82124e-13
58.98	-6.82124e-13
58.985	-9.09502e-13
58.99	-6.82124e-13
58.995	-6.82124e-13
59.0	-6.82124e-13
59.005	-6.82124e-13
59.01	-6.82124e-13
59.015	-6.82124e-13
59.02	-6.82124e-13
59.025	-6.82124e-13
59.03	-6.82124e-13
59.035	-4.54751e-13
59.04	-4.54751e-13
59.045	-2.27375e-13
59.05	-2.27375e-13
59.055	-6.82124e-13
59.06	-4.54751e-13
59.065	-6.82124e-13
59.07	-4.54751e-13
59.075	-2.27375e-13
59.08	-4.54751e-13
59.085	-4.54751e-13
59.09	-4.54751e-13
59.095	-2.27375e-13
59.1	-4.54751e-13
59.105	0.0
59.11	-2.27375e-13
59.115	0.0
59.12	0.0
59.125	0.0
59.13	0.0
59.135	0.0
59.14	0.0
59.145	0.0
59.15	-2.27375e-13
59.155	-2.27375e-13
59.16	0.0
59.165	0.0
59.17	-4.54751e-13
59.175	-6.82124e-13
59.18	-6.82124e-13
59.185	-6.82124e-13
59.19	-1.13688e-12
59.195	-1.36425e-12
59.2	-1.36425e-12
59.205	-1.36425e-12
59.21	-1.36425e-12
59.215	-1.36425e-12
59.22	-1.819e-12
59.225	-2.04638e-12
59.23	-2.04638e-12
59.235	-2.04638e-12
59.24	-2.27375e-12
59.245	-2.27375e-12
59.25	-2.27375e-12
59.255	-2.04638e-12
59.26	-2.04638e-12
59.265	-2.50112e-12
59.27	-2.27375e-12
59.275	-2.04638e-12
59.28	-2.04638e-12
59.285	-1.819e-12
59.29	-1.36425e-12
59.295	-9.09502e-13
59.3	-6.82124e-13
59.305	-6.82124e-13
59.31	-4.54751e-13
59.315	-2.27375e-13
59.32	-2.27375e-13
59.325	-2.27375e-13
59.33	-2.27375e-13
59.335	0.0
59.34	0.0
59.345	0.0
59.35	2.27375e-13
59.355	0.0
59.36	0.0
59.365	0.0
59.37	0.0
59.375	-4.54751e-13
59.38	-6.82124e-13
59.385	-6.82124e-13
59.39	-6.82124e-13
59.395	-6.82124e-13
59.4	-6.82124e-13
59.405	-6.82124e-13
59.41	-6.82124e-13
59.415	-6.82124e-13
59.42	-6.82124e-13
59.425	-6.82124e-13
59.43	-6.82124e-13
59.435	-6.82124e-13
59.44	-6.82124e-13
59.445	-6.82124e-13
59.45	-6.82124e-13
59.455	-6.82124e-13
59.46	-6.82124e-13
59.465	-6.82124e-13
59.47	-6.82124e-13
59.475	-6.82124e-13
59.48	-6.82124e-13
59.485	-6.82124e-13
59.49	-4.54751e-13
59.495	-6.82124e-13
59.5	-6.82124e-13
59.505	-6.82124e-13
59.51	-6.82124e-13
59.515	-6.82124e-13
59.52	-2.27375e-13
59.525	-4.54751e-13
59.53	-6.82124e-13
59.535	-6.82124e-13
59.54	-4.54751e-13
59.545	-6.82124e-13
59.55	-4.54751e-13
59.555	-4.54751e-13
59.56	-4.54751e-13
59.565	-4.54751e-13
59.57	-6.82124e-13
59.575	-6.82124e-13
59.58	-6.82124e-13
59.585	-6.82124e-13
59.59	-6.82124e-13
59.595	-9.09502e-13
59.6	-9.09502e-13
59.605	-6.82124e-13
59.61	-6.82124e-13
59.615	-6.82124e-13
59.62	-6.82124e-13
59.625	-6.82124e-13
59.63	-6.82124e-13
59.635	-6.82124e-13
59.64	-6.82124e-13
59.645	-6.82124e-13
59.65	-6.82124e-13
59.655	-6.82124e-13
59.66	-6.82124e-13
59.665	-6.82124e-13
59.67	-6.82124e-13
59.675	-6.82124e-13
59.68	-6.82124e-13
59.685	-6.82124e-13
59.69	-6.82124e-13
59.695	-6.82124e-13
59.7	-9.09502e-13
59.705	-6.82124e-13
59.71	-6.82124e-13
59.715	-6.82124e-13
59.72	-1.13688e-12
59.725	-9.09502e-13
59.73	-6.82124e-13
59.735	-6.82124e-13
59.74	-6.82124e-13
59.745	-9.09502e-13
59.75	-1.13688e-12
59.755	-1.13688e-12
59.76	-1.13688e-12
59.765	-1.36425e-12
59.77	-1.13688e-12
59.775	-1.13688e-12
59.78	-1.36425e-12
59.785	-1.36425e-12
59.79	-1.13688e-12
59.795	-1.13688e-12
59.8	-1.13688e-12
59.805	-1.36425e-12
59.81	-1.36425e-12
59.815	-1.13688e-12
59.82	-9.09502e-13
59.825	-9.09502e-13
59.83	-1.13688e-12
59.835	-1.13688e-12
59.84	-1.36425e-12
59.845	-1.13688e-12
59.85	-9.09502e-13
59.855	-9.09502e-13
59.86	-9.09502e-13
59.865	-1.13688e-12
59.87	-1.13688e-12
59.875	-9.09502e-13
59.88	-9.09502e-13
59.885	-9.09502e-13
59.89	-9.09502e-13
59.895	-9.09502e-13
59.9	-9.09502e-13
59.905	-6.82124e-13
59.91	-6.82124e-13
59.915	-9.09502e-13
59.92	-9.09502e-13
59.925	-6.82124e-13
59.93	-6.82124e-13
59.935	-6.82124e-13
59.94	-6.82124e-13
59.945	-6.82124e-13
59.95	-6.82124e-13
59.955	-9.09502e-13
59.96	-9.09502e-13
59.965	-6.82124e-13
59.97	-9.09502e-13
59.975	-6.82124e-13
59.98	-6.82124e-13
59.985	-9.09502e-13
59.99	-9.09502e-13
59.995	-9.09502e-13
60.0	-1.13688e-12
