pos	X
57.0	-1.36425e-12
57.005	-1.36425e-12
57.01	-1.36425e-12
57.015	-1.36425e-12
57.02	-1.36425e-12
57.025	-1.59162e-12
57.03	-1.59162e-12
57.035	-1.36425e-12
57.04	-1.13688e-12
57.045	-1.13688e-12
57.05	-1.36425e-12
57.055	-1.36425e-12
57.06	-1.36425e-12
57.065	-1.36425e-12
57.07	-1.36425e-12
57.075	-1.36425e-12
57.08	-1.36425e-12
57.085	-1.13688e-12
57.09	-1.13688e-12
57.095	-1.36425e-12
57.1	-1.36425e-12
57.105	-1.36425e-12
57.11	-1.36425e-12
57.115	-1.36425e-12
57.12	-1.13688e-12
57.125	-1.36425e-12
57.13	-1.36425e-12
57.135	-1.36425e-12
57.14	-1.36425e-12
57.145	-1.36425e-12
57.15	-1.36425e-12
57.155	-1.36425e-12
57.16	-1.36425e-12
57.165	-1.36425e-12
57.17	-1.36425e-12
57.175	-1.36425e-12
57.18	-1.13688e-12
57.185	-1.13688e-12
57.19	-1.13688e-12
57.195	-1.13688e-12
57.2	-1.13688e-12
57.205	-1.36425e-12
57.21	-1.13688e-12
57.215	-1.36425e-12
57.22	-1.13688e-12
57.225	-1.36425e-12
57.23	-1.36425e-12
57.235	-1.36425e-12
57.24	-1.36425e-12
57.245	-9.09502e-13
57.25	-9.09502e-13
57.255	-9.09502e-13
57.26	-9.09502e-13
57.265	-9.09502e-13
57.27	-9.09502e-13
57.275	-1.36425e-12
57.28	-1.36425e-12
57.285	-9.09502e-13
57.29	-9.09502e-13
57.295	-9.09502e-13
57.3	-9.09502e-13
57.305	-9.09502e-13
57.31	-9.09502e-13
57.315	-9.09502e-13
57.32	-1.13688e-12
57.325	-1.13688e-12
57.33	-1.13688e-12
57.335	-1.13688e-12
57.34	-9.09502e-13
57.345	-9.09502e-13
57.35	-1.13688e-12
57.355	-1.13688e-12
57.36	-1.13688e-12
57.365	-9.09502e-13
57.37	-9.09502e-13
57.375	-1.13688e-12
57.38	-9.09502e-13
57.385	-1.36425e-12
57.39	-1.13688e-12
57.395	-1.36425e-12
57.4	-1.13688e-12
57.405	-1.13688e-12
57.41	-1.13688e-12
57.415	-1.13688e-12
57.42	-9.09502e-13
57.425	-9.09502e-13
57.43	-9.09502e-13
57.435	-1.13688e-12
57.44	-1.13688e-12
57.445	-1.13688e-12
57.45	-1.13688e-12
57.455	-1.13688e-12
57.46	-1.13688e-12
57.465	-1.36425e-12
57.47	-1.36425e-12
57.475	-1.36425e-12
57.48	-1.13688e-12
57.485	-1.13688e-12
57.49	-9.09502e-13
57.495	-9.09502e-13
57.5	-9.09502e-13
57.505	-9.09502e-13
57.51	-9.09502e-13
57.515	-9.09502e-13
57.52	-9.09502e-13
57.525	-6.82124e-13
57.53	-9.09502e-13
57.535	-6.82124e-13
57.54	-6.82124e-13
57.545	-1.13688e-12
57.55	-9.09502e-13
57.555	-9.09502e-13
57.56	-1.13688e-12
57.565	-1.13688e-12
57.57	-9.09502e-13
57.575	-6.82124e-13
57.58	-6.82124e-13
57.585	-6.82124e-13
57.59	-9.09502e-13
57.595	-9.09502e-13
57.6	-9.09502e-13
57.605	-9.09502e-13
57.61	-9.09502e-13
57.615	-6.82124e-13
57.62	-6.82124e-13
57.625	-6.82124e-13
57.63	-6.82124e-13
57.635	-6.82124e-13
57.64	-6.82124e-13
57.645	-6.82124e-13
57.65	-6.82124e-13
57.655	-1.13688e-12
57.66	-1.13688e-12
57.665	-9.09502e-13
57.67	-9.09502e-13
57.675	-9.09502e-13
57.68	-6.82124e-13
57.685	-6.82124e-13
57.69	-6.82124e-13
57.695	-6.82124e-13
57.7	-1.13688e-12
57.705	-9.09502e-13
57.71	-9.09502e-13
57.715	-1.13688e-12
57.72	-9.09502e-13
57.725	-1.13688e-12
57.73	-1.13688e-12
57.735	-1.36425e-12
57.74	-1.36425e-12
57.745	-1.36425e-12
57.75	-1.819e-12
57.755	-2.04638e-12
57.76	-2.04638e-12
57.765	-2.04638e-12
57.77	-2.04638e-12
57.775	-2.04638e-12
57.78	-2.50112e-12
57.785	-2.50112e-12
57.79	-2.50112e-12
57.795	-2.7285e-12
57.8	-3.18325e-12
57.805	-3.18325e-12
57.81	-3.41062e-12
57.815	-3.63801e-12
57.82	-3.63801e-12
57.825	-3.86538e-12
57.83	-4.09275e-12
57.835	-4.5475e-12
57.84	-4.5475e-12
57.845	-4.77487e-12
57.85	-4.77487e-12
57.855	-4.77487e-12
57.86	-5.00225e-12
57.865	-4.77487e-12
57.87	-4.5475e-12
57.875	-4.5475e-12
57.88	-4.5475e-12
57.885	-4.09275e-12
57.89	-3.86538e-12
57.895	-3.18325e-12
57.9	-2.50112e-12
57.905	-1.819e-12
57.91	-9.09502e-13
57.915	0.0
57.92	1.13688e-12
57.925	2.27375e-12
57.93	3.18325e-12
57.935	4.32013e-12
57.94	5.457e-12
57.945	6.13912e-12
57.95	7.04861e-12
57.955	7.95813e-12
57.96	8.64026e-12
57.965	9.095e-12
57.97	9.32238e-12
57.975	9.32238e-12
57.98	9.32238e-12
57.985	9.095e-12
57.99	8.64026e-12
57.995	7.95813e-12
58.0	7.04861e-12
58.005	6.13912e-12
58.01	5.457e-12
58.015	4.32013e-12
58.02	3.18325e-12
58.025	1.819e-12
58.03	1.13688e-12
58.035	0.0
58.04	-4.54751e-13
58.045	-1.36425e-12
58.05	-2.04638e-12
58.055	-2.50112e-12
58.06	-3.18325e-12
58.065	-3.63801e-12
58.07	-3.86538e-12
58.075	-4.32013e-12
58.08	-4.32013e-12
58.085	-4.5475e-12
58.09	-4.5475e-12
58.095	-4.5475e-12
58.1	-4.5475e-12
58.105	-4.77487e-12
58.11	-4.77487e-12
58.115	-4.77487e-12
58.12	-4.77487e-12
58.125	-4.77487e-12
58.13	-5.00225e-12
58.135	-5.00225e-12
58.14	-4.5475e-12
58.145	-4.5475e-12
58.15	-4.5475e-12
58.155	-4.5475e-12
58.16	-4.5475e-12
58.165	-4.09275e-12
58.17	-3.86538e-12
58.175	-3.63801e-12
58.18	-3.41062e-12
58.185	-3.41062e-12
58.19	-3.41062e-12
58.195	-2.95587e-12
58.2	-2.95587e-12
58.205	-2.50112e-12
58.21	-2.04638e-12
58.215	-2.04638e-12
58.22	-1.819e-12
58.225	-1.59162e-12
58.23	-1.36425e-12
58.235	-9.09502e-13
58.24	-9.09502e-13
58.245	-6.82124e-13
58.25	-2.27375e-13
58.255	0.0
58.26	0.0
58.265	0.0
58.27	0.0
58.275	4.54751e-13
58.28	4.54751e-13
58.285	4.54751e-13
58.29	6.82124e-13
58.295	4.54751e-13
58.3	4.54751e-13
58.305	4.54751e-13
58.31	6.82124e-13
58.315	4.54751e-13
58.32	4.54751e-13
58.325	6.82124e-13
58.33	6.82124e-13
58.335	4.54751e-13
58.34	4.54751e-13
58.345	2.27375e-13
58.35	2.27375e-13
58.355	0.0
58.36	0.0
58.365	0.0
58.37	-2.27375e-13
58.375	-4.54751e-13
58.38	-6.82124e-13
58.385	-6.82124e-13
58.39	-9.09502e-13
58.395	-9.09502e-13
58.4	-1.36425e-12
58.405	-1.36425e-12
58.41	-1.819e-12
58.415	-1.819e-12
58.42	-2.04638e-12
58.425	-2.04638e-12
58.43	-2.04638e-12
58.435	-2.04638e-12
58.44	-2.27375e-12
58.445	-2.50112e-12
58.45	-2.27375e-12
58.455	-2.27375e-12
58.46	-2.04638e-12
58.465	-2.27375e-12
58.47	-2.27375e-12
58.475	-2.27375e-12
58.48	-2.27375e-12
58.485	-2.27375e-12
58.49	-2.04638e-12
58.495	-2.04638e-12
58.5	-2.04638e-12
58.505	-2.04638e-12
58.51	-1.819e-12
58.515	-1.59162e-12
58.52	-1.59162e-12
58.525	-1.36425e-12
58.53	-1.13688e-12
58.535	-1.13688e-12
58.54	-9.09502e-13
58.545	-9.09502e-13
58.55	-6.82124e-13
58.555	-4.54751e-13
58.56	-4.54751e-13
58.565	-6.82124e-13
58.57	-4.54751e-13
58.575	-4.54751e-13
58.58	-2.27375e-13
58.585	-2.27375e-13
58.59	-4.54751e-13
58.595	-6.82124e-13
58.6	-6.82124e-13
58.605	-4.54751e-13
58.61	-4.54751e-13
58.615	-6.82124e-13
58.62	-6.82124e-13
58.625	-6.82124e-13
58.63	-6.82124e-13
58.635	-4.54751e-13
58.64	-4.54751e-13
58.645	-6.82124e-13
58.65	-6.82124e-13
58.655	-6.82124e-13
58.66	-6.82124e-13
58.665	-6.82124e-13
58.67	-1.13688e-12
58.675	-1.36425e-12
58.68	-1.13688e-12
58.685	-9.09502e-13
58.69	-1.13688e-12
58.695	-1.36425e-12
58.7	-1.13688e-12
58.705	-1.13688e-12
58.71	-1.36425e-12
58.715	-1.36425e-12
58.72	-1.36425e-12
58.725	-1.36425e-12
58.73	-1.36425e-12
58.735	-1.36425e-12
58.74	-1.36425e-12
58.745	-1.36425e-12
58.75	-1.59162e-12
58.755	-1.59162e-12
58.76	-1.59162e-12
58.765	-1.36425e-12
58.77	-1.36425e-12
58.775	-1.36425e-12
58.78	-1.36425e-12
58.785	-1.13688e-12
58.79	-1.13688e-12
58.795	-1.13688e-12
58.8	-1.13688e-12
58.805	-1.36425e-12
58.81	-1.36425e-12
58.815	-1.13688e-12
58.82	-9.09502e-13
58.825	-9.09502e-13
58.83	-1.13688e-12
58.835	-1.13688e-12
58.84	-1.36425e-12
58.845	-1.13688e-12
58.85	-1.13688e-12
58.855	-1.36425e-12
58.86	-1.13688e-12
58.865	-6.82124e-13
58.87	-6.82124e-13
58.875	-6.82124e-13
58.88	-6.82124e-13
58.885	-9.09502e-13
58.89	-9.09502e-13
58.895	-1.13688e-12
58.9	-9.09502e-13
58.905	-6.82124e-13
58.91	-6.82124e-13
58.915	-9.09502e-13
58.92	-9.09502e-13
58.925	-9.09502e-13
58.93	-9.09502e-13
58.935	-9.09502e-13
58.94	-6.82124e-13
58.945	-9.09502e-13
58.95	-1.13688e-12
58.955	-1.13688e-12
58.96	-9.09502e-13
58.965	-1.13688e-12
58.97	-9.09502e-13
58.975	-9.09502e-13
58.98	-9.09502e-13
58.985	-6.82124e-13
58.99	-6.82124e-13
58.995	-6.82124e-13
59.0	-6.82124e-13
59.005	-6.82124e-13
59.01	-9.09502e-13
59.015	-9.09502e-13
59.02	-9.09502e-13
59.025	-9.09502e-13
59.03	-9.09502e-13
59.035	-1.13688e-12
59.04	-1.13688e-12
59.045	-9.09502e-13
59.05	-6.82124e-13
59.055	-6.82124e-13
59.06	-6.82124e-13
59.065	-4.54751e-13
59.07	-4.54751e-13
59.075	-2.27375e-13
59.08	-4.54751e-13
59.085	-4.54751e-13
59.09	-6.82124e-13
59.095	-6.82124e-13
59.1	-2.27375e-13
59.105	0.0
59.11	0.0
59.115	0.0
59.12	0.0
59.125	0.0
59.13	2.27375e-13
59.135	2.27375e-13
59.14	4.54751e-13
59.145	4.54751e-13
59.15	4.54751e-13
59.155	4.54751e-13
59.16	4.54751e-13
59.165	2.27375e-13
59.17	2.27375e-13
59.175	2.27375e-13
59.18	0.0
59.185	-4.54751e-13
59.19	-6.82124e-13
59.195	-6.82124e-13
59.2	-9.09502e-13
59.205	-1.36425e-12
59.21	-1.819e-12
59.215	-2.04638e-12
59.22	-2.50112e-12
59.225	-2.95587e-12
59.23	-3.18325e-12
59.235	-3.41062e-12
59.24	-3.86538e-12
59.245	-4.09275e-12
59.25	-4.5475e-12
59.255	-4.5475e-12
59.26	-4.77487e-12
59.265	-4.77487e-12
59.27	-4.77487e-12
59.275	-4.77487e-12
59.28	-4.77487e-12
59.285	-4.5475e-12
59.29	-4.32013e-12
59.295	-3.86538e-12
59.3	-3.63801e-12
59.305	-3.41062e-12
59.31	-3.18325e-12
59.315	-2.50112e-12
59.32	-2.50112e-12
59.325	-2.04638e-12
59.33	-1.819e-12
59.335	-1.13688e-12
59.34	-9.09502e-13
59.345	-4.54751e-13
59.35	-4.54751e-13
59.355	0.0
59.36	0.0
59.365	2.27375e-13
59.37	4.54751e-13
59.375	4.54751e-13
59.38	2.27375e-13
59.385	2.27375e-13
59.39	4.54751e-13
59.395	6.82124e-13
59.4	4.54751e-13
59.405	4.54751e-13
59.41	4.54751e-13
59.415	2.27375e-13
59.42	2.27375e-13
59.425	4.54751e-13
59.43	4.54751e-13
59.435	4.54751e-13
59.44	2.27375e-13
59.445	4.54751e-13
59.45	4.54751e-13
59.455	4.54751e-13
59.46	2.27375e-13
59.465	4.54751e-13
59.47	4.54751e-13
59.475	4.54751e-13
59.48	4.54751e-13
59.485	4.54751e-13
59.49	4.54751e-13
59.495	0.0
59.5	0.0
59.505	0.0
59.51	0.0
59.515	0.0
59.52	-2.27375e-13
59.525	-4.54751e-13
59.53	-4.54751e-13
59.535	-6.82124e-13
59.54	-6.82124e-13
59.545	-6.82124e-13
59.55	-6.82124e-13
59.555	-6.82124e-13
59.56	-1.13688e-12
59.565	-1.36425e-12
59.57	-1.36425e-12
59.575	-1.59162e-12
59.58	-1.59162e-12
59.585	-1.59162e-12
59.59	-1.36425e-12
59.595	-1.36425e-12
59.6	-1.59162e-12
59.605	-1.59162e-12
59.61	-1.59162e-12
59.615	-1.819e-12
59.62	-1.819e-12
59.625	-1.819e-12
59.63	-1.819e-12
59.635	-1.819e-12
59.64	-1.819e-12
59.645	-1.819e-12
59.65	-1.59162e-12
59.655	-1.59162e-12
59.66	-1.59162e-12
59.665	-1.59162e-12
59.67	-1.36425e-12
59.675	-1.59162e-12
59.68	-1.59162e-12
59.685	-1.59162e-12
59.69	-1.36425e-12
59.695	-1.36425e-12
59.7	-1.36425e-12
59.705	-1.13688e-12
59.71	-1.13688e-12
59.715	-1.13688e-12
59.72	-1.13688e-12
59.725	-1.36425e-12
59.73	-1.13688e-12
59.735	-9.09502e-13
59.74	-9.09502e-13
59.745	-9.09502e-13
59.75	-1.13688e-12
59.755	-9.09502e-13
59.76	-1.36425e-12
59.765	-1.13688e-12
59.77	-9.09502e-13
59.775	-9.09502e-13
59.78	-1.13688e-12
59.785	-1.36425e-12
59.79	-1.36425e-12
59.795	-1.36425e-12
59.8	-1.13688e-12
59.805	-1.13688e-12
59.81	-1.36425e-12
59.815	-1.36425e-12
59.82	-1.36425e-12
59.825	-1.13688e-12
59.83	-1.13688e-12
59.835	-1.36425e-12
59.84	-1.36425e-12
59.845	-1.36425e-12
59.85	-1.36425e-12
59.855	-1.13688e-12
59.86	-9.09502e-13
59.865	-1.13688e-12
59.87	-1.36425e-12
59.875	-1.36425e-12
59.88	-1.36425e-12
59.885	-1.36425e-12
59.89	-1.13688e-12
59.895	-9.09502e-13
59.9	-1.13688e-12
59.905	-1.13688e-12
59.91	-1.36425e-12
59.915	-1.36425e-12
59.92	-1.36425e-12
59.925	-1.36425e-12
59.93	-1.36425e-12
59.935	-1.36425e-12
59.94	-1.36425e-12
59.945	-1.36425e-12
59.95	-1.36425e-12
59.955	-1.36425e-12
59.96	-1.13688e-12
59.965	-1.13688e-12
59.97	-1.36425e-12
59.975	-1.13688e-12
59.98	-1.36425e-12
59.985	-1.36425e-12
59.99	-1.36425e-12
59.995	-1.13688e-12
60.0	-1.36425e-12
