pos	X
57.0	-1.36425e-12
57.005	-1.59162e-12
57.01	-1.36425e-12
57.015	-1.36425e-12
57.02	-1.36425e-12
57.025	-1.36425e-12
57.03	-1.36425e-12
57.035	-1.36425e-12
57.04	-1.36425e-12
57.045	-1.36425e-12
57.05	-1.13688e-12
57.055	-1.13688e-12
57.06	-1.13688e-12
57.065	-1.36425e-12
57.07	-1.36425e-12
57.075	-1.36425e-12
57.08	-1.36425e-12
57.085	-1.36425e-12
57.09	-1.36425e-12
57.095	-1.36425e-12
57.1	-1.36425e-12
57.105	-1.36425e-12
57.11	-1.36425e-12
57.115	-1.59162e-12
57.12	-1.59162e-12
57.125	-1.59162e-12
57.13	-1.36425e-12
57.135	-1.36425e-12
57.14	-1.36425e-12
57.145	-1.36425e-12
57.15	-1.36425e-12
57.155	-1.59162e-12
57.16	-1.36425e-12
57.165	-1.36425e-12
57.17	-1.36425e-12
57.175	-1.36425e-12
57.18	-1.36425e-12
57.185	-1.36425e-12
57.19	-1.36425e-12
57.195	-1.59162e-12
57.2	-1.59162e-12
57.205	-1.59162e-12
57.21	-1.59162e-12
57.215	-1.36425e-12
57.22	-1.36425e-12
57.225	-1.36425e-12
57.23	-1.36425e-12
57.235	-1.13688e-12
57.24	-1.36425e-12
57.245	-1.36425e-12
57.25	-1.13688e-12
57.255	-1.36425e-12
57.26	-1.13688e-12
57.265	-9.09502e-13
57.27	-1.13688e-12
57.275	-1.13688e-12
57.28	-1.13688e-12
57.285	-1.13688e-12
57.29	-9.09502e-13
57.295	-9.09502e-13
57.3	-9.09502e-13
57.305	-9.09502e-13
57.31	-1.13688e-12
57.315	-1.36425e-12
57.32	-1.13688e-12
57.325	-1.13688e-12
57.33	-9.09502e-13
57.335	-1.13688e-12
57.34	-6.82124e-13
57.345	-9.09502e-13
57.35	-6.82124e-13
57.355	-9.09502e-13
57.36	-9.09502e-13
57.365	-1.13688e-12
57.37	-1.13688e-12
57.375	-1.13688e-12
57.38	-9.09502e-13
57.385	-1.13688e-12
57.39	-9.09502e-13
57.395	-1.13688e-12
57.4	-1.13688e-12
57.405	-1.13688e-12
57.41	-1.13688e-12
57.415	-1.13688e-12
57.42	-1.36425e-12
57.425	-1.13688e-12
57.43	-1.13688e-12
57.435	-1.13688e-12
57.44	-1.13688e-12
57.445	-1.13688e-12
57.45	-1.13688e-12
57.455	-1.36425e-12
57.46	-1.36425e-12
57.465	-1.36425e-12
57.47	-1.13688e-12
57.475	-9.09502e-13
57.48	-9.09502e-13
57.485	-9.09502e-13
57.49	-9.09502e-13
57.495	-9.09502e-13
57.5	-1.13688e-12
57.505	-9.09502e-13
57.51	-6.82124e-13
57.515	-6.82124e-13
57.52	-9.09502e-13
57.525	-9.09502e-13
57.53	-9.09502e-13
57.535	-9.09502e-13
57.54	-9.09502e-13
57.545	-1.13688e-12
57.55	-1.13688e-12
57.555	-9.09502e-13
57.56	-6.82124e-13
57.565	-6.82124e-13
57.57	-9.09502e-13
57.575	-9.09502e-13
57.58	-6.82124e-13
57.585	-9.09502e-13
57.59	-9.09502e-13
57.595	-6.82124e-13
57.6	-9.09502e-13
57.605	-6.82124e-13
57.61	-6.82124e-13
57.615	-9.09502e-13
57.62	-9.09502e-13
57.625	-9.09502e-13
57.63	-6.82124e-13
57.635	-9.09502e-13
57.64	-1.13688e-12
57.645	-1.36425e-12
57.65	-1.36425e-12
57.655	-1.36425e-12
57.66	-1.13688e-12
57.665	-9.09502e-13
57.67	-9.09502e-13
57.675	-9.09502e-13
57.68	-6.82124e-13
57.685	-6.82124e-13
57.69	-9.09502e-13
57.695	-1.13688e-12
57.7	-1.13688e-12
57.705	-1.13688e-12
57.71	-1.36425e-12
57.715	-1.36425e-12
57.72	-1.36425e-12
57.725	-1.36425e-12
57.73	-1.36425e-12
57.735	-1.36425e-12
57.74	-1.59162e-12
57.745	-1.36425e-12
57.75	-1.36425e-12
57.755	-1.819e-12
57.76	-2.04638e-12
57.765	-2.04638e-12
57.77	-2.27375e-12
57.775	-2.27375e-12
57.78	-2.50112e-12
57.785	-2.7285e-12
57.79	-2.95587e-12
57.795	-3.18325e-12
57.8	-3.41062e-12
57.805	-3.41062e-12
57.81	-3.86538e-12
57.815	-4.09275e-12
57.82	-4.5475e-12
57.825	-5.00225e-12
57.83	-5.00225e-12
57.835	-5.457e-12
57.84	-5.457e-12
57.845	-5.457e-12
57.85	-5.68437e-12
57.855	-5.68437e-12
57.86	-5.68437e-12
57.865	-5.68437e-12
57.87	-5.68437e-12
57.875	-5.68437e-12
57.88	-5.457e-12
57.885	-5.00225e-12
57.89	-4.5475e-12
57.895	-3.86538e-12
57.9	-3.18325e-12
57.905	-2.27375e-12
57.91	-1.36425e-12
57.915	-2.27375e-13
57.92	9.09502e-13
57.925	2.27375e-12
57.93	3.63801e-12
57.935	4.77487e-12
57.94	6.13912e-12
57.945	7.27601e-12
57.95	8.41288e-12
57.955	9.32238e-12
57.96	1.00045e-11
57.965	1.0914e-11
57.97	1.11414e-11
57.975	1.13687e-11
57.98	1.11414e-11
57.985	1.0914e-11
57.99	1.04592e-11
57.995	9.77712e-12
58.0	9.32238e-12
58.005	8.18551e-12
58.01	7.04861e-12
58.015	5.91174e-12
58.02	4.5475e-12
58.025	3.41062e-12
58.03	2.27375e-12
58.035	9.09502e-13
58.04	0.0
58.045	-9.09502e-13
58.05	-2.04638e-12
58.055	-2.50112e-12
58.06	-3.18325e-12
58.065	-3.86538e-12
58.07	-4.5475e-12
58.075	-5.00225e-12
58.08	-5.68437e-12
58.085	-5.91174e-12
58.09	-5.91174e-12
58.095	-6.13912e-12
58.1	-6.36649e-12
58.105	-6.36649e-12
58.11	-6.36649e-12
58.115	-6.59386e-12
58.12	-6.36649e-12
58.125	-6.36649e-12
58.13	-6.13912e-12
58.135	-5.91174e-12
58.14	-6.13912e-12
58.145	-5.91174e-12
58.15	-5.91174e-12
58.155	-5.68437e-12
58.16	-5.22962e-12
58.165	-5.00225e-12
58.17	-4.5475e-12
58.175	-4.32013e-12
58.18	-4.09275e-12
58.185	-3.86538e-12
58.19	-3.63801e-12
58.195	-3.41062e-12
58.2	-2.7285e-12
58.205	-2.50112e-12
58.21	-2.04638e-12
58.215	-1.36425e-12
58.22	-1.36425e-12
58.225	-9.09502e-13
58.23	-6.82124e-13
58.235	-2.27375e-13
58.24	0.0
58.245	2.27375e-13
58.25	4.54751e-13
58.255	6.82124e-13
58.26	9.09502e-13
58.265	1.13688e-12
58.27	1.13688e-12
58.275	1.13688e-12
58.28	1.36425e-12
58.285	1.36425e-12
58.29	1.36425e-12
58.295	1.36425e-12
58.3	1.36425e-12
58.305	1.13688e-12
58.31	1.13688e-12
58.315	1.13688e-12
58.32	1.13688e-12
58.325	4.54751e-13
58.33	4.54751e-13
58.335	4.54751e-13
58.34	2.27375e-13
58.345	0.0
58.35	0.0
58.355	-2.27375e-13
58.36	-4.54751e-13
58.365	-6.82124e-13
58.37	-6.82124e-13
58.375	-9.09502e-13
58.38	-1.13688e-12
58.385	-1.36425e-12
58.39	-1.59162e-12
58.395	-2.04638e-12
58.4	-2.04638e-12
58.405	-2.27375e-12
58.41	-2.27375e-12
58.415	-2.50112e-12
58.42	-2.50112e-12
58.425	-2.50112e-12
58.43	-2.7285e-12
58.435	-2.7285e-12
58.44	-2.7285e-12
58.445	-2.7285e-12
58.45	-2.50112e-12
58.455	-2.50112e-12
58.46	-2.50112e-12
58.465	-2.50112e-12
58.47	-2.27375e-12
58.475	-2.04638e-12
58.48	-2.04638e-12
58.485	-2.04638e-12
58.49	-1.819e-12
58.495	-1.819e-12
58.5	-1.819e-12
58.505	-1.36425e-12
58.51	-1.36425e-12
58.515	-1.13688e-12
58.52	-1.13688e-12
58.525	-9.09502e-13
58.53	-9.09502e-13
58.535	-9.09502e-13
58.54	-4.54751e-13
58.545	-4.54751e-13
58.55	-4.54751e-13
58.555	-4.54751e-13
58.56	-2.27375e-13
58.565	-2.27375e-13
58.57	0.0
58.575	0.0
58.58	0.0
58.585	0.0
58.59	-2.27375e-13
58.595	-2.27375e-13
58.6	-4.54751e-13
58.605	-4.54751e-13
58.61	-4.54751e-13
58.615	-6.82124e-13
58.62	-2.27375e-13
58.625	-2.27375e-13
58.63	-4.54751e-13
58.635	-6.82124e-13
58.64	-6.82124e-13
58.645	-9.09502e-13
58.65	-9.09502e-13
58.655	-9.09502e-13
58.66	-9.09502e-13
58.665	-1.13688e-12
58.67	-1.13688e-12
58.675	-1.13688e-12
58.68	-1.36425e-12
58.685	-1.13688e-12
58.69	-1.36425e-12
58.695	-1.36425e-12
58.7	-1.36425e-12
58.705	-1.36425e-12
58.71	-1.36425e-12
58.715	-1.59162e-12
58.72	-1.59162e-12
58.725	-1.59162e-12
58.73	-1.36425e-12
58.735	-1.36425e-12
58.74	-1.36425e-12
58.745	-1.36425e-12
58.75	-1.36425e-12
58.755	-1.13688e-12
58.76	-9.09502e-13
58.765	-9.09502e-13
58.77	-9.09502e-13
58.775	-9.09502e-13
58.78	-9.09502e-13
58.785	-1.13688e-12
58.79	-1.13688e-12
58.795	-1.13688e-12
58.8	-1.13688e-12
58.805	-1.13688e-12
58.81	-9.09502e-13
58.815	-9.09502e-13
58.82	-9.09502e-13
58.825	-1.13688e-12
58.83	-1.36425e-12
58.835	-1.13688e-12
58.84	-9.09502e-13
58.845	-6.82124e-13
58.85	-6.82124e-13
58.855	-9.09502e-13
58.86	-6.82124e-13
58.865	-9.09502e-13
58.87	-1.13688e-12
58.875	-9.09502e-13
58.88	-9.09502e-13
58.885	-6.82124e-13
58.89	-6.82124e-13
58.895	-1.13688e-12
58.9	-9.09502e-13
58.905	-9.09502e-13
58.91	-6.82124e-13
58.915	-9.09502e-13
58.92	-9.09502e-13
58.925	-1.13688e-12
58.93	-9.09502e-13
58.935	-9.09502e-13
58.94	-6.82124e-13
58.945	-9.09502e-13
58.95	-1.13688e-12
58.955	-1.13688e-12
58.96	-1.36425e-12
58.965	-1.13688e-12
58.97	-1.13688e-12
58.975	-1.13688e-12
58.98	-9.09502e-13
58.985	-1.13688e-12
58.99	-1.36425e-12
58.995	-1.36425e-12
59.0	-1.13688e-12
59.005	-1.13688e-12
59.01	-1.13688e-12
59.015	-1.13688e-12
59.02	-1.13688e-12
59.025	-9.09502e-13
59.03	-9.09502e-13
59.035	-9.09502e-13
59.04	-6.82124e-13
59.045	-6.82124e-13
59.05	-6.82124e-13
59.055	-6.82124e-13
59.06	-6.82124e-13
59.065	-4.54751e-13
59.07	-6.82124e-13
59.075	-6.82124e-13
59.08	-4.54751e-13
59.085	-2.27375e-13
59.09	0.0
59.095	0.0
59.1	0.0
59.105	0.0
59.11	2.27375e-13
59.115	2.27375e-13
59.12	2.27375e-13
59.125	4.54751e-13
59.13	6.82124e-13
59.135	4.54751e-13
59.14	4.54751e-13
59.145	4.54751e-13
59.15	4.54751e-13
59.155	4.54751e-13
59.16	6.82124e-13
59.165	4.54751e-13
59.17	4.54751e-13
59.175	0.0
59.18	0.0
59.185	0.0
59.19	0.0
59.195	-4.54751e-13
59.2	-6.82124e-13
59.205	-9.09502e-13
59.21	-1.36425e-12
59.215	-2.04638e-12
59.22	-2.50112e-12
59.225	-2.95587e-12
59.23	-3.18325e-12
59.235	-3.63801e-12
59.24	-3.86538e-12
59.245	-4.32013e-12
59.25	-4.77487e-12
59.255	-5.00225e-12
59.26	-5.22962e-12
59.265	-5.457e-12
59.27	-5.68437e-12
59.275	-5.68437e-12
59.28	-5.457e-12
59.285	-5.457e-12
59.29	-5.22962e-12
59.295	-5.00225e-12
59.3	-4.5475e-12
59.305	-4.32013e-12
59.31	-4.09275e-12
59.315	-3.86538e-12
59.32	-3.18325e-12
59.325	-2.7285e-12
59.33	-2.27375e-12
59.335	-2.04638e-12
59.34	-1.36425e-12
59.345	-9.09502e-13
59.35	-4.54751e-13
59.355	0.0
59.36	0.0
59.365	2.27375e-13
59.37	4.54751e-13
59.375	4.54751e-13
59.38	6.82124e-13
59.385	9.09502e-13
59.39	1.13688e-12
59.395	9.09502e-13
59.4	1.13688e-12
59.405	1.13688e-12
59.41	1.13688e-12
59.415	1.13688e-12
59.42	1.13688e-12
59.425	1.13688e-12
59.43	9.09502e-13
59.435	9.09502e-13
59.44	9.09502e-13
59.445	9.09502e-13
59.45	9.09502e-13
59.455	1.13688e-12
59.46	1.13688e-12
59.465	6.82124e-13
59.47	6.82124e-13
59.475	9.09502e-13
59.48	6.82124e-13
59.485	4.54751e-13
59.49	2.27375e-13
59.495	2.27375e-13
59.5	2.27375e-13
59.505	0.0
59.51	-2.27375e-13
59.515	-2.27375e-13
59.52	-4.54751e-13
59.525	-6.82124e-13
59.53	-6.82124e-13
59.535	-9.09502e-13
59.54	-9.09502e-13
59.545	-1.13688e-12
59.55	-1.36425e-12
59.555	-1.36425e-12
59.56	-1.59162e-12
59.565	-1.59162e-12
59.57	-1.59162e-12
59.575	-1.819e-12
59.58	-2.04638e-12
59.585	-2.27375e-12
59.59	-2.04638e-12
59.595	-1.819e-12
59.6	-2.04638e-12
59.605	-2.04638e-12
59.61	-1.819e-12
59.615	-1.819e-12
59.62	-2.04638e-12
59.625	-2.04638e-12
59.63	-2.04638e-12
59.635	-2.04638e-12
59.64	-1.819e-12
59.645	-1.819e-12
59.65	-1.819e-12
59.655	-1.59162e-12
59.66	-1.819e-12
59.665	-1.819e-12
59.67	-1.36425e-12
59.675	-1.36425e-12
59.68	-1.36425e-12
59.685	-1.13688e-12
59.69	-1.36425e-12
59.695	-1.13688e-12
59.7	-1.36425e-12
59.705	-1.36425e-12
59.71	-1.13688e-12
59.715	-1.36425e-12
59.72	-1.36425e-12
59.725	-9.09502e-13
59.73	-9.09502e-13
59.735	-9.09502e-13
59.74	-9.09502e-13
59.745	-9.09502e-13
59.75	-9.09502e-13
59.755	-6.82124e-13
59.76	-9.09502e-13
59.765	-6.82124e-13
59.77	-6.82124e-13
59.775	-9.09502e-13
59.78	-1.13688e-12
59.785	-1.13688e-12
59.79	-1.36425e-12
59.795	-1.13688e-12
59.8	-1.36425e-12
59.805	-1.36425e-12
59.81	-1.36425e-12
59.815	-1.36425e-12
59.82	-1.36425e-12
59.825	-1.36425e-12
59.83	-1.36425e-12
59.835	-1.36425e-12
59.84	-1.36425e-12
59.845	-1.13688e-12
59.85	-1.13688e-12
59.855	-1.36425e-12
59.86	-1.13688e-12
59.865	-1.13688e-12
59.87	-1.36425e-12
59.875	-1.36425e-12
59.88	-1.36425e-12
59.885	-1.36425e-12
59.89	-1.36425e-12
59.895	-1.13688e-12
59.9	-1.13688e-12
59.905	-1.13688e-12
59.91	-1.36425e-12
59.915	-1.36425e-12
59.92	-1.36425e-12
59.925	-1.13688e-12
59.93	-1.13688e-12
59.935	-1.36425e-12
59.94	-1.13688e-12
59.945	-1.13688e-12
59.95	-1.13688e-12
59.955	-1.36425e-12
59.96	-1.36425e-12
59.965	-1.36425e-12
59.97	-1.36425e-12
59.975	-1.36425e-12
59.98	-1.13688e-12
59.985	-1.36425e-12
59.99	-1.36425e-12
59.995	-1.36425e-12
60.0	-1.36425e-12
