pos X
396.941273285801 1.13688e-12
396.9746296953208 9.09502e-13
397.0079861048406 9.09502e-13
397.04134251436045 1.13688e-12
397.07469892388025 1.36425e-12
397.10805533340005 6.82124e-13
397.1414117429199 9.09502e-13
397.1747681524397 9.09502e-13
397.2081245619595 6.82124e-13
397.24148097147935 1.13688e-12
397.27483738099914 4.54751e-13
397.30819379051894 1.13688e-12
397.3415502000388 4.54751e-13
397.3749066095586 2.27375e-13
397.4082630190784 9.09502e-13
397.44161942859824 6.82124e-13
397.47497583811804 4.54751e-13
397.50833224763784 9.09502e-13
397.5416886571577 1.13688e-12
397.5750450666775 1.13688e-12
397.6084014761973 1.13688e-12
397.6417578857171 6.82124e-13
397.67511429523694 1.13688e-12
397.70847070475673 1.13688e-12
397.74182711427653 9.09502e-13
397.7751835237964 1.13688e-12
397.8085399333162 6.82124e-13
397.841896342836 6.82124e-13
397.87525275235583 1.13688e-12
397.90860916187563 1.36425e-12
397.94196557139543 1.36425e-12
397.9753219809153 1.819e-12
398.008678390435 1.59162e-12
398.0420347999549 9.09502e-13
398.07539120947473 6.82124e-13
398.10874761899447 9.09502e-13
398.1421040285143 1.13688e-12
398.1754604380342 1.13688e-12
398.208816847554 1.59162e-12
398.2421732570738 1.59162e-12
398.2755296665936 6.82124e-13
398.3088860761134 6.82124e-13
398.3422424856332 1.13688e-12
398.3755988951531 9.09502e-13
398.4089553046729 4.54751e-13
398.44231171419267 4.54751e-13
398.47566812371247 1.13688e-12
398.5090245332323 1.13688e-12
398.5423809427521 1.36425e-12
398.5757373522719 1.36425e-12
398.60909376179177 1.59162e-12
398.64245017131157 1.13688e-12
398.67580658083136 1.13688e-12
398.7091629903512 1.13688e-12
398.742519399871 1.13688e-12
398.7758758093908 9.09502e-13
398.80923221891067 1.36425e-12
398.8425886284304 1.36425e-12
398.87594503795026 1.59162e-12
398.9093014474701 1.59162e-12
398.94265785698985 1.13688e-12
398.9760142665097 1.13688e-12
399.00937067602956 1.36425e-12
399.0427270855493 1.36425e-12
399.07608349506916 1.59162e-12
399.109439904589 1.13688e-12
399.14279631410875 9.09502e-13
399.1761527236286 1.13688e-12
399.20950913314846 9.09502e-13
399.24286554266826 1.13688e-12
399.27622195218805 1.13688e-12
399.30957836170785 9.09502e-13
399.3429347712277 1.13688e-12
399.3762911807475 1.13688e-12
399.4096475902673 1.13688e-12
399.44300399978715 1.13688e-12
399.47636040930695 9.09502e-13
399.50971681882675 1.13688e-12
399.5430732283466 6.82124e-13
399.5764296378664 9.09502e-13
399.6097860473862 6.82124e-13
399.64314245690605 9.09502e-13
399.6764988664258 9.09502e-13
399.70985527594564 6.82124e-13
399.7432116854655 4.54751e-13
399.77656809498524 1.13688e-12
399.8099245045051 6.82124e-13
399.84328091402494 4.54751e-13
399.8766373235447 6.82124e-13
399.90999373306454 6.82124e-13
399.9433501425844 4.54751e-13
399.97670655210413 9.09502e-13
400.010062961624 9.09502e-13
400.04341937114384 6.82124e-13
400.0767757806636 9.09502e-13
400.11013219018344 4.54751e-13
400.14348859970323 0.0
400.17684500922303 0.0
400.2102014187429 4.54751e-13
400.2435578282627 2.27375e-13
400.27691423778253 4.54751e-13
400.31027064730233 4.54751e-13
400.34362705682213 4.54751e-13
400.376983466342 4.54751e-13
400.4103398758618 9.09502e-13
400.4436962853816 6.82124e-13
400.47705269490143 6.82124e-13
400.51040910442117 4.54751e-13
400.543765513941 2.27375e-13
400.5771219234609 4.54751e-13
400.6104783329806 2.27375e-13
400.6438347425005 6.82124e-13
400.6771911520203 4.54751e-13
400.71054756154007 4.54751e-13
400.7439039710599 4.54751e-13
400.7772603805798 6.82124e-13
400.8106167900995 4.54751e-13
400.84397319961937 9.09502e-13
400.8773296091392 6.82124e-13
400.91068601865896 1.13688e-12
400.9440424281788 1.13688e-12
400.9773988376986 9.09502e-13
401.0107552472184 4.54751e-13
401.04411165673827 4.54751e-13
401.07746806625806 6.82124e-13
401.11082447577786 6.82124e-13
401.1441808852977 9.09502e-13
401.1775372948175 9.09502e-13
401.2108937043373 4.54751e-13
401.24425011385716 4.54751e-13
401.27760652337696 4.54751e-13
401.31096293289676 6.82124e-13
401.34431934241655 6.82124e-13
401.3776757519364 4.54751e-13
401.41103216145626 2.27375e-13
401.444388570976 4.54751e-13
401.47774498049586 4.54751e-13
401.5111013900157 2.27375e-13
401.54445779953545 2.27375e-13
401.5778142090553 -2.27375e-13
401.61117061857516 -4.54751e-13
401.6445270280949 -2.27375e-13
401.67788343761475 -6.82124e-13
401.7112398471346 -9.09502e-13
401.74459625665435 -1.13688e-12
401.7779526661742 -6.82124e-13
401.811309075694 -6.82124e-13
401.8446654852138 -1.13688e-12
401.87802189473365 -1.36425e-12
401.91137830425345 -1.36425e-12
401.94473471377324 -1.59162e-12
401.9780911232931 -2.04638e-12
402.0114475328129 -2.27375e-12
402.0448039423327 -2.50112e-12
402.07816035185255 -2.95587e-12
402.11151676137234 -2.7285e-12
402.14487317089214 -2.7285e-12
402.17822958041194 -2.7285e-12
402.2115859899318 -2.50112e-12
402.2449423994516 -2.50112e-12
402.2782988089714 -2.04638e-12
402.31165521849124 -1.59162e-12
402.34501162801104 -1.36425e-12
402.37836803753083 -2.27375e-13
402.4117244470507 4.54751e-13
402.44508085657054 1.13688e-12
402.4784372660903 2.04638e-12
402.51179367561014 3.18325e-12
402.54515008513 3.63801e-12
402.57850649464973 4.77487e-12
402.6118629041696 5.68437e-12
402.6452193136894 6.59386e-12
402.6785757232092 7.50339e-12
402.71193213272903 7.95813e-12
402.74528854224883 8.86763e-12
402.7786449517686 9.32238e-12
402.8120013612885 9.77712e-12
402.8453577708083 9.77712e-12
402.8787141803281 9.77712e-12
402.91207058984793 9.32238e-12
402.9454269993677 8.86763e-12
402.9787834088875 7.95813e-12
403.0121398184073 6.82124e-12
403.0454962279272 6.13912e-12
403.07885263744697 5.22962e-12
403.11220904696677 3.63801e-12
403.1455654564866 2.27375e-12
403.1789218660064 9.09502e-13
403.2122782755262 -6.82124e-13
403.24563468504607 -2.27375e-12
403.27899109456587 -3.18325e-12
403.31234750408566 -4.09275e-12
403.3457039136055 -5.00225e-12
403.3790603231253 -5.91174e-12
403.4124167326451 -6.59386e-12
403.44577314216497 -6.82124e-12
403.47912955168476 -6.82124e-12
403.51248596120456 -6.59386e-12
403.5458423707244 -6.36649e-12
403.5791987802442 -6.13912e-12
403.612555189764 -5.68437e-12
403.64591159928386 -4.09275e-12
403.67926800880366 -2.95587e-12
403.71262441832346 -2.04638e-12
403.7459808278433 -1.13688e-12
403.7793372373631 -6.82124e-13
403.8126936468829 2.27375e-13
403.8460500564027 1.36425e-12
403.87940646592256 2.04638e-12
403.91276287544235 2.95587e-12
403.94611928496215 4.09275e-12
403.979475694482 4.32013e-12
404.0128321040018 5.22962e-12
404.0461885135216 5.22962e-12
404.07954492304145 5.457e-12
404.11290133256125 5.22962e-12
404.14625774208105 4.77487e-12
404.1796141516009 5.22962e-12
404.2129705611207 5.457e-12
404.2463269706405 4.77487e-12
404.27968338016035 4.32013e-12
404.31303978968015 4.09275e-12
404.34639619919994 3.86538e-12
404.3797526087198 3.63801e-12
404.4131090182396 2.95587e-12
404.4464654277594 2.50112e-12
404.47982183727925 1.819e-12
404.51317824679904 6.82124e-13
404.54653465631884 0.0
404.5798910658387 2.27375e-13
404.6132474753585 -6.82124e-13
404.6466038848783 -9.09502e-13
404.6799602943981 -9.09502e-13
404.71331670391794 -1.13688e-12
404.74667311343774 -6.82124e-13
404.78002952295753 -1.819e-12
404.8133859324774 -2.04638e-12
404.8467423419972 -2.04638e-12
404.880098751517 -2.04638e-12
404.91345516103684 -2.04638e-12
404.94681157055663 -2.04638e-12
404.98016798007643 -1.819e-12
405.0135243895963 -2.04638e-12
405.0468807991161 -1.819e-12
405.0802372086359 -1.59162e-12
405.11359361815573 -1.36425e-12
405.14695002767553 -1.13688e-12
405.1803064371953 0.0
405.2136628467152 4.54751e-13
405.247019256235 6.82124e-13
405.2803756657548 4.54751e-13
405.31373207527463 1.13688e-12
405.3470884847944 1.13688e-12
405.3804448943142 1.59162e-12
405.4138013038341 1.819e-12
405.4471577133539 1.819e-12
405.48051412287367 2.27375e-12
405.51387053239347 2.27375e-12
405.5472269419133 2.27375e-12
405.5805833514331 1.819e-12
405.6139397609529 2.27375e-12
405.64729617047277 2.27375e-12
405.68065257999257 2.50112e-12
405.71400898951237 2.04638e-12
405.7473653990322 1.819e-12
405.780721808552 2.04638e-12
405.8140782180718 1.36425e-12
405.84743462759167 1.13688e-12
405.88079103711146 1.13688e-12
405.91414744663126 1.13688e-12
405.9475038561511 1.13688e-12
405.9808602656709 6.82124e-13
406.0142166751907 4.54751e-13
406.04757308471056 2.27375e-13
406.08092949423036 0.0
406.11428590375016 0.0
406.14764231327 -4.54751e-13
406.1809987227898 -4.54751e-13
406.2143551323096 -4.54751e-13
406.24771154182946 -6.82124e-13
406.28106795134926 -6.82124e-13
406.31442436086905 -6.82124e-13
406.34778077038885 -4.54751e-13
406.3811371799087 0.0
406.4144935894285 0.0
406.4478499989483 0.0
406.48120640846815 -2.27375e-13
406.51456281798795 0.0
406.54791922750775 0.0
406.5812756370276 0.0
406.6146320465474 -2.27375e-13
406.6479884560672 2.27375e-13
406.68134486558705 4.54751e-13
406.71470127510685 6.82124e-13
406.74805768462664 4.54751e-13
406.7814140941465 -2.27375e-13
406.81477050366624 4.54751e-13
406.8481269131861 6.82124e-13
406.88148332270595 6.82124e-13
406.91483973222574 4.54751e-13
406.94819614174554 4.54751e-13
406.9815525512654 1.13688e-12
407.0149089607852 1.36425e-12
407.048265370305 1.13688e-12
407.08162177982484 1.819e-12
407.11497818934464 1.36425e-12
407.14833459886444 9.09502e-13
407.18169100838423 1.13688e-12
407.2150474179041 9.09502e-13
407.2484038274239 1.13688e-12
407.2817602369437 9.09502e-13
407.31511664646354 2.27375e-13
407.34847305598333 4.54751e-13
407.38182946550313 6.82124e-13
407.415185875023 6.82124e-13
407.4485422845428 4.54751e-13
407.4818986940626 4.54751e-13
407.51525510358243 4.54751e-13
407.54861151310223 4.54751e-13
407.581967922622 6.82124e-13
407.6153243321419 0.0
407.6486807416616 4.54751e-13
407.6820371511815 4.54751e-13
407.71539356070133 4.54751e-13
407.74874997022107 -2.27375e-13
407.7821063797409 0.0
407.8154627892608 2.27375e-13
407.8488191987805 4.54751e-13
407.8821756083004 4.54751e-13
407.9155320178202 6.82124e-13
407.94888842734 1.13688e-12
407.9822448368598 6.82124e-13
408.0156012463796 0.0
408.04895765589947 4.54751e-13
408.08231406541927 4.54751e-13
408.11567047493907 2.27375e-13
408.1490268844589 2.27375e-13
408.1823832939787 6.82124e-13
408.2157397034985 4.54751e-13
408.24909611301837 4.54751e-13
408.28245252253816 1.13688e-12
408.31580893205796 2.27375e-13
408.3491653415778 2.27375e-13
408.3825217510976 6.82124e-13
408.4158781606174 1.13688e-12
408.44923457013726 1.36425e-12
408.482590979657 1.13688e-12
408.51594738917686 1.36425e-12
408.5493037986967 1.36425e-12
408.58266020821645 1.59162e-12
408.6160166177363 9.09502e-13
408.64937302725616 1.36425e-12
408.6827294367759 1.13688e-12
408.71608584629575 6.82124e-13
408.7494422558156 9.09502e-13
408.78279866533535 1.13688e-12
408.8161550748552 1.36425e-12
408.849511484375 9.09502e-13
408.8828678938948 4.54751e-13
408.91622430341465 4.54751e-13
408.94958071293445 6.82124e-13
408.98293712245425 1.13688e-12
409.0162935319741 6.82124e-13
409.0496499414939 1.13688e-12
409.08300635101375 9.09502e-13
409.11636276053355 6.82124e-13
409.14971917005334 9.09502e-13
409.1830755795732 9.09502e-13
409.216431989093 6.82124e-13
409.2497883986128 1.13688e-12
409.28314480813265 4.54751e-13
409.3165012176524 1.13688e-12
409.34985762717224 1.13688e-12
409.3832140366921 9.09502e-13
409.41657044621184 4.54751e-13
409.4499268557317 4.54751e-13
409.48328326525154 4.54751e-13
409.5166396747713 4.54751e-13
409.54999608429114 4.54751e-13
409.583352493811 4.54751e-13
409.61670890333073 0.0
409.6500653128506 0.0
409.6834217223704 0.0
409.7167781318902 -2.27375e-13
409.75013454141003 2.27375e-13
409.78349095092983 2.27375e-13
409.81684736044963 2.27375e-13
409.8502037699695 -4.54751e-13
409.8835601794893 2.27375e-13
409.9169165890091 2.27375e-13
409.95027299852893 2.27375e-13
409.9836294080487 2.27375e-13
410.0169858175685 4.54751e-13
410.0503422270884 4.54751e-13
410.0836986366082 4.54751e-13
410.11705504612803 4.54751e-13
410.15041145564777 6.82124e-13
410.1837678651676 4.54751e-13
410.2171242746875 4.54751e-13
410.2504806842072 4.54751e-13
410.2838370937271 6.82124e-13
410.3171935032469 6.82124e-13
410.35054991276667 6.82124e-13
410.3839063222865 9.09502e-13
410.4172627318064 1.13688e-12
410.4506191413261 1.59162e-12
410.48397555084597 4.54751e-13
410.51733196036577 4.54751e-13
410.55068836988556 4.54751e-13
410.5840447794054 0.0
410.6174011889252 2.27375e-13
410.650757598445 4.54751e-13
410.68411400796487 0.0
410.71747041748466 4.54751e-13
410.75082682700446 4.54751e-13
410.7841832365243 1.13688e-12
410.8175396460441 9.09502e-13
410.8508960555639 6.82124e-13
410.88425246508376 6.82124e-13
410.91760887460356 6.82124e-13
410.95096528412336 1.13688e-12
410.98432169364315 9.09502e-13
411.017678103163 9.09502e-13
411.0510345126828 1.13688e-12
411.0843909222026 1.13688e-12
411.11774733172246 1.13688e-12
411.1511037412423 1.819e-12
411.18446015076205 1.819e-12
411.2178165602819 1.13688e-12
411.25117296980176 9.09502e-13
411.2845293793215 9.09502e-13
411.31788578884135 9.09502e-13
411.35124219836115 1.36425e-12
411.38459860788095 1.36425e-12
411.4179550174008 1.59162e-12
411.4513114269206 1.59162e-12
411.4846678364404 1.819e-12
411.51802424596025 1.59162e-12
411.55138065548005 1.819e-12
411.58473706499984 1.59162e-12
411.6180934745197 1.59162e-12
411.6514498840395 1.819e-12
411.6848062935593 1.819e-12
411.71816270307914 1.819e-12
411.75151911259894 1.59162e-12
411.78487552211874 1.36425e-12
411.81823193163854 1.819e-12
411.8515883411584 2.04638e-12
411.8849447506782 2.04638e-12
411.918301160198 1.819e-12
411.95165756971784 1.59162e-12
411.98501397923764 2.27375e-12
412.01837038875743 2.27375e-12
412.0517267982773 2.7285e-12
412.0850832077971 2.50112e-12
412.1184396173169 2.27375e-12
412.15179602683673 1.819e-12
412.18515243635653 2.27375e-12
412.21850884587633 2.04638e-12
412.2518652553962 1.36425e-12
412.285221664916 1.59162e-12
412.3185780744358 1.59162e-12
412.35193448395563 1.13688e-12
412.3852908934754 1.13688e-12
412.4186473029952 6.82124e-13
412.4520037125151 4.54751e-13
412.4853601220349 4.54751e-13
412.5187165315547 2.27375e-13
412.5520729410745 0.0
412.5854293505943 -9.09502e-13
412.6187857601141 -1.13688e-12
412.6521421696339 -1.36425e-12
412.6854985791538 -1.819e-12
412.71885498867357 -2.04638e-12
412.75221139819337 -2.27375e-12
412.7855678077132 -2.50112e-12
412.818924217233 -2.7285e-12
412.8522806267528 -2.7285e-12
412.88563703627267 -2.50112e-12
412.91899344579247 -2.50112e-12
412.95234985531226 -2.50112e-12
412.9857062648321 -2.27375e-12
413.0190626743519 -1.59162e-12
413.0524190838717 -6.82124e-13
413.08577549339157 -9.09502e-13
413.11913190291136 -9.09502e-13
413.15248831243116 0.0
413.185844721951 2.27375e-13
413.2192011314708 9.09502e-13
413.2525575409906 1.819e-12
413.28591395051046 2.27375e-12
413.31927036003026 2.27375e-12
413.35262676955006 2.95587e-12
413.3859831790699 3.41062e-12
413.4193395885897 3.63801e-12
413.4526959981095 3.41062e-12
413.4860524076293 4.32013e-12
413.51940881714916 4.32013e-12
413.55276522666895 4.32013e-12
413.58612163618875 4.09275e-12
413.6194780457086 3.63801e-12
413.6528344552284 3.63801e-12
413.6861908647482 3.41062e-12
413.71954727426805 2.7285e-12
413.75290368378785 2.27375e-12
413.78626009330765 1.36425e-12
413.8196165028275 1.13688e-12
413.8529729123473 4.54751e-13
413.8863293218671 -2.27375e-13
413.91968573138695 0.0
413.95304214090675 -6.82124e-13
413.98639855042654 -9.09502e-13
414.0197549599464 -1.13688e-12
414.0531113694662 -1.13688e-12
414.086467778986 -1.819e-12
414.11982418850585 -1.36425e-12
414.15318059802564 -1.36425e-12
414.18653700754544 -9.09502e-13
414.2198934170653 -1.59162e-12
414.2532498265851 -2.04638e-12
414.2866062361049 -1.59162e-12
414.3199626456247 -1.13688e-12
414.35331905514454 -4.54751e-13
414.38667546466434 -4.54751e-13
414.42003187418413 0.0
414.453388283704 0.0
414.4867446932238 4.54751e-13
414.5201011027436 4.54751e-13
414.55345751226344 9.09502e-13
414.58681392178323 1.819e-12
414.62017033130303 1.36425e-12
414.6535267408229 1.819e-12
414.6868831503427 1.819e-12
414.7202395598625 1.819e-12
414.75359596938233 2.04638e-12
414.78695237890213 1.819e-12
414.8203087884219 2.27375e-12
414.8536651979418 2.04638e-12
414.8870216074616 2.04638e-12
414.9203780169814 1.59162e-12
414.9537344265012 2.27375e-12
414.987090836021 2.27375e-12
415.0204472455408 2.27375e-12
415.0538036550607 2.27375e-12
415.0871600645805 1.819e-12
415.12051647410027 1.819e-12
415.15387288362007 1.13688e-12
415.1872292931399 1.36425e-12
415.2205857026597 1.819e-12
415.2539421121795 1.36425e-12
415.28729852169937 1.36425e-12
415.32065493121917 1.36425e-12
415.35401134073896 1.13688e-12
415.3873677502588 9.09502e-13
415.4207241597786 4.54751e-13
415.4540805692984 4.54751e-13
415.48743697881827 0.0
415.520793388338 -2.27375e-13
415.55414979785786 4.54751e-13
415.5875062073777 0.0
415.6208626168975 0.0
415.6542190264173 0.0
415.68757543593716 2.27375e-13
415.72093184545696 4.54751e-13
415.75428825497676 4.54751e-13
415.7876446644966 6.82124e-13
415.8210010740164 9.09502e-13
415.8543574835362 9.09502e-13
415.88771389305606 9.09502e-13
415.92107030257586 9.09502e-13
415.95442671209565 1.13688e-12
415.98778312161545 6.82124e-13
416.0211395311353 9.09502e-13
416.0544959406551 6.82124e-13
416.0878523501749 1.13688e-12
416.12120875969475 1.36425e-12
416.15456516921455 1.36425e-12
416.18792157873435 1.819e-12
416.2212779882542 1.13688e-12
416.254634397774 1.13688e-12
416.2879908072938 9.09502e-13
416.32134721681365 1.13688e-12
416.3547036263334 1.59162e-12
416.38806003585324 1.13688e-12
416.4214164453731 1.59162e-12
416.45477285489284 1.36425e-12
416.4881292644127 1.13688e-12
416.52148567393255 9.09502e-13
416.5548420834523 6.82124e-13
416.58819849297214 4.54751e-13
416.621554902492 4.54751e-13
416.65491131201173 6.82124e-13
416.6882677215316 4.54751e-13
416.72162413105144 1.13688e-12
416.75498054057124 9.09502e-13
416.78833695009104 4.54751e-13
416.82169335961083 6.82124e-13
416.8550497691307 4.54751e-13
416.8884061786505 0.0
416.9217625881703 0.0
416.95511899769014 4.54751e-13
