pos X
396.941273285801 1.13688e-12
396.9746296953208 6.82124e-13
397.0079861048406 9.09502e-13
397.04134251436045 1.13688e-12
397.07469892388025 1.13688e-12
397.10805533340005 6.82124e-13
397.1414117429199 1.13688e-12
397.1747681524397 6.82124e-13
397.2081245619595 1.13688e-12
397.24148097147935 1.13688e-12
397.27483738099914 6.82124e-13
397.30819379051894 4.54751e-13
397.3415502000388 6.82124e-13
397.3749066095586 6.82124e-13
397.4082630190784 1.13688e-12
397.44161942859824 9.09502e-13
397.47497583811804 1.13688e-12
397.50833224763784 1.36425e-12
397.5416886571577 1.13688e-12
397.5750450666775 6.82124e-13
397.6084014761973 9.09502e-13
397.6417578857171 1.13688e-12
397.67511429523694 1.59162e-12
397.70847070475673 1.13688e-12
397.74182711427653 1.36425e-12
397.7751835237964 1.13688e-12
397.8085399333162 6.82124e-13
397.841896342836 1.13688e-12
397.87525275235583 1.13688e-12
397.90860916187563 1.13688e-12
397.94196557139543 9.09502e-13
397.9753219809153 4.54751e-13
398.008678390435 1.36425e-12
398.0420347999549 1.13688e-12
398.07539120947473 1.59162e-12
398.10874761899447 1.59162e-12
398.1421040285143 1.13688e-12
398.1754604380342 1.13688e-12
398.208816847554 9.09502e-13
398.2421732570738 9.09502e-13
398.2755296665936 9.09502e-13
398.3088860761134 1.13688e-12
398.3422424856332 1.13688e-12
398.3755988951531 6.82124e-13
398.4089553046729 6.82124e-13
398.44231171419267 1.13688e-12
398.47566812371247 9.09502e-13
398.5090245332323 1.13688e-12
398.5423809427521 9.09502e-13
398.5757373522719 1.13688e-12
398.60909376179177 9.09502e-13
398.64245017131157 1.13688e-12
398.67580658083136 1.36425e-12
398.7091629903512 1.13688e-12
398.742519399871 1.13688e-12
398.7758758093908 1.59162e-12
398.80923221891067 9.09502e-13
398.8425886284304 1.13688e-12
398.87594503795026 1.13688e-12
398.9093014474701 1.13688e-12
398.94265785698985 1.13688e-12
398.9760142665097 1.819e-12
399.00937067602956 1.13688e-12
399.0427270855493 1.13688e-12
399.07608349506916 1.13688e-12
399.109439904589 1.13688e-12
399.14279631410875 9.09502e-13
399.1761527236286 1.13688e-12
399.20950913314846 1.13688e-12
399.24286554266826 9.09502e-13
399.27622195218805 9.09502e-13
399.30957836170785 1.13688e-12
399.3429347712277 1.13688e-12
399.3762911807475 1.13688e-12
399.4096475902673 1.13688e-12
399.44300399978715 1.13688e-12
399.47636040930695 1.13688e-12
399.50971681882675 1.13688e-12
399.5430732283466 1.13688e-12
399.5764296378664 1.13688e-12
399.6097860473862 9.09502e-13
399.64314245690605 9.09502e-13
399.6764988664258 6.82124e-13
399.70985527594564 9.09502e-13
399.7432116854655 1.13688e-12
399.77656809498524 6.82124e-13
399.8099245045051 6.82124e-13
399.84328091402494 1.13688e-12
399.8766373235447 9.09502e-13
399.90999373306454 1.13688e-12
399.9433501425844 9.09502e-13
399.97670655210413 1.13688e-12
400.010062961624 9.09502e-13
400.04341937114384 6.82124e-13
400.0767757806636 1.13688e-12
400.11013219018344 1.36425e-12
400.14348859970323 6.82124e-13
400.17684500922303 1.13688e-12
400.2102014187429 1.36425e-12
400.2435578282627 4.54751e-13
400.27691423778253 6.82124e-13
400.31027064730233 1.819e-12
400.34362705682213 1.13688e-12
400.376983466342 4.54751e-13
400.4103398758618 4.54751e-13
400.4436962853816 4.54751e-13
400.47705269490143 9.09502e-13
400.51040910442117 1.13688e-12
400.543765513941 6.82124e-13
400.5771219234609 6.82124e-13
400.6104783329806 6.82124e-13
400.6438347425005 6.82124e-13
400.6771911520203 6.82124e-13
400.71054756154007 1.59162e-12
400.7439039710599 1.13688e-12
400.7772603805798 1.13688e-12
400.8106167900995 1.13688e-12
400.84397319961937 1.13688e-12
400.8773296091392 9.09502e-13
400.91068601865896 1.13688e-12
400.9440424281788 1.13688e-12
400.9773988376986 6.82124e-13
401.0107552472184 1.13688e-12
401.04411165673827 1.13688e-12
401.07746806625806 1.13688e-12
401.11082447577786 1.59162e-12
401.1441808852977 1.13688e-12
401.1775372948175 9.09502e-13
401.2108937043373 4.54751e-13
401.24425011385716 2.27375e-13
401.27760652337696 2.27375e-13
401.31096293289676 2.27375e-13
401.34431934241655 0.0
401.3776757519364 4.54751e-13
401.41103216145626 -2.27375e-13
401.444388570976 -4.54751e-13
401.47774498049586 -6.82124e-13
401.5111013900157 -9.09502e-13
401.54445779953545 -1.13688e-12
401.5778142090553 -1.819e-12
401.61117061857516 -2.27375e-12
401.6445270280949 -2.04638e-12
401.67788343761475 -2.50112e-12
401.7112398471346 -3.18325e-12
401.74459625665435 -3.86538e-12
401.7779526661742 -4.32013e-12
401.811309075694 -4.5475e-12
401.8446654852138 -5.00225e-12
401.87802189473365 -5.68437e-12
401.91137830425345 -6.36649e-12
401.94473471377324 -6.36649e-12
401.9780911232931 -6.36649e-12
402.0114475328129 -7.04861e-12
402.0448039423327 -7.50339e-12
402.07816035185255 -8.18551e-12
402.11151676137234 -8.18551e-12
402.14487317089214 -8.18551e-12
402.17822958041194 -8.18551e-12
402.2115859899318 -7.50339e-12
402.2449423994516 -7.04861e-12
402.2782988089714 -5.91174e-12
402.31165521849124 -5.457e-12
402.34501162801104 -4.5475e-12
402.37836803753083 -2.95587e-12
402.4117244470507 -1.819e-12
402.44508085657054 4.54751e-13
402.4784372660903 2.27375e-12
402.51179367561014 4.32013e-12
402.54515008513 6.36649e-12
402.57850649464973 8.64026e-12
402.6118629041696 1.06866e-11
402.6452193136894 1.34151e-11
402.6785757232092 1.52341e-11
402.71193213272903 1.77353e-11
402.74528854224883 1.93269e-11
402.7786449517686 2.09185e-11
402.8120013612885 2.22827e-11
402.8453577708083 2.27375e-11
402.8787141803281 2.34196e-11
402.91207058984793 2.29649e-11
402.9454269993677 2.27375e-11
402.9787834088875 2.16006e-11
403.0121398184073 2.0009e-11
403.0454962279272 1.819e-11
403.07885263744697 1.61436e-11
403.11220904696677 1.34151e-11
403.1455654564866 1.00045e-11
403.1789218660064 7.50339e-12
403.2122782755262 4.32013e-12
403.24563468504607 4.54751e-13
403.27899109456587 -2.50112e-12
403.31234750408566 -5.457e-12
403.3457039136055 -7.50339e-12
403.3790603231253 -9.54975e-12
403.4124167326451 -1.20509e-11
403.44577314216497 -1.36425e-11
403.47912955168476 -1.50068e-11
403.51248596120456 -1.52341e-11
403.5458423707244 -1.56889e-11
403.5791987802442 -1.59163e-11
403.612555189764 -1.50068e-11
403.64591159928386 -1.40972e-11
403.67926800880366 -1.34151e-11
403.71262441832346 -1.20509e-11
403.7459808278433 -1.04592e-11
403.7793372373631 -8.86763e-12
403.8126936468829 -7.04861e-12
403.8460500564027 -5.457e-12
403.87940646592256 -3.18325e-12
403.91276287544235 -1.13688e-12
403.94611928496215 0.0
403.979475694482 1.819e-12
404.0128321040018 4.32013e-12
404.0461885135216 5.457e-12
404.07954492304145 6.82124e-12
404.11290133256125 7.50339e-12
404.14625774208105 8.64026e-12
404.1796141516009 9.32238e-12
404.2129705611207 9.54975e-12
404.2463269706405 9.77712e-12
404.27968338016035 9.32238e-12
404.31303978968015 8.86763e-12
404.34639619919994 8.64026e-12
404.3797526087198 8.18551e-12
404.4131090182396 7.73076e-12
404.4464654277594 6.82124e-12
404.47982183727925 5.68437e-12
404.51317824679904 4.32013e-12
404.54653465631884 4.32013e-12
404.5798910658387 2.7285e-12
404.6132474753585 1.819e-12
404.6466038848783 9.09502e-13
404.6799602943981 0.0
404.71331670391794 -1.13688e-12
404.74667311343774 -1.819e-12
404.78002952295753 -2.50112e-12
404.8133859324774 -2.95587e-12
404.8467423419972 -3.63801e-12
404.880098751517 -3.86538e-12
404.91345516103684 -4.5475e-12
404.94681157055663 -4.09275e-12
404.98016798007643 -5.00225e-12
405.0135243895963 -4.5475e-12
405.0468807991161 -3.86538e-12
405.0802372086359 -4.32013e-12
405.11359361815573 -3.86538e-12
405.14695002767553 -3.18325e-12
405.1803064371953 -3.18325e-12
405.2136628467152 -2.95587e-12
405.247019256235 -2.50112e-12
405.2803756657548 -1.36425e-12
405.31373207527463 -1.13688e-12
405.3470884847944 -9.09502e-13
405.3804448943142 0.0
405.4138013038341 6.82124e-13
405.4471577133539 6.82124e-13
405.48051412287367 1.13688e-12
405.51387053239347 1.59162e-12
405.5472269419133 1.819e-12
405.5805833514331 2.27375e-12
405.6139397609529 2.27375e-12
405.64729617047277 2.7285e-12
405.68065257999257 2.50112e-12
405.71400898951237 2.7285e-12
405.7473653990322 2.7285e-12
405.780721808552 2.04638e-12
405.8140782180718 1.819e-12
405.84743462759167 1.59162e-12
405.88079103711146 1.819e-12
405.91414744663126 1.13688e-12
405.9475038561511 1.36425e-12
405.9808602656709 6.82124e-13
406.0142166751907 6.82124e-13
406.04757308471056 4.54751e-13
406.08092949423036 2.27375e-13
406.11428590375016 0.0
406.14764231327 2.27375e-13
406.1809987227898 0.0
406.2143551323096 0.0
406.24771154182946 0.0
406.28106795134926 -4.54751e-13
406.31442436086905 -4.54751e-13
406.34778077038885 -4.54751e-13
406.3811371799087 -2.27375e-13
406.4144935894285 -6.82124e-13
406.4478499989483 0.0
406.48120640846815 6.82124e-13
406.51456281798795 4.54751e-13
406.54791922750775 2.27375e-13
406.5812756370276 0.0
406.6146320465474 2.27375e-13
406.6479884560672 4.54751e-13
406.68134486558705 4.54751e-13
406.71470127510685 9.09502e-13
406.74805768462664 1.13688e-12
406.7814140941465 1.13688e-12
406.81477050366624 1.59162e-12
406.8481269131861 1.13688e-12
406.88148332270595 1.13688e-12
406.91483973222574 6.82124e-13
406.94819614174554 6.82124e-13
406.9815525512654 9.09502e-13
407.0149089607852 1.13688e-12
407.048265370305 1.59162e-12
407.08162177982484 1.36425e-12
407.11497818934464 1.36425e-12
407.14833459886444 1.13688e-12
407.18169100838423 4.54751e-13
407.2150474179041 1.13688e-12
407.2484038274239 1.13688e-12
407.2817602369437 9.09502e-13
407.31511664646354 1.13688e-12
407.34847305598333 1.13688e-12
407.38182946550313 1.13688e-12
407.415185875023 1.13688e-12
407.4485422845428 1.13688e-12
407.4818986940626 4.54751e-13
407.51525510358243 4.54751e-13
407.54861151310223 4.54751e-13
407.581967922622 4.54751e-13
407.6153243321419 4.54751e-13
407.6486807416616 4.54751e-13
407.6820371511815 9.09502e-13
407.71539356070133 4.54751e-13
407.74874997022107 4.54751e-13
407.7821063797409 9.09502e-13
407.8154627892608 4.54751e-13
407.8488191987805 4.54751e-13
407.8821756083004 9.09502e-13
407.9155320178202 9.09502e-13
407.94888842734 6.82124e-13
407.9822448368598 9.09502e-13
408.0156012463796 1.13688e-12
408.04895765589947 6.82124e-13
408.08231406541927 6.82124e-13
408.11567047493907 9.09502e-13
408.1490268844589 6.82124e-13
408.1823832939787 6.82124e-13
408.2157397034985 9.09502e-13
408.24909611301837 6.82124e-13
408.28245252253816 6.82124e-13
408.31580893205796 1.13688e-12
408.3491653415778 1.13688e-12
408.3825217510976 9.09502e-13
408.4158781606174 6.82124e-13
408.44923457013726 9.09502e-13
408.482590979657 9.09502e-13
408.51594738917686 1.36425e-12
408.5493037986967 1.13688e-12
408.58266020821645 1.13688e-12
408.6160166177363 1.13688e-12
408.64937302725616 1.36425e-12
408.6827294367759 1.819e-12
408.71608584629575 2.04638e-12
408.7494422558156 1.59162e-12
408.78279866533535 1.59162e-12
408.8161550748552 1.36425e-12
408.849511484375 9.09502e-13
408.8828678938948 4.54751e-13
408.91622430341465 1.13688e-12
408.94958071293445 1.13688e-12
408.98293712245425 1.13688e-12
409.0162935319741 1.13688e-12
409.0496499414939 9.09502e-13
409.08300635101375 1.13688e-12
409.11636276053355 1.13688e-12
409.14971917005334 1.13688e-12
409.1830755795732 1.13688e-12
409.216431989093 1.13688e-12
409.2497883986128 1.13688e-12
409.28314480813265 9.09502e-13
409.3165012176524 9.09502e-13
409.34985762717224 9.09502e-13
409.3832140366921 4.54751e-13
409.41657044621184 6.82124e-13
409.4499268557317 6.82124e-13
409.48328326525154 4.54751e-13
409.5166396747713 2.27375e-13
409.54999608429114 1.13688e-12
409.583352493811 9.09502e-13
409.61670890333073 9.09502e-13
409.6500653128506 4.54751e-13
409.6834217223704 4.54751e-13
409.7167781318902 4.54751e-13
409.75013454141003 4.54751e-13
409.78349095092983 4.54751e-13
409.81684736044963 9.09502e-13
409.8502037699695 4.54751e-13
409.8835601794893 6.82124e-13
409.9169165890091 4.54751e-13
409.95027299852893 4.54751e-13
409.9836294080487 -2.27375e-13
410.0169858175685 4.54751e-13
410.0503422270884 6.82124e-13
410.0836986366082 6.82124e-13
410.11705504612803 4.54751e-13
410.15041145564777 2.27375e-13
410.1837678651676 4.54751e-13
410.2171242746875 6.82124e-13
410.2504806842072 6.82124e-13
410.2838370937271 6.82124e-13
410.3171935032469 4.54751e-13
410.35054991276667 2.27375e-13
410.3839063222865 4.54751e-13
410.4172627318064 4.54751e-13
410.4506191413261 4.54751e-13
410.48397555084597 4.54751e-13
410.51733196036577 4.54751e-13
410.55068836988556 9.09502e-13
410.5840447794054 9.09502e-13
410.6174011889252 1.13688e-12
410.650757598445 9.09502e-13
410.68411400796487 6.82124e-13
410.71747041748466 9.09502e-13
410.75082682700446 9.09502e-13
410.7841832365243 1.36425e-12
410.8175396460441 1.13688e-12
410.8508960555639 1.36425e-12
410.88425246508376 1.13688e-12
410.91760887460356 1.36425e-12
410.95096528412336 4.54751e-13
410.98432169364315 1.13688e-12
411.017678103163 1.13688e-12
411.0510345126828 1.13688e-12
411.0843909222026 1.36425e-12
411.11774733172246 9.09502e-13
411.1511037412423 6.82124e-13
411.18446015076205 1.13688e-12
411.2178165602819 1.36425e-12
411.25117296980176 9.09502e-13
411.2845293793215 1.36425e-12
411.31788578884135 1.819e-12
411.35124219836115 1.59162e-12
411.38459860788095 1.13688e-12
411.4179550174008 1.13688e-12
411.4513114269206 1.36425e-12
411.4846678364404 1.36425e-12
411.51802424596025 1.36425e-12
411.55138065548005 1.59162e-12
411.58473706499984 1.819e-12
411.6180934745197 1.59162e-12
411.6514498840395 1.36425e-12
411.6848062935593 1.819e-12
411.71816270307914 2.27375e-12
411.75151911259894 1.819e-12
411.78487552211874 2.27375e-12
411.81823193163854 2.27375e-12
411.8515883411584 2.50112e-12
411.8849447506782 2.7285e-12
411.918301160198 3.18325e-12
411.95165756971784 3.63801e-12
411.98501397923764 3.86538e-12
412.01837038875743 3.63801e-12
412.0517267982773 3.41062e-12
412.0850832077971 3.41062e-12
412.1184396173169 3.18325e-12
412.15179602683673 3.86538e-12
412.18515243635653 4.09275e-12
412.21850884587633 3.63801e-12
412.2518652553962 3.63801e-12
412.285221664916 4.09275e-12
412.3185780744358 3.86538e-12
412.35193448395563 4.32013e-12
412.3852908934754 4.09275e-12
412.4186473029952 3.63801e-12
412.4520037125151 3.41062e-12
412.4853601220349 2.95587e-12
412.5187165315547 2.50112e-12
412.5520729410745 2.27375e-12
412.5854293505943 1.819e-12
412.6187857601141 1.36425e-12
412.6521421696339 4.54751e-13
412.6854985791538 0.0
412.71885498867357 -6.82124e-13
412.75221139819337 -1.36425e-12
412.7855678077132 -2.04638e-12
412.818924217233 -3.18325e-12
412.8522806267528 -3.63801e-12
412.88563703627267 -4.32013e-12
412.91899344579247 -5.00225e-12
412.95234985531226 -5.68437e-12
412.9857062648321 -6.13912e-12
413.0190626743519 -6.36649e-12
413.0524190838717 -6.82124e-12
413.08577549339157 -7.04861e-12
413.11913190291136 -7.04861e-12
413.15248831243116 -6.82124e-12
413.185844721951 -6.36649e-12
413.2192011314708 -5.68437e-12
413.2525575409906 -5.00225e-12
413.28591395051046 -4.77487e-12
413.31927036003026 -4.32013e-12
413.35262676955006 -3.18325e-12
413.3859831790699 -2.7285e-12
413.4193395885897 -1.59162e-12
413.4526959981095 0.0
413.4860524076293 4.54751e-13
413.51940881714916 2.27375e-12
413.55276522666895 2.95587e-12
413.58612163618875 3.86538e-12
413.6194780457086 4.32013e-12
413.6528344552284 5.22962e-12
413.6861908647482 6.13912e-12
413.71954727426805 6.59386e-12
413.75290368378785 6.82124e-12
413.78626009330765 6.59386e-12
413.8196165028275 6.82124e-12
413.8529729123473 6.82124e-12
413.8863293218671 6.13912e-12
413.91968573138695 6.13912e-12
413.95304214090675 5.91174e-12
413.98639855042654 4.77487e-12
414.0197549599464 3.86538e-12
414.0531113694662 3.41062e-12
414.086467778986 3.18325e-12
414.11982418850585 2.27375e-12
414.15318059802564 1.13688e-12
414.18653700754544 0.0
414.2198934170653 -2.27375e-13
414.2532498265851 -9.09502e-13
414.2866062361049 -1.36425e-12
414.3199626456247 -9.09502e-13
414.35331905514454 -1.819e-12
414.38667546466434 -2.04638e-12
414.42003187418413 -2.04638e-12
414.453388283704 -2.50112e-12
414.4867446932238 -2.50112e-12
414.5201011027436 -2.04638e-12
414.55345751226344 -2.04638e-12
414.58681392178323 -2.27375e-12
414.62017033130303 -1.59162e-12
414.6535267408229 -9.09502e-13
414.6868831503427 -6.82124e-13
414.7202395598625 -6.82124e-13
414.75359596938233 0.0
414.78695237890213 2.27375e-13
414.8203087884219 4.54751e-13
414.8536651979418 9.09502e-13
414.8870216074616 1.13688e-12
414.9203780169814 1.36425e-12
414.9537344265012 1.819e-12
414.987090836021 2.04638e-12
415.0204472455408 2.95587e-12
415.0538036550607 3.18325e-12
415.0871600645805 3.18325e-12
415.12051647410027 3.63801e-12
415.15387288362007 3.63801e-12
415.1872292931399 3.41062e-12
415.2205857026597 3.41062e-12
415.2539421121795 3.63801e-12
415.28729852169937 2.95587e-12
415.32065493121917 2.95587e-12
415.35401134073896 3.18325e-12
415.3873677502588 2.95587e-12
415.4207241597786 2.27375e-12
415.4540805692984 2.50112e-12
415.48743697881827 2.27375e-12
415.520793388338 2.04638e-12
415.55414979785786 2.04638e-12
415.5875062073777 2.04638e-12
415.6208626168975 2.27375e-12
415.6542190264173 2.27375e-12
415.68757543593716 1.59162e-12
415.72093184545696 1.36425e-12
415.75428825497676 1.59162e-12
415.7876446644966 1.59162e-12
415.8210010740164 1.13688e-12
415.8543574835362 1.13688e-12
415.88771389305606 9.09502e-13
415.92107030257586 1.13688e-12
415.95442671209565 9.09502e-13
415.98778312161545 9.09502e-13
416.0211395311353 1.13688e-12
416.0544959406551 4.54751e-13
416.0878523501749 9.09502e-13
416.12120875969475 9.09502e-13
416.15456516921455 4.54751e-13
416.18792157873435 9.09502e-13
416.2212779882542 4.54751e-13
416.254634397774 0.0
416.2879908072938 4.54751e-13
416.32134721681365 2.27375e-13
416.3547036263334 6.82124e-13
416.38806003585324 6.82124e-13
416.4214164453731 1.13688e-12
416.45477285489284 9.09502e-13
416.4881292644127 1.13688e-12
416.52148567393255 1.36425e-12
416.5548420834523 4.54751e-13
416.58819849297214 6.82124e-13
416.621554902492 1.36425e-12
416.65491131201173 9.09502e-13
416.6882677215316 6.82124e-13
416.72162413105144 9.09502e-13
416.75498054057124 1.13688e-12
416.78833695009104 9.09502e-13
416.82169335961083 9.09502e-13
416.8550497691307 9.09502e-13
416.8884061786505 9.09502e-13
416.9217625881703 1.13688e-12
416.95511899769014 4.54751e-13
