pos	X
57.0	4.54751e-13
57.005	6.82124e-13
57.01	4.54751e-13
57.015	6.82124e-13
57.02	6.82124e-13
57.025	0.0
57.03	9.09502e-13
57.035	1.13688e-12
57.04	1.13688e-12
57.045	1.819e-12
57.05	1.13688e-12
57.055	6.82124e-13
57.06	6.82124e-13
57.065	1.13688e-12
57.07	4.54751e-13
57.075	9.09502e-13
57.08	6.82124e-13
57.085	0.0
57.09	0.0
57.095	2.27375e-13
57.1	4.54751e-13
57.105	6.82124e-13
57.11	1.59162e-12
57.115	4.54751e-13
57.12	2.27375e-13
57.125	4.54751e-13
57.13	4.54751e-13
57.135	6.82124e-13
57.14	9.09502e-13
57.145	4.54751e-13
57.15	4.54751e-13
57.155	1.13688e-12
57.16	9.09502e-13
57.165	1.36425e-12
57.17	1.13688e-12
57.175	6.82124e-13
57.18	2.27375e-13
57.185	0.0
57.19	4.54751e-13
57.195	4.54751e-13
57.2	6.82124e-13
57.205	1.13688e-12
57.21	2.27375e-13
57.215	6.82124e-13
57.22	4.54751e-13
57.225	9.09502e-13
57.23	4.54751e-13
57.235	9.09502e-13
57.24	1.13688e-12
57.245	6.82124e-13
57.25	4.54751e-13
57.255	4.54751e-13
57.26	6.82124e-13
57.265	4.54751e-13
57.27	1.13688e-12
57.275	9.09502e-13
57.28	2.27375e-13
57.285	2.27375e-13
57.29	6.82124e-13
57.295	2.27375e-13
57.3	9.09502e-13
57.305	1.13688e-12
57.31	9.09502e-13
57.315	1.59162e-12
57.32	1.13688e-12
57.325	9.09502e-13
57.33	6.82124e-13
57.335	6.82124e-13
57.34	4.54751e-13
57.345	9.09502e-13
57.35	1.36425e-12
57.355	9.09502e-13
57.36	0.0
57.365	0.0
57.37	0.0
57.375	6.82124e-13
57.38	1.59162e-12
57.385	9.09502e-13
57.39	0.0
57.395	4.54751e-13
57.4	4.54751e-13
57.405	4.54751e-13
57.41	2.27375e-13
57.415	0.0
57.42	4.54751e-13
57.425	9.09502e-13
57.43	9.09502e-13
57.435	1.13688e-12
57.44	4.54751e-13
57.445	4.54751e-13
57.45	6.82124e-13
57.455	9.09502e-13
57.46	1.819e-12
57.465	1.819e-12
57.47	4.54751e-13
57.475	4.54751e-13
57.48	4.54751e-13
57.485	0.0
57.49	4.54751e-13
57.495	1.13688e-12
57.5	4.54751e-13
57.505	4.54751e-13
57.51	6.82124e-13
57.515	6.82124e-13
57.52	1.13688e-12
57.525	1.13688e-12
57.53	6.82124e-13
57.535	4.54751e-13
57.54	1.13688e-12
57.545	1.13688e-12
57.55	4.54751e-13
57.555	6.82124e-13
57.56	9.09502e-13
57.565	6.82124e-13
57.57	9.09502e-13
57.575	6.82124e-13
57.58	0.0
57.585	4.54751e-13
57.59	1.13688e-12
57.595	6.82124e-13
57.6	4.54751e-13
57.605	2.27375e-13
57.61	0.0
57.615	4.54751e-13
57.62	4.54751e-13
57.625	1.13688e-12
57.63	6.82124e-13
57.635	6.82124e-13
57.64	2.27375e-13
57.645	9.09502e-13
57.65	6.82124e-13
57.655	2.27375e-13
57.66	9.09502e-13
57.665	6.82124e-13
57.67	2.27375e-13
57.675	4.54751e-13
57.68	4.54751e-13
57.685	4.54751e-13
57.69	4.54751e-13
57.695	4.54751e-13
57.7	2.27375e-13
57.705	1.13688e-12
57.71	1.13688e-12
57.715	4.54751e-13
57.72	2.27375e-13
57.725	4.54751e-13
57.73	4.54751e-13
57.735	6.82124e-13
57.74	1.13688e-12
57.745	4.54751e-13
57.75	0.0
57.755	4.54751e-13
57.76	2.27375e-13
57.765	6.82124e-13
57.77	2.27375e-13
57.775	4.54751e-13
57.78	1.13688e-12
57.785	1.13688e-12
57.79	4.54751e-13
57.795	4.54751e-13
57.8	9.09502e-13
57.805	9.09502e-13
57.81	4.54751e-13
57.815	-2.27375e-13
57.82	2.27375e-13
57.825	6.82124e-13
57.83	1.13688e-12
57.835	1.36425e-12
57.84	0.0
57.845	9.09502e-13
57.85	4.54751e-13
57.855	6.82124e-13
57.86	9.09502e-13
57.865	6.82124e-13
57.87	0.0
57.875	-2.27375e-13
57.88	4.54751e-13
57.885	4.54751e-13
57.89	4.54751e-13
57.895	2.27375e-13
57.9	4.54751e-13
57.905	4.54751e-13
57.91	0.0
57.915	6.82124e-13
57.92	2.27375e-13
57.925	1.13688e-12
57.93	4.54751e-13
57.935	4.54751e-13
57.94	1.36425e-12
57.945	1.13688e-12
57.95	4.54751e-13
57.955	2.27375e-13
57.96	4.54751e-13
57.965	2.27375e-13
57.97	6.82124e-13
57.975	6.82124e-13
57.98	9.09502e-13
57.985	0.0
57.99	2.27375e-13
57.995	4.54751e-13
58.0	6.82124e-13
58.005	1.13688e-12
58.01	1.13688e-12
58.015	9.09502e-13
58.02	1.13688e-12
58.025	9.09502e-13
58.03	1.819e-12
58.035	1.13688e-12
58.04	1.13688e-12
58.045	6.82124e-13
58.05	0.0
58.055	4.54751e-13
58.06	1.36425e-12
58.065	6.82124e-13
58.07	4.54751e-13
58.075	2.27375e-13
58.08	1.13688e-12
58.085	1.13688e-12
58.09	4.54751e-13
58.095	2.27375e-13
58.1	0.0
58.105	4.54751e-13
58.11	6.82124e-13
58.115	4.54751e-13
58.12	4.54751e-13
58.125	-2.27375e-13
58.13	4.54751e-13
58.135	2.27375e-13
58.14	9.09502e-13
58.145	6.82124e-13
58.15	6.82124e-13
58.155	9.09502e-13
58.16	6.82124e-13
58.165	6.82124e-13
58.17	6.82124e-13
58.175	4.54751e-13
58.18	9.09502e-13
58.185	9.09502e-13
58.19	4.54751e-13
58.195	9.09502e-13
58.2	1.13688e-12
58.205	4.54751e-13
58.21	2.27375e-13
58.215	6.82124e-13
58.22	4.54751e-13
58.225	6.82124e-13
58.23	4.54751e-13
58.235	6.82124e-13
58.24	9.09502e-13
58.245	4.54751e-13
58.25	4.54751e-13
58.255	4.54751e-13
58.26	6.82124e-13
58.265	6.82124e-13
58.27	6.82124e-13
58.275	2.27375e-13
58.28	4.54751e-13
58.285	1.13688e-12
58.29	4.54751e-13
58.295	9.09502e-13
58.3	6.82124e-13
58.305	6.82124e-13
58.31	4.54751e-13
58.315	6.82124e-13
58.32	1.13688e-12
58.325	2.27375e-13
58.33	6.82124e-13
58.335	4.54751e-13
58.34	1.13688e-12
58.345	0.0
58.35	9.09502e-13
58.355	4.54751e-13
58.36	4.54751e-13
58.365	4.54751e-13
58.37	1.13688e-12
58.375	9.09502e-13
58.38	4.54751e-13
58.385	4.54751e-13
58.39	2.27375e-13
58.395	4.54751e-13
58.4	2.27375e-13
58.405	4.54751e-13
58.41	0.0
58.415	0.0
58.42	4.54751e-13
58.425	4.54751e-13
58.43	4.54751e-13
58.435	2.27375e-13
58.44	2.27375e-13
58.445	6.82124e-13
58.45	4.54751e-13
58.455	1.13688e-12
58.46	6.82124e-13
58.465	6.82124e-13
58.47	4.54751e-13
58.475	4.54751e-13
58.48	2.27375e-13
58.485	4.54751e-13
58.49	1.13688e-12
58.495	0.0
58.5	6.82124e-13
58.505	4.54751e-13
58.51	1.13688e-12
58.515	4.54751e-13
58.52	6.82124e-13
58.525	4.54751e-13
58.53	9.09502e-13
58.535	6.82124e-13
58.54	4.54751e-13
58.545	1.36425e-12
58.55	4.54751e-13
58.555	4.54751e-13
58.56	4.54751e-13
58.565	6.82124e-13
58.57	6.82124e-13
58.575	1.13688e-12
58.58	1.36425e-12
58.585	1.13688e-12
58.59	0.0
58.595	4.54751e-13
58.6	4.54751e-13
58.605	1.13688e-12
58.61	1.13688e-12
58.615	4.54751e-13
58.62	4.54751e-13
58.625	6.82124e-13
58.63	6.82124e-13
58.635	4.54751e-13
58.64	4.54751e-13
58.645	4.54751e-13
58.65	1.13688e-12
58.655	9.09502e-13
58.66	4.54751e-13
58.665	4.54751e-13
58.67	4.54751e-13
58.675	-2.27375e-13
58.68	4.54751e-13
58.685	0.0
58.69	4.54751e-13
58.695	9.09502e-13
58.7	1.36425e-12
58.705	6.82124e-13
58.71	9.09502e-13
58.715	6.82124e-13
58.72	1.13688e-12
58.725	2.27375e-13
58.73	6.82124e-13
58.735	6.82124e-13
58.74	4.54751e-13
58.745	9.09502e-13
58.75	1.13688e-12
58.755	4.54751e-13
58.76	4.54751e-13
58.765	4.54751e-13
58.77	4.54751e-13
58.775	4.54751e-13
58.78	9.09502e-13
58.785	9.09502e-13
58.79	6.82124e-13
58.795	1.13688e-12
58.8	1.36425e-12
58.805	1.13688e-12
58.81	4.54751e-13
58.815	1.13688e-12
58.82	4.54751e-13
58.825	1.13688e-12
58.83	9.09502e-13
58.835	4.54751e-13
58.84	4.54751e-13
58.845	4.54751e-13
58.85	2.27375e-13
58.855	9.09502e-13
58.86	4.54751e-13
58.865	4.54751e-13
58.87	6.82124e-13
58.875	6.82124e-13
58.88	2.27375e-13
58.885	9.09502e-13
58.89	1.36425e-12
58.895	6.82124e-13
58.9	0.0
58.905	0.0
58.91	-2.27375e-13
58.915	4.54751e-13
58.92	4.54751e-13
58.925	1.13688e-12
58.93	9.09502e-13
58.935	1.13688e-12
58.94	6.82124e-13
58.945	4.54751e-13
58.95	4.54751e-13
58.955	2.27375e-13
58.96	4.54751e-13
58.965	4.54751e-13
58.97	0.0
58.975	9.09502e-13
58.98	0.0
58.985	2.27375e-13
58.99	2.27375e-13
58.995	2.27375e-13
59.0	-2.27375e-13
59.005	4.54751e-13
59.01	2.27375e-13
59.015	0.0
59.02	-6.82124e-13
59.025	0.0
59.03	-2.27375e-13
59.035	4.54751e-13
59.04	2.27375e-13
59.045	0.0
59.05	4.54751e-13
59.055	4.54751e-13
59.06	2.27375e-13
59.065	0.0
59.07	0.0
59.075	4.54751e-13
59.08	4.54751e-13
59.085	2.27375e-13
59.09	0.0
59.095	4.54751e-13
59.1	4.54751e-13
59.105	2.27375e-13
59.11	0.0
59.115	0.0
59.12	-2.27375e-13
59.125	4.54751e-13
59.13	4.54751e-13
59.135	6.82124e-13
59.14	0.0
59.145	1.13688e-12
59.15	2.27375e-13
59.155	0.0
59.16	4.54751e-13
59.165	9.09502e-13
59.17	9.09502e-13
59.175	0.0
59.18	4.54751e-13
59.185	4.54751e-13
59.19	9.09502e-13
59.195	0.0
59.2	0.0
59.205	4.54751e-13
59.21	4.54751e-13
59.215	4.54751e-13
59.22	6.82124e-13
59.225	0.0
59.23	6.82124e-13
59.235	6.82124e-13
59.24	4.54751e-13
59.245	1.13688e-12
59.25	0.0
59.255	4.54751e-13
59.26	1.13688e-12
59.265	4.54751e-13
59.27	4.54751e-13
59.275	4.54751e-13
59.28	9.09502e-13
59.285	1.13688e-12
59.29	1.13688e-12
59.295	1.13688e-12
59.3	9.09502e-13
59.305	4.54751e-13
59.31	4.54751e-13
59.315	2.27375e-13
59.32	1.13688e-12
59.325	9.09502e-13
59.33	0.0
59.335	4.54751e-13
59.34	9.09502e-13
59.345	1.13688e-12
59.35	1.36425e-12
59.355	1.13688e-12
59.36	1.36425e-12
59.365	1.13688e-12
59.37	6.82124e-13
59.375	9.09502e-13
59.38	4.54751e-13
59.385	4.54751e-13
59.39	6.82124e-13
59.395	1.13688e-12
59.4	1.819e-12
59.405	1.36425e-12
59.41	2.27375e-13
59.415	1.13688e-12
59.42	9.09502e-13
59.425	9.09502e-13
59.43	1.13688e-12
59.435	1.819e-12
59.44	1.13688e-12
59.445	1.13688e-12
59.45	1.13688e-12
59.455	1.13688e-12
59.46	2.27375e-13
59.465	4.54751e-13
59.47	4.54751e-13
59.475	4.54751e-13
59.48	1.13688e-12
59.485	4.54751e-13
59.49	4.54751e-13
59.495	6.82124e-13
59.5	1.13688e-12
59.505	9.09502e-13
59.51	1.13688e-12
59.515	1.13688e-12
59.52	1.13688e-12
59.525	1.13688e-12
59.53	-6.82124e-13
59.535	2.27375e-13
59.54	9.09502e-13
59.545	1.13688e-12
59.55	1.13688e-12
59.555	1.36425e-12
59.56	1.13688e-12
59.565	1.13688e-12
59.57	1.13688e-12
59.575	1.13688e-12
59.58	1.13688e-12
59.585	1.36425e-12
59.59	1.13688e-12
59.595	1.819e-12
59.6	2.27375e-12
59.605	1.36425e-12
59.61	9.09502e-13
59.615	1.36425e-12
59.62	2.27375e-12
59.625	1.13688e-12
59.63	1.819e-12
59.635	2.27375e-12
59.64	1.819e-12
59.645	2.27375e-12
59.65	1.819e-12
59.655	2.27375e-12
59.66	2.7285e-12
59.665	2.27375e-12
59.67	2.27375e-12
59.675	2.7285e-12
59.68	2.50112e-12
59.685	2.27375e-12
59.69	2.50112e-12
59.695	3.63801e-12
59.7	4.32013e-12
59.705	3.63801e-12
59.71	4.09275e-12
59.715	4.32013e-12
59.72	4.32013e-12
59.725	4.77487e-12
59.73	4.77487e-12
59.735	4.77487e-12
59.74	5.457e-12
59.745	6.13912e-12
59.75	6.59386e-12
59.755	6.59386e-12
59.76	7.50339e-12
59.765	7.95813e-12
59.77	8.64026e-12
59.775	9.77712e-12
59.78	9.32238e-12
59.785	9.32238e-12
59.79	1.00045e-11
59.795	1.00045e-11
59.8	1.18235e-11
59.805	1.18235e-11
59.81	1.13687e-11
59.815	1.2733e-11
59.82	1.31877e-11
59.825	1.34151e-11
59.83	1.29604e-11
59.835	1.40972e-11
59.84	1.47794e-11
59.845	1.50068e-11
59.85	1.54615e-11
59.855	1.54615e-11
59.86	1.52341e-11
59.865	1.61436e-11
59.87	1.54615e-11
59.875	1.61436e-11
59.88	1.59163e-11
59.885	1.56889e-11
59.89	1.47794e-11
59.895	1.4552e-11
59.9	1.36425e-11
59.905	1.2733e-11
59.91	1.18235e-11
59.915	1.02319e-11
59.92	8.86763e-12
59.925	6.59386e-12
59.93	4.32013e-12
59.935	1.13688e-12
59.94	-2.50112e-12
59.945	-4.32013e-12
59.95	-8.18551e-12
59.955	-1.18235e-11
59.96	-1.70531e-11
59.965	-2.25101e-11
59.97	-2.70576e-11
59.975	-3.25147e-11
59.98	-3.86537e-11
59.985	-4.50202e-11
59.99	-5.13867e-11
59.995	-5.86629e-11
60.0	-6.73031e-11
60.005	-7.54885e-11
60.01	-8.41287e-11
60.015	-9.45879e-11
60.02	-1.02319e-10
60.025	-1.10504e-10
60.03	-1.19599e-10
60.035	-1.2733e-10
60.04	-1.38471e-10
60.045	-1.4552e-10
60.05	-1.5507e-10
60.055	-1.6371e-10
60.06	-1.70531e-10
60.065	-1.76443e-10
60.07	-1.81218e-10
60.075	-1.84856e-10
60.08	-1.88494e-10
60.085	-1.90313e-10
60.09	-1.89858e-10
60.095	-1.85993e-10
60.1	-1.81672e-10
60.105	-1.75533e-10
60.11	-1.66211e-10
60.115	-1.53705e-10
60.12	-1.38926e-10
60.125	-1.2301e-10
60.13	-1.06866e-10
60.135	-8.07181e-11
60.14	-5.38878e-11
60.145	-2.77397e-11
60.15	4.32013e-12
60.155	3.75169e-11
60.16	7.20779e-11
60.165	1.0914e-10
60.17	1.46657e-10
60.175	1.77125e-10
60.18	2.23964e-10
60.185	2.64437e-10
60.19	3.0059e-10
60.195	3.29466e-10
60.2	3.71758e-10
60.205	4.05182e-10
60.21	4.32921e-10
60.215	4.58842e-10
60.22	4.76124e-10
60.225	4.91585e-10
60.23	5.02954e-10
60.235	5.07274e-10
60.24	5.03636e-10
60.245	4.93859e-10
60.25	4.74532e-10
60.255	4.52475e-10
60.26	4.20416e-10
60.265	3.80853e-10
60.27	3.34241e-10
60.275	2.85128e-10
60.28	2.30103e-10
60.285	1.70531e-10
60.29	1.07321e-10
60.295	4.82034e-11
60.3	-1.95542e-11
60.305	-8.3674e-11
60.31	-1.4984e-10
60.315	-2.10094e-10
60.32	-2.65802e-10
60.325	-3.15369e-10
60.33	-3.6289e-10
60.335	-4.01771e-10
60.34	-4.3133e-10
60.345	-4.56341e-10
60.35	-4.6953e-10
60.355	-4.73168e-10
60.36	-4.67256e-10
60.365	-4.53385e-10
60.37	-4.32694e-10
60.375	-4.03363e-10
60.38	-3.66528e-10
60.385	-3.23327e-10
60.39	-2.77398e-10
60.395	-2.25556e-10
60.4	-1.76215e-10
60.405	-1.17326e-10
60.41	-6.93494e-11
60.415	-1.77353e-11
60.42	2.97862e-11
60.425	7.57159e-11
60.43	1.15734e-10
60.435	1.48476e-10
60.44	1.74851e-10
60.445	1.97134e-10
60.45	2.15096e-10
60.455	2.24646e-10
60.46	2.26465e-10
60.465	2.24873e-10
60.47	2.16461e-10
60.475	2.05092e-10
60.48	1.88494e-10
60.485	1.70304e-10
60.49	1.49385e-10
60.495	1.26875e-10
60.5	1.03683e-10
60.505	8.29918e-11
60.51	5.84355e-11
60.515	3.638e-11
60.52	1.56889e-11
60.525	-3.18325e-12
60.53	-2.13732e-11
60.535	-3.77443e-11
60.54	-5.25235e-11
60.545	-6.43472e-11
60.55	-7.4579e-11
60.555	-8.29918e-11
60.56	-9.11773e-11
60.565	-9.54974e-11
60.57	-9.93627e-11
60.575	-1.01864e-10
60.58	-1.02546e-10
60.585	-1.01409e-10
60.59	-1.00272e-10
60.595	-9.84532e-11
60.6	-9.45879e-11
60.605	-9.02678e-11
60.61	-8.3674e-11
60.615	-7.61706e-11
60.62	-7.00315e-11
60.625	-6.18461e-11
60.63	-5.32057e-11
60.635	-4.50202e-11
60.64	-3.66074e-11
60.645	-2.77397e-11
60.65	-1.84174e-11
60.655	-9.77712e-12
60.66	-2.50112e-12
60.665	4.77487e-12
60.67	1.18235e-11
60.675	1.61436e-11
60.68	1.95542e-11
60.685	2.3647e-11
60.69	2.5466e-11
60.695	2.61481e-11
60.7	2.75123e-11
60.705	2.68302e-11
60.71	2.56933e-11
60.715	2.47838e-11
60.72	2.27375e-11
60.725	2.04637e-11
60.73	1.79626e-11
60.735	1.4552e-11
60.74	1.18235e-11
60.745	8.41288e-12
60.75	5.91174e-12
60.755	2.95587e-12
60.76	4.54751e-13
60.765	-1.36425e-12
60.77	-3.63801e-12
60.775	-5.68437e-12
60.78	-8.41288e-12
60.785	-9.77712e-12
60.79	-1.18235e-11
60.795	-1.25056e-11
60.8	-1.38698e-11
60.805	-1.6371e-11
60.81	-1.65984e-11
60.815	-1.70531e-11
60.82	-1.75079e-11
60.825	-1.819e-11
60.83	-1.819e-11
60.835	-1.819e-11
60.84	-1.819e-11
60.845	-1.77353e-11
60.85	-1.6371e-11
60.855	-1.59163e-11
60.86	-1.50068e-11
60.865	-1.25056e-11
60.87	-1.13687e-11
60.875	-1.04592e-11
60.88	-8.18551e-12
60.885	-5.91174e-12
60.89	-4.32013e-12
60.895	-2.95587e-12
60.9	-6.82124e-13
60.905	4.54751e-13
60.91	1.13688e-12
60.915	2.27375e-12
60.92	4.32013e-12
60.925	4.77487e-12
60.93	6.36649e-12
60.935	6.82124e-12
60.94	7.73076e-12
60.945	8.18551e-12
60.95	8.64026e-12
60.955	9.54975e-12
60.96	1.00045e-11
60.965	1.04592e-11
60.97	1.06866e-11
60.975	1.11414e-11
60.98	1.11414e-11
60.985	1.0914e-11
60.99	1.02319e-11
60.995	1.00045e-11
61.0	1.04592e-11
61.005	1.04592e-11
61.01	9.77712e-12
61.015	1.02319e-11
61.02	9.32238e-12
61.025	9.095e-12
61.03	8.64026e-12
61.035	7.95813e-12
61.04	8.18551e-12
61.045	7.95813e-12
61.05	7.04861e-12
61.055	7.27601e-12
61.06	7.27601e-12
61.065	6.82124e-12
61.07	7.04861e-12
61.075	6.82124e-12
61.08	6.13912e-12
61.085	6.13912e-12
61.09	6.82124e-12
61.095	6.59386e-12
61.1	6.36649e-12
61.105	6.13912e-12
61.11	6.13912e-12
61.115	6.36649e-12
61.12	6.59386e-12
61.125	6.36649e-12
61.13	6.13912e-12
61.135	6.13912e-12
61.14	5.91174e-12
61.145	5.68437e-12
61.15	5.91174e-12
61.155	6.13912e-12
61.16	5.68437e-12
61.165	5.22962e-12
61.17	5.22962e-12
61.175	5.457e-12
61.18	4.32013e-12
61.185	4.32013e-12
61.19	4.5475e-12
61.195	4.77487e-12
61.2	4.77487e-12
61.205	4.32013e-12
61.21	3.41062e-12
61.215	3.18325e-12
61.22	3.63801e-12
61.225	3.86538e-12
61.23	3.18325e-12
61.235	3.41062e-12
61.24	3.18325e-12
61.245	3.18325e-12
61.25	3.63801e-12
61.255	3.63801e-12
61.26	3.63801e-12
61.265	3.63801e-12
61.27	4.77487e-12
61.275	4.77487e-12
61.28	5.00225e-12
61.285	5.00225e-12
61.29	4.77487e-12
61.295	4.32013e-12
61.3	4.32013e-12
61.305	4.77487e-12
61.31	5.22962e-12
61.315	4.77487e-12
61.32	4.5475e-12
61.325	4.5475e-12
61.33	4.09275e-12
61.335	4.32013e-12
61.34	4.32013e-12
61.345	4.09275e-12
61.35	4.32013e-12
61.355	3.63801e-12
61.36	3.86538e-12
61.365	3.86538e-12
61.37	2.95587e-12
61.375	3.41062e-12
61.38	4.77487e-12
61.385	3.63801e-12
61.39	3.63801e-12
61.395	3.63801e-12
61.4	3.41062e-12
61.405	3.18325e-12
61.41	2.27375e-12
61.415	2.7285e-12
61.42	2.95587e-12
61.425	2.7285e-12
61.43	2.27375e-12
61.435	1.819e-12
61.44	1.819e-12
61.445	1.36425e-12
61.45	1.13688e-12
61.455	9.09502e-13
61.46	4.54751e-13
61.465	6.82124e-13
61.47	4.54751e-13
61.475	6.82124e-13
61.48	4.54751e-13
61.485	0.0
61.49	-2.27375e-13
61.495	0.0
61.5	0.0
61.505	-6.82124e-13
61.51	0.0
61.515	0.0
61.52	4.54751e-13
61.525	-2.27375e-13
61.53	-6.82124e-13
61.535	-6.82124e-13
61.54	2.27375e-13
61.545	-6.82124e-13
61.55	-6.82124e-13
61.555	-9.09502e-13
61.56	0.0
61.565	0.0
61.57	0.0
61.575	2.27375e-13
61.58	9.09502e-13
61.585	2.27375e-13
61.59	9.09502e-13
61.595	6.82124e-13
61.6	4.54751e-13
61.605	9.09502e-13
61.61	1.13688e-12
61.615	6.82124e-13
61.62	1.59162e-12
61.625	2.04638e-12
61.63	1.59162e-12
61.635	1.59162e-12
61.64	1.819e-12
61.645	2.27375e-12
61.65	2.27375e-12
61.655	2.95587e-12
61.66	2.95587e-12
61.665	2.50112e-12
61.67	3.18325e-12
61.675	3.18325e-12
61.68	3.18325e-12
61.685	3.63801e-12
61.69	3.86538e-12
61.695	2.95587e-12
61.7	2.50112e-12
61.705	2.95587e-12
61.71	3.18325e-12
61.715	2.7285e-12
61.72	2.50112e-12
61.725	2.27375e-12
61.73	1.819e-12
61.735	1.13688e-12
61.74	1.59162e-12
61.745	1.13688e-12
61.75	9.09502e-13
61.755	4.54751e-13
61.76	0.0
61.765	-1.13688e-12
61.77	-1.819e-12
61.775	-2.50112e-12
61.78	-2.7285e-12
61.785	-2.95587e-12
61.79	-3.86538e-12
61.795	-3.18325e-12
61.8	-3.86538e-12
61.805	-4.09275e-12
61.81	-4.5475e-12
61.815	-4.32013e-12
61.82	-5.00225e-12
61.825	-5.457e-12
61.83	-5.457e-12
61.835	-4.77487e-12
61.84	-5.68437e-12
61.845	-4.5475e-12
61.85	-4.5475e-12
61.855	-4.77487e-12
61.86	-3.86538e-12
61.865	-4.32013e-12
61.87	-3.41062e-12
61.875	-3.18325e-12
61.88	-2.95587e-12
61.885	-2.27375e-12
61.89	-2.04638e-12
61.895	-1.36425e-12
61.9	-1.13688e-12
61.905	-9.09502e-13
61.91	0.0
61.915	4.54751e-13
61.92	4.54751e-13
61.925	9.09502e-13
61.93	1.819e-12
61.935	2.27375e-12
61.94	2.27375e-12
61.945	2.27375e-12
61.95	2.95587e-12
61.955	2.50112e-12
61.96	2.50112e-12
61.965	4.32013e-12
61.97	3.86538e-12
61.975	4.32013e-12
61.98	4.09275e-12
61.985	4.32013e-12
61.99	3.41062e-12
61.995	3.18325e-12
62.0	3.63801e-12
62.005	3.41062e-12
62.01	3.41062e-12
62.015	2.95587e-12
62.02	2.50112e-12
62.025	2.27375e-12
62.03	1.819e-12
62.035	2.04638e-12
62.04	1.59162e-12
62.045	1.59162e-12
62.05	4.54751e-13
62.055	6.82124e-13
62.06	-2.27375e-13
62.065	0.0
62.07	-4.54751e-13
62.075	0.0
62.08	6.82124e-13
62.085	0.0
62.09	-6.82124e-13
62.095	-6.82124e-13
62.1	-4.54751e-13
62.105	0.0
62.11	-4.54751e-13
62.115	-6.82124e-13
62.12	-9.09502e-13
62.125	-2.27375e-13
62.13	-4.54751e-13
62.135	-1.36425e-12
62.14	-6.82124e-13
62.145	-1.36425e-12
62.15	-1.59162e-12
62.155	-1.36425e-12
62.16	-2.04638e-12
62.165	-1.59162e-12
62.17	-2.04638e-12
62.175	-1.59162e-12
62.18	-2.04638e-12
62.185	-2.27375e-12
62.19	-2.04638e-12
62.195	-2.95587e-12
62.2	-3.63801e-12
62.205	-3.18325e-12
62.21	-3.18325e-12
62.215	-3.41062e-12
62.22	-3.41062e-12
62.225	-3.18325e-12
62.23	-3.18325e-12
62.235	-4.32013e-12
62.24	-4.5475e-12
62.245	-3.18325e-12
62.25	-3.63801e-12
62.255	-3.18325e-12
62.26	-3.18325e-12
62.265	-4.09275e-12
62.27	-3.86538e-12
62.275	-3.41062e-12
62.28	-3.41062e-12
62.285	-4.5475e-12
62.29	-3.41062e-12
62.295	-4.32013e-12
62.3	-5.00225e-12
62.305	-3.86538e-12
62.31	-4.5475e-12
62.315	-4.32013e-12
62.32	-4.32013e-12
62.325	-4.5475e-12
62.33	-4.32013e-12
62.335	-4.5475e-12
62.34	-3.86538e-12
62.345	-4.32013e-12
62.35	-3.41062e-12
62.355	-2.95587e-12
62.36	-2.95587e-12
62.365	-2.50112e-12
62.37	-2.27375e-12
62.375	-1.59162e-12
62.38	0.0
62.385	2.27375e-13
62.39	1.13688e-12
62.395	1.819e-12
62.4	2.50112e-12
62.405	3.63801e-12
62.41	4.09275e-12
62.415	4.5475e-12
62.42	5.457e-12
62.425	6.59386e-12
62.43	7.27601e-12
62.435	7.95813e-12
62.44	9.095e-12
62.445	9.32238e-12
62.45	9.77712e-12
62.455	1.02319e-11
62.46	9.77712e-12
62.465	1.02319e-11
62.47	9.77712e-12
62.475	1.02319e-11
62.48	1.04592e-11
62.485	1.04592e-11
62.49	9.77712e-12
62.495	1.00045e-11
62.5	1.02319e-11
62.505	9.32238e-12
62.51	7.73076e-12
62.515	7.04861e-12
62.52	6.82124e-12
62.525	5.457e-12
62.53	4.77487e-12
62.535	4.32013e-12
62.54	3.86538e-12
62.545	2.95587e-12
62.55	1.59162e-12
62.555	-6.82124e-13
62.56	0.0
62.565	-6.82124e-13
62.57	-1.819e-12
62.575	-2.7285e-12
62.58	-3.63801e-12
62.585	-2.7285e-12
62.59	-3.41062e-12
62.595	-3.63801e-12
62.6	-4.09275e-12
62.605	-4.5475e-12
62.61	-4.09275e-12
62.615	-4.5475e-12
62.62	-4.32013e-12
62.625	-4.09275e-12
62.63	-4.09275e-12
62.635	-3.18325e-12
62.64	-2.95587e-12
62.645	-2.50112e-12
62.65	-2.27375e-12
62.655	-2.04638e-12
62.66	-2.27375e-12
62.665	-2.04638e-12
62.67	-1.13688e-12
62.675	-2.27375e-13
62.68	-4.54751e-13
62.685	-6.82124e-13
62.69	-6.82124e-13
62.695	-4.54751e-13
62.7	0.0
62.705	-2.27375e-13
62.71	-4.54751e-13
62.715	2.27375e-13
62.72	4.54751e-13
62.725	4.54751e-13
62.73	2.27375e-13
62.735	6.82124e-13
62.74	6.82124e-13
62.745	6.82124e-13
62.75	1.819e-12
62.755	1.13688e-12
62.76	1.819e-12
62.765	2.7285e-12
62.77	2.27375e-12
62.775	1.819e-12
62.78	3.18325e-12
62.785	3.63801e-12
62.79	2.95587e-12
62.795	3.18325e-12
62.8	3.18325e-12
62.805	2.95587e-12
62.81	2.27375e-12
62.815	1.59162e-12
62.82	1.13688e-12
62.825	4.54751e-13
62.83	-6.82124e-13
62.835	-1.59162e-12
62.84	-1.36425e-12
62.845	-2.27375e-12
62.85	-3.86538e-12
62.855	-4.5475e-12
62.86	-4.32013e-12
62.865	-4.77487e-12
62.87	-4.5475e-12
62.875	-5.00225e-12
62.88	-5.00225e-12
62.885	-4.5475e-12
62.89	-4.77487e-12
62.895	-4.5475e-12
62.9	-4.32013e-12
62.905	-3.41062e-12
62.91	-3.63801e-12
62.915	-3.18325e-12
62.92	-2.50112e-12
62.925	-1.819e-12
62.93	-6.82124e-13
62.935	0.0
62.94	-1.36425e-12
62.945	-2.27375e-13
62.95	-6.82124e-13
62.955	0.0
62.96	4.54751e-13
62.965	0.0
62.97	4.54751e-13
62.975	2.27375e-13
62.98	-2.27375e-13
62.985	-2.27375e-13
62.99	-6.82124e-13
62.995	-6.82124e-13
63.0	-2.27375e-13
63.005	-6.82124e-13
63.01	-4.54751e-13
63.015	-4.54751e-13
63.02	-6.82124e-13
63.025	-9.09502e-13
63.03	-1.13688e-12
63.035	-1.13688e-12
63.04	-6.82124e-13
63.045	-4.54751e-13
63.05	-6.82124e-13
63.055	0.0
63.06	-4.54751e-13
63.065	0.0
63.07	0.0
63.075	-6.82124e-13
63.08	2.27375e-13
63.085	4.54751e-13
63.09	2.27375e-13
63.095	-6.82124e-13
63.1	-6.82124e-13
63.105	-6.82124e-13
63.11	-4.54751e-13
63.115	0.0
63.12	-9.09502e-13
63.125	-2.27375e-13
63.13	-1.13688e-12
63.135	-1.13688e-12
63.14	-9.09502e-13
63.145	-6.82124e-13
63.15	0.0
63.155	-2.27375e-13
63.16	6.82124e-13
63.165	-6.82124e-13
63.17	-6.82124e-13
63.175	0.0
63.18	0.0
63.185	0.0
63.19	0.0
63.195	2.27375e-13
63.2	2.27375e-13
63.205	4.54751e-13
63.21	0.0
63.215	2.27375e-13
63.22	4.54751e-13
63.225	0.0
63.23	0.0
63.235	-9.09502e-13
63.24	-1.36425e-12
63.245	-1.13688e-12
63.25	-6.82124e-13
63.255	2.27375e-13
63.26	-9.09502e-13
63.265	-9.09502e-13
63.27	-1.36425e-12
63.275	-6.82124e-13
63.28	-6.82124e-13
63.285	-6.82124e-13
63.29	-6.82124e-13
63.295	-6.82124e-13
63.3	-6.82124e-13
63.305	0.0
63.31	0.0
63.315	2.27375e-13
63.32	2.27375e-13
63.325	9.09502e-13
63.33	4.54751e-13
63.335	1.13688e-12
63.34	6.82124e-13
63.345	4.54751e-13
63.35	-2.27375e-13
63.355	0.0
63.36	0.0
63.365	0.0
63.37	-2.27375e-13
63.375	0.0
63.38	-4.54751e-13
63.385	0.0
63.39	4.54751e-13
63.395	-6.82124e-13
63.4	-2.27375e-13
63.405	2.27375e-13
63.41	0.0
63.415	-2.27375e-13
63.42	-6.82124e-13
63.425	-2.27375e-13
63.43	4.54751e-13
63.435	2.27375e-13
63.44	4.54751e-13
63.445	2.27375e-13
63.45	4.54751e-13
63.455	9.09502e-13
63.46	1.819e-12
63.465	1.13688e-12
63.47	1.819e-12
63.475	2.27375e-12
63.48	2.27375e-12
63.485	2.50112e-12
63.49	2.7285e-12
63.495	2.95587e-12
63.5	2.7285e-12
63.505	3.41062e-12
63.51	4.32013e-12
63.515	3.63801e-12
63.52	3.41062e-12
63.525	3.63801e-12
63.53	3.63801e-12
63.535	3.86538e-12
63.54	4.09275e-12
63.545	3.41062e-12
63.55	3.18325e-12
63.555	3.86538e-12
63.56	3.86538e-12
63.565	3.63801e-12
63.57	3.63801e-12
63.575	3.63801e-12
63.58	2.7285e-12
63.585	2.27375e-12
63.59	2.50112e-12
63.595	2.27375e-12
63.6	1.36425e-12
63.605	1.36425e-12
63.61	9.09502e-13
63.615	1.13688e-12
63.62	6.82124e-13
63.625	1.13688e-12
63.63	6.82124e-13
63.635	0.0
63.64	2.27375e-13
63.645	0.0
63.65	0.0
63.655	-4.54751e-13
63.66	-4.54751e-13
63.665	-4.54751e-13
63.67	-1.13688e-12
63.675	-4.54751e-13
63.68	0.0
63.685	-2.27375e-13
63.69	-4.54751e-13
63.695	0.0
63.7	-1.36425e-12
63.705	-4.54751e-13
63.71	0.0
63.715	-4.54751e-13
63.72	4.54751e-13
63.725	2.27375e-13
63.73	0.0
63.735	6.82124e-13
63.74	4.54751e-13
63.745	9.09502e-13
63.75	9.09502e-13
63.755	4.54751e-13
63.76	1.13688e-12
63.765	6.82124e-13
63.77	2.27375e-13
63.775	1.13688e-12
63.78	1.13688e-12
63.785	2.27375e-13
63.79	2.27375e-13
63.795	4.54751e-13
63.8	6.82124e-13
63.805	4.54751e-13
63.81	1.13688e-12
63.815	4.54751e-13
63.82	4.54751e-13
63.825	0.0
63.83	-6.82124e-13
63.835	4.54751e-13
63.84	0.0
63.845	4.54751e-13
63.85	0.0
63.855	0.0
63.86	0.0
63.865	4.54751e-13
63.87	0.0
63.875	4.54751e-13
63.88	2.27375e-13
63.885	6.82124e-13
63.89	0.0
63.895	-4.54751e-13
63.9	-2.27375e-13
63.905	2.27375e-13
63.91	0.0
63.915	4.54751e-13
63.92	-2.27375e-13
63.925	-6.82124e-13
63.93	-2.27375e-13
63.935	4.54751e-13
63.94	0.0
63.945	-9.09502e-13
63.95	-9.09502e-13
63.955	0.0
63.96	4.54751e-13
63.965	0.0
63.97	-9.09502e-13
63.975	-6.82124e-13
63.98	4.54751e-13
63.985	2.27375e-13
63.99	-6.82124e-13
63.995	0.0
64.0	4.54751e-13
64.005	2.27375e-13
64.01	4.54751e-13
64.015	6.82124e-13
64.02	4.54751e-13
64.025	1.13688e-12
64.03	6.82124e-13
64.035	9.09502e-13
64.04	1.819e-12
64.045	2.27375e-12
64.05	1.13688e-12
64.055	1.819e-12
64.06	2.27375e-12
64.065	2.27375e-12
64.07	1.819e-12
64.075	2.27375e-12
64.08	2.7285e-12
64.085	2.7285e-12
64.09	2.95587e-12
64.095	2.95587e-12
64.1	2.50112e-12
64.105	2.27375e-12
64.11	2.7285e-12
64.115	2.27375e-12
64.12	2.04638e-12
64.125	2.27375e-12
64.13	1.819e-12
64.135	9.09502e-13
64.14	6.82124e-13
64.145	9.09502e-13
64.15	4.54751e-13
64.155	2.27375e-13
64.16	-6.82124e-13
64.165	-6.82124e-13
64.17	-4.54751e-13
64.175	-1.819e-12
64.18	-1.819e-12
64.185	-2.04638e-12
64.19	-2.27375e-12
64.195	-1.819e-12
64.2	-1.819e-12
64.205	-2.50112e-12
64.21	-2.04638e-12
64.215	-1.819e-12
64.22	-2.04638e-12
64.225	-2.04638e-12
64.23	-2.04638e-12
64.235	-2.27375e-12
64.24	-2.50112e-12
64.245	-2.50112e-12
64.25	-1.36425e-12
64.255	-1.36425e-12
64.26	-1.13688e-12
64.265	0.0
64.27	0.0
64.275	4.54751e-13
64.28	1.13688e-12
64.285	1.819e-12
64.29	2.27375e-12
64.295	2.27375e-12
64.3	2.50112e-12
64.305	3.63801e-12
64.31	3.86538e-12
64.315	4.32013e-12
64.32	4.77487e-12
64.325	5.68437e-12
64.33	5.457e-12
64.335	5.68437e-12
64.34	5.91174e-12
64.345	5.68437e-12
64.35	6.13912e-12
64.355	6.13912e-12
64.36	5.00225e-12
64.365	5.457e-12
64.37	5.00225e-12
64.375	4.77487e-12
64.38	3.86538e-12
64.385	4.09275e-12
64.39	2.95587e-12
64.395	1.59162e-12
64.4	1.59162e-12
64.405	1.59162e-12
64.41	1.13688e-12
64.415	4.54751e-13
64.42	0.0
64.425	-4.54751e-13
64.43	-4.54751e-13
64.435	-6.82124e-13
64.44	-4.54751e-13
64.445	0.0
64.45	-6.82124e-13
64.455	-9.09502e-13
64.46	-1.36425e-12
64.465	-4.54751e-13
64.47	-1.36425e-12
64.475	-9.09502e-13
64.48	-6.82124e-13
64.485	-1.13688e-12
64.49	-1.36425e-12
64.495	-1.36425e-12
64.5	-4.54751e-13
64.505	-6.82124e-13
64.51	-6.82124e-13
64.515	-6.82124e-13
64.52	0.0
64.525	-6.82124e-13
64.53	0.0
64.535	6.82124e-13
64.54	-1.13688e-12
64.545	0.0
64.55	2.27375e-13
64.555	0.0
64.56	4.54751e-13
64.565	-2.27375e-13
64.57	4.54751e-13
64.575	2.27375e-13
64.58	4.54751e-13
64.585	2.27375e-13
64.59	4.54751e-13
64.595	2.27375e-13
64.6	0.0
64.605	0.0
64.61	-2.27375e-13
64.615	-4.54751e-13
64.62	0.0
64.625	-6.82124e-13
64.63	-1.36425e-12
64.635	-1.36425e-12
64.64	-2.27375e-12
64.645	-2.50112e-12
64.65	-3.41062e-12
64.655	-2.95587e-12
64.66	-3.63801e-12
64.665	-4.09275e-12
64.67	-4.5475e-12
64.675	-5.22962e-12
64.68	-5.91174e-12
64.685	-5.91174e-12
64.69	-6.13912e-12
64.695	-7.27601e-12
64.7	-6.59386e-12
64.705	-7.50339e-12
64.71	-8.18551e-12
64.715	-9.095e-12
64.72	-8.86763e-12
64.725	-1.00045e-11
64.73	-1.00045e-11
64.735	-1.00045e-11
64.74	-1.00045e-11
64.745	-9.77712e-12
64.75	-9.77712e-12
64.755	-1.06866e-11
64.76	-1.11414e-11
64.765	-1.00045e-11
64.77	-1.02319e-11
64.775	-9.54975e-12
64.78	-8.86763e-12
64.785	-8.86763e-12
64.79	-8.18551e-12
64.795	-7.50339e-12
64.8	-7.04861e-12
64.805	-5.91174e-12
64.81	-5.457e-12
64.815	-3.41062e-12
64.82	-2.27375e-12
64.825	-2.27375e-13
64.83	1.819e-12
64.835	2.95587e-12
64.84	3.86538e-12
64.845	6.13912e-12
64.85	7.04861e-12
64.855	8.86763e-12
64.86	1.0914e-11
64.865	1.22782e-11
64.87	1.38698e-11
64.875	1.56889e-11
64.88	1.72805e-11
64.885	1.75079e-11
64.89	1.93269e-11
64.895	2.04637e-11
64.9	2.1828e-11
64.905	2.27375e-11
64.91	2.29649e-11
64.915	2.3647e-11
64.92	2.45565e-11
64.925	2.45565e-11
64.93	2.47838e-11
64.935	2.5466e-11
64.94	2.59207e-11
64.945	2.47838e-11
64.95	2.41017e-11
64.955	2.3647e-11
64.96	2.25101e-11
64.965	2.1828e-11
64.97	2.13732e-11
64.975	2.06911e-11
64.98	1.95542e-11
64.985	1.84174e-11
64.99	1.6371e-11
64.995	1.61436e-11
65.0	1.43246e-11
65.005	1.22782e-11
65.01	1.0914e-11
65.015	9.77712e-12
65.02	7.95813e-12
65.025	5.91174e-12
65.03	4.77487e-12
65.035	2.95587e-12
65.04	9.09502e-13
65.045	-4.54751e-13
65.05	-2.04638e-12
65.055	-2.7285e-12
65.06	-4.09275e-12
65.065	-4.77487e-12
65.07	-5.68437e-12
65.075	-5.91174e-12
65.08	-6.82124e-12
65.085	-7.50339e-12
65.09	-7.50339e-12
65.095	-8.86763e-12
65.1	-8.41288e-12
65.105	-8.18551e-12
65.11	-9.32238e-12
65.115	-8.41288e-12
65.12	-7.95813e-12
65.125	-7.95813e-12
65.13	-7.50339e-12
65.135	-7.50339e-12
65.14	-5.91174e-12
65.145	-7.04861e-12
65.15	-6.13912e-12
65.155	-5.00225e-12
65.16	-5.00225e-12
65.165	-4.32013e-12
65.17	-4.5475e-12
65.175	-3.86538e-12
65.18	-3.63801e-12
65.185	-3.86538e-12
65.19	-3.41062e-12
65.195	-3.18325e-12
65.2	-3.18325e-12
65.205	-2.7285e-12
65.21	-2.95587e-12
65.215	-2.7285e-12
65.22	-2.7285e-12
65.225	-2.7285e-12
65.23	-4.09275e-12
65.235	-3.86538e-12
65.24	-4.77487e-12
65.245	-4.32013e-12
65.25	-4.77487e-12
65.255	-4.32013e-12
65.26	-4.77487e-12
65.265	-5.68437e-12
65.27	-6.13912e-12
65.275	-6.36649e-12
65.28	-6.36649e-12
65.285	-6.36649e-12
65.29	-7.04861e-12
65.295	-7.04861e-12
65.3	-7.50339e-12
65.305	-7.50339e-12
65.31	-7.04861e-12
65.315	-7.27601e-12
65.32	-7.27601e-12
65.325	-7.27601e-12
65.33	-7.27601e-12
65.335	-7.04861e-12
65.34	-6.82124e-12
65.345	-6.36649e-12
65.35	-6.82124e-12
65.355	-6.59386e-12
65.36	-6.36649e-12
65.365	-5.00225e-12
65.37	-4.77487e-12
65.375	-5.457e-12
65.38	-4.09275e-12
65.385	-5.00225e-12
65.39	-5.00225e-12
65.395	-4.5475e-12
65.4	-4.32013e-12
65.405	-3.86538e-12
65.41	-4.5475e-12
65.415	-3.86538e-12
65.42	-3.18325e-12
65.425	-3.41062e-12
65.43	-2.95587e-12
65.435	-3.63801e-12
65.44	-3.18325e-12
65.445	-2.95587e-12
65.45	-2.7285e-12
65.455	-3.41062e-12
65.46	-3.63801e-12
65.465	-3.18325e-12
65.47	-3.63801e-12
65.475	-2.95587e-12
65.48	-2.7285e-12
65.485	-2.7285e-12
65.49	-3.18325e-12
65.495	-2.04638e-12
65.5	-2.50112e-12
65.505	-2.27375e-12
65.51	-2.04638e-12
65.515	-1.59162e-12
65.52	-2.27375e-12
65.525	-1.819e-12
65.53	-2.50112e-12
65.535	-2.04638e-12
65.54	-2.50112e-12
65.545	-2.7285e-12
65.55	-3.18325e-12
65.555	-3.41062e-12
65.56	-3.86538e-12
65.565	-3.86538e-12
65.57	-3.63801e-12
65.575	-5.00225e-12
65.58	-5.22962e-12
65.585	-4.77487e-12
65.59	-5.68437e-12
65.595	-5.457e-12
65.6	-5.68437e-12
65.605	-5.00225e-12
65.61	-5.22962e-12
65.615	-4.5475e-12
65.62	-4.5475e-12
65.625	-3.86538e-12
65.63	-3.86538e-12
65.635	-3.18325e-12
65.64	-2.50112e-12
65.645	-2.50112e-12
65.65	-1.819e-12
65.655	-6.82124e-13
65.66	0.0
65.665	4.54751e-13
65.67	0.0
65.675	2.27375e-13
65.68	4.54751e-13
65.685	6.82124e-13
65.69	1.13688e-12
65.695	1.36425e-12
65.7	2.04638e-12
65.705	1.819e-12
65.71	2.04638e-12
65.715	1.36425e-12
65.72	2.27375e-12
65.725	2.04638e-12
65.73	1.13688e-12
65.735	2.27375e-12
65.74	2.95587e-12
65.745	2.95587e-12
65.75	2.7285e-12
65.755	2.27375e-12
65.76	2.95587e-12
65.765	3.18325e-12
65.77	3.18325e-12
65.775	4.32013e-12
65.78	3.63801e-12
65.785	3.63801e-12
65.79	3.86538e-12
65.795	4.09275e-12
65.8	4.77487e-12
65.805	5.00225e-12
65.81	4.77487e-12
65.815	5.00225e-12
65.82	4.5475e-12
65.825	5.22962e-12
65.83	5.22962e-12
65.835	5.457e-12
65.84	5.00225e-12
65.845	5.22962e-12
65.85	5.457e-12
65.855	5.68437e-12
65.86	5.22962e-12
65.865	6.13912e-12
65.87	6.13912e-12
65.875	6.13912e-12
65.88	6.59386e-12
65.885	6.59386e-12
65.89	6.59386e-12
65.895	7.27601e-12
65.9	6.13912e-12
65.905	6.59386e-12
65.91	7.27601e-12
65.915	7.27601e-12
65.92	6.36649e-12
65.925	7.27601e-12
65.93	7.04861e-12
65.935	6.82124e-12
65.94	7.04861e-12
65.945	6.59386e-12
65.95	6.82124e-12
65.955	6.82124e-12
65.96	6.82124e-12
65.965	6.36649e-12
65.97	6.59386e-12
65.975	7.50339e-12
65.98	7.04861e-12
65.985	7.27601e-12
65.99	6.82124e-12
65.995	7.50339e-12
66.0	7.27601e-12
66.005	6.13912e-12
66.01	7.27601e-12
66.015	6.82124e-12
66.02	6.59386e-12
66.025	6.59386e-12
66.03	7.27601e-12
66.035	6.13912e-12
66.04	6.13912e-12
66.045	6.82124e-12
66.05	6.36649e-12
66.055	6.82124e-12
66.06	6.82124e-12
66.065	5.91174e-12
66.07	5.68437e-12
66.075	5.457e-12
66.08	5.22962e-12
66.085	4.5475e-12
66.09	3.63801e-12
66.095	4.5475e-12
66.1	4.09275e-12
66.105	4.5475e-12
66.11	3.63801e-12
66.115	2.7285e-12
66.12	2.95587e-12
66.125	2.95587e-12
66.13	2.04638e-12
66.135	1.819e-12
66.14	2.04638e-12
66.145	1.819e-12
66.15	1.13688e-12
66.155	1.13688e-12
66.16	1.13688e-12
66.165	1.59162e-12
66.17	1.819e-12
66.175	1.819e-12
66.18	1.13688e-12
66.185	4.54751e-13
66.19	1.13688e-12
66.195	0.0
66.2	2.27375e-13
66.205	9.09502e-13
66.21	1.59162e-12
66.215	1.13688e-12
66.22	1.36425e-12
66.225	1.13688e-12
66.23	6.82124e-13
66.235	1.36425e-12
66.24	1.36425e-12
66.245	1.13688e-12
66.25	1.36425e-12
66.255	1.13688e-12
66.26	1.13688e-12
66.265	9.09502e-13
66.27	1.13688e-12
66.275	4.54751e-13
66.28	0.0
66.285	1.13688e-12
66.29	1.13688e-12
66.295	6.82124e-13
66.3	1.36425e-12
66.305	1.13688e-12
66.31	9.09502e-13
66.315	2.27375e-13
66.32	0.0
66.325	4.54751e-13
66.33	1.13688e-12
66.335	0.0
66.34	4.54751e-13
66.345	2.27375e-13
66.35	0.0
66.355	0.0
66.36	2.27375e-13
66.365	2.27375e-13
66.37	2.27375e-13
66.375	4.54751e-13
66.38	-6.82124e-13
66.385	0.0
66.39	0.0
66.395	2.27375e-13
66.4	-2.27375e-13
66.405	0.0
66.41	-9.09502e-13
66.415	0.0
66.42	2.27375e-13
66.425	-2.27375e-13
66.43	0.0
66.435	2.27375e-13
66.44	-2.27375e-13
66.445	-6.82124e-13
66.45	0.0
66.455	-4.54751e-13
66.46	0.0
66.465	-2.27375e-13
66.47	0.0
66.475	9.09502e-13
66.48	2.27375e-13
66.485	6.82124e-13
66.49	4.54751e-13
66.495	9.09502e-13
66.5	0.0
66.505	4.54751e-13
66.51	9.09502e-13
66.515	0.0
66.52	4.54751e-13
66.525	4.54751e-13
66.53	4.54751e-13
66.535	2.27375e-13
66.54	9.09502e-13
66.545	2.27375e-13
66.55	6.82124e-13
66.555	9.09502e-13
66.56	4.54751e-13
66.565	4.54751e-13
66.57	2.27375e-13
66.575	0.0
66.58	-4.54751e-13
66.585	4.54751e-13
66.59	-2.27375e-13
66.595	-2.27375e-13
66.6	0.0
66.605	-4.54751e-13
66.61	2.27375e-13
66.615	0.0
66.62	-6.82124e-13
66.625	0.0
66.63	-1.36425e-12
66.635	-1.819e-12
66.64	-1.36425e-12
66.645	-2.04638e-12
66.65	-1.819e-12
66.655	-1.36425e-12
66.66	-1.13688e-12
66.665	-9.09502e-13
66.67	-2.04638e-12
66.675	-2.27375e-12
66.68	-1.59162e-12
66.685	-1.36425e-12
66.69	-1.819e-12
66.695	-1.36425e-12
66.7	-1.36425e-12
66.705	-1.59162e-12
66.71	-1.36425e-12
66.715	-1.13688e-12
66.72	-1.36425e-12
66.725	-1.13688e-12
66.73	-6.82124e-13
66.735	-1.36425e-12
66.74	-6.82124e-13
66.745	-1.13688e-12
66.75	-2.27375e-13
66.755	0.0
66.76	2.27375e-13
66.765	4.54751e-13
66.77	-4.54751e-13
66.775	4.54751e-13
66.78	6.82124e-13
66.785	9.09502e-13
66.79	6.82124e-13
66.795	4.54751e-13
66.8	1.13688e-12
66.805	1.36425e-12
66.81	4.54751e-13
66.815	4.54751e-13
66.82	4.54751e-13
66.825	9.09502e-13
66.83	4.54751e-13
66.835	4.54751e-13
66.84	6.82124e-13
66.845	1.13688e-12
66.85	9.09502e-13
66.855	4.54751e-13
66.86	0.0
66.865	4.54751e-13
66.87	9.09502e-13
66.875	4.54751e-13
66.88	9.09502e-13
66.885	0.0
66.89	0.0
66.895	0.0
66.9	0.0
66.905	9.09502e-13
66.91	4.54751e-13
66.915	-2.27375e-13
66.92	0.0
66.925	0.0
66.93	-2.27375e-13
66.935	-4.54751e-13
66.94	-2.27375e-13
66.945	-4.54751e-13
66.95	-6.82124e-13
66.955	-1.13688e-12
66.96	-1.13688e-12
66.965	-1.36425e-12
66.97	-1.36425e-12
66.975	-2.27375e-13
66.98	-4.54751e-13
66.985	-1.36425e-12
66.99	-9.09502e-13
66.995	-9.09502e-13
67.0	-1.36425e-12
67.005	-1.13688e-12
67.01	-4.54751e-13
67.015	-4.54751e-13
67.02	2.27375e-13
67.025	6.82124e-13
67.03	4.54751e-13
67.035	0.0
67.04	4.54751e-13
67.045	9.09502e-13
67.05	6.82124e-13
67.055	2.27375e-13
67.06	1.36425e-12
67.065	1.59162e-12
67.07	1.13688e-12
67.075	1.59162e-12
67.08	2.04638e-12
67.085	1.819e-12
67.09	2.27375e-12
67.095	1.819e-12
67.1	1.59162e-12
67.105	1.59162e-12
67.11	1.819e-12
67.115	1.819e-12
67.12	1.36425e-12
67.125	1.13688e-12
67.13	1.819e-12
67.135	1.13688e-12
67.14	1.13688e-12
67.145	1.13688e-12
67.15	4.54751e-13
67.155	6.82124e-13
67.16	9.09502e-13
67.165	2.27375e-13
67.17	2.27375e-13
67.175	2.27375e-13
67.18	-4.54751e-13
67.185	4.54751e-13
67.19	-4.54751e-13
67.195	-6.82124e-13
67.2	-6.82124e-13
67.205	-1.13688e-12
67.21	-9.09502e-13
67.215	-1.36425e-12
67.22	-1.36425e-12
67.225	-1.13688e-12
67.23	-9.09502e-13
67.235	-1.819e-12
67.24	-1.36425e-12
67.245	-6.82124e-13
67.25	0.0
67.255	0.0
67.26	4.54751e-13
67.265	9.09502e-13
67.27	2.27375e-13
67.275	1.13688e-12
67.28	9.09502e-13
67.285	1.36425e-12
67.29	2.50112e-12
67.295	2.27375e-12
67.3	2.7285e-12
67.305	3.63801e-12
67.31	3.63801e-12
67.315	3.63801e-12
67.32	3.63801e-12
67.325	4.09275e-12
67.33	4.32013e-12
67.335	3.63801e-12
67.34	4.09275e-12
67.345	4.5475e-12
67.35	4.09275e-12
67.355	3.63801e-12
67.36	4.32013e-12
67.365	2.95587e-12
67.37	2.27375e-12
67.375	2.04638e-12
67.38	2.27375e-12
67.385	2.27375e-12
67.39	2.04638e-12
67.395	1.36425e-12
67.4	1.13688e-12
67.405	1.13688e-12
67.41	1.13688e-12
67.415	1.36425e-12
67.42	1.13688e-12
67.425	6.82124e-13
67.43	9.09502e-13
67.435	9.09502e-13
67.44	4.54751e-13
67.445	1.36425e-12
67.45	4.54751e-13
67.455	1.13688e-12
67.46	1.13688e-12
67.465	6.82124e-13
67.47	4.54751e-13
67.475	0.0
67.48	0.0
67.485	1.59162e-12
67.49	1.13688e-12
67.495	1.819e-12
67.5	6.82124e-13
67.505	9.09502e-13
67.51	4.54751e-13
67.515	4.54751e-13
67.52	0.0
67.525	4.54751e-13
67.53	4.54751e-13
67.535	1.13688e-12
67.54	4.54751e-13
67.545	2.27375e-13
67.55	-4.54751e-13
67.555	4.54751e-13
67.56	4.54751e-13
67.565	4.54751e-13
67.57	4.54751e-13
67.575	0.0
67.58	0.0
67.585	4.54751e-13
67.59	2.27375e-13
67.595	4.54751e-13
67.6	0.0
67.605	0.0
67.61	-2.27375e-13
67.615	0.0
67.62	-6.82124e-13
67.625	-1.13688e-12
67.63	-6.82124e-13
67.635	-6.82124e-13
67.64	-4.54751e-13
67.645	0.0
67.65	-1.36425e-12
67.655	-4.54751e-13
67.66	-2.27375e-13
67.665	0.0
67.67	-6.82124e-13
67.675	-6.82124e-13
67.68	-4.54751e-13
67.685	-6.82124e-13
67.69	-4.54751e-13
67.695	-4.54751e-13
67.7	0.0
67.705	9.09502e-13
67.71	6.82124e-13
67.715	1.13688e-12
67.72	4.54751e-13
67.725	2.27375e-13
67.73	0.0
67.735	2.27375e-13
67.74	2.27375e-13
67.745	0.0
67.75	0.0
67.755	0.0
67.76	0.0
67.765	0.0
67.77	4.54751e-13
67.775	2.27375e-13
67.78	0.0
67.785	4.54751e-13
67.79	2.27375e-13
67.795	-6.82124e-13
67.8	-6.82124e-13
67.805	2.27375e-13
67.81	4.54751e-13
67.815	0.0
67.82	-2.27375e-13
67.825	1.13688e-12
67.83	1.13688e-12
67.835	1.819e-12
67.84	1.13688e-12
67.845	1.819e-12
67.85	1.13688e-12
67.855	1.36425e-12
67.86	1.819e-12
67.865	2.27375e-12
67.87	1.59162e-12
67.875	2.27375e-12
67.88	2.27375e-12
67.885	2.27375e-12
67.89	2.27375e-12
67.895	2.50112e-12
67.9	1.819e-12
67.905	2.7285e-12
67.91	2.7285e-12
67.915	3.41062e-12
67.92	3.18325e-12
67.925	2.50112e-12
67.93	2.27375e-12
67.935	1.819e-12
67.94	2.27375e-12
67.945	2.50112e-12
67.95	1.819e-12
67.955	2.50112e-12
67.96	1.13688e-12
67.965	2.27375e-12
67.97	1.13688e-12
67.975	1.13688e-12
67.98	1.36425e-12
67.985	1.13688e-12
67.99	1.13688e-12
67.995	1.819e-12
68.0	2.50112e-12
