pos	X
57.0	1.819e-12
57.005	1.13688e-12
57.01	1.13688e-12
57.015	1.13688e-12
57.02	0.0
57.025	2.27375e-13
57.03	-4.54751e-13
57.035	0.0
57.04	4.54751e-13
57.045	4.54751e-13
57.05	4.54751e-13
57.055	0.0
57.06	0.0
57.065	1.13688e-12
57.07	4.54751e-13
57.075	4.54751e-13
57.08	2.27375e-13
57.085	6.82124e-13
57.09	4.54751e-13
57.095	4.54751e-13
57.1	2.27375e-13
57.105	1.13688e-12
57.11	9.09502e-13
57.115	2.27375e-13
57.12	4.54751e-13
57.125	1.13688e-12
57.13	4.54751e-13
57.135	9.09502e-13
57.14	6.82124e-13
57.145	6.82124e-13
57.15	1.13688e-12
57.155	1.13688e-12
57.16	4.54751e-13
57.165	2.27375e-13
57.17	2.27375e-13
57.175	1.13688e-12
57.18	1.13688e-12
57.185	1.13688e-12
57.19	4.54751e-13
57.195	4.54751e-13
57.2	2.27375e-13
57.205	4.54751e-13
57.21	9.09502e-13
57.215	9.09502e-13
57.22	6.82124e-13
57.225	6.82124e-13
57.23	9.09502e-13
57.235	4.54751e-13
57.24	4.54751e-13
57.245	1.13688e-12
57.25	4.54751e-13
57.255	0.0
57.26	4.54751e-13
57.265	9.09502e-13
57.27	6.82124e-13
57.275	9.09502e-13
57.28	9.09502e-13
57.285	1.13688e-12
57.29	9.09502e-13
57.295	6.82124e-13
57.3	1.13688e-12
57.305	0.0
57.31	6.82124e-13
57.315	4.54751e-13
57.32	4.54751e-13
57.325	1.13688e-12
57.33	6.82124e-13
57.335	6.82124e-13
57.34	2.27375e-13
57.345	0.0
57.35	2.27375e-13
57.355	0.0
57.36	4.54751e-13
57.365	2.27375e-13
57.37	2.27375e-13
57.375	0.0
57.38	4.54751e-13
57.385	4.54751e-13
57.39	9.09502e-13
57.395	1.36425e-12
57.4	0.0
57.405	4.54751e-13
57.41	4.54751e-13
57.415	4.54751e-13
57.42	4.54751e-13
57.425	6.82124e-13
57.43	2.27375e-13
57.435	2.27375e-13
57.44	4.54751e-13
57.445	0.0
57.45	4.54751e-13
57.455	0.0
57.46	-2.27375e-13
57.465	4.54751e-13
57.47	2.27375e-13
57.475	2.27375e-13
57.48	4.54751e-13
57.485	2.27375e-13
57.49	4.54751e-13
57.495	1.13688e-12
57.5	2.27375e-13
57.505	4.54751e-13
57.51	4.54751e-13
57.515	6.82124e-13
57.52	1.13688e-12
57.525	9.09502e-13
57.53	4.54751e-13
57.535	6.82124e-13
57.54	4.54751e-13
57.545	4.54751e-13
57.55	2.27375e-13
57.555	6.82124e-13
57.56	6.82124e-13
57.565	2.27375e-13
57.57	2.27375e-13
57.575	4.54751e-13
57.58	6.82124e-13
57.585	2.27375e-13
57.59	0.0
57.595	4.54751e-13
57.6	1.13688e-12
57.605	0.0
57.61	2.27375e-13
57.615	4.54751e-13
57.62	6.82124e-13
57.625	4.54751e-13
57.63	4.54751e-13
57.635	4.54751e-13
57.64	0.0
57.645	4.54751e-13
57.65	4.54751e-13
57.655	9.09502e-13
57.66	1.36425e-12
57.665	4.54751e-13
57.67	1.13688e-12
57.675	6.82124e-13
57.68	0.0
57.685	6.82124e-13
57.69	1.13688e-12
57.695	4.54751e-13
57.7	4.54751e-13
57.705	1.13688e-12
57.71	0.0
57.715	-4.54751e-13
57.72	4.54751e-13
57.725	2.27375e-13
57.73	2.27375e-13
57.735	4.54751e-13
57.74	0.0
57.745	4.54751e-13
57.75	2.27375e-13
57.755	4.54751e-13
57.76	4.54751e-13
57.765	4.54751e-13
57.77	6.82124e-13
57.775	0.0
57.78	6.82124e-13
57.785	6.82124e-13
57.79	1.13688e-12
57.795	9.09502e-13
57.8	4.54751e-13
57.805	4.54751e-13
57.81	4.54751e-13
57.815	9.09502e-13
57.82	2.27375e-13
57.825	4.54751e-13
57.83	0.0
57.835	6.82124e-13
57.84	9.09502e-13
57.845	4.54751e-13
57.85	2.27375e-13
57.855	1.13688e-12
57.86	6.82124e-13
57.865	6.82124e-13
57.87	4.54751e-13
57.875	-2.27375e-13
57.88	4.54751e-13
57.885	4.54751e-13
57.89	2.27375e-13
57.895	4.54751e-13
57.9	6.82124e-13
57.905	4.54751e-13
57.91	1.13688e-12
57.915	1.13688e-12
57.92	1.13688e-12
57.925	1.13688e-12
57.93	-2.27375e-13
57.935	1.13688e-12
57.94	6.82124e-13
57.945	6.82124e-13
57.95	1.36425e-12
57.955	1.13688e-12
57.96	9.09502e-13
57.965	0.0
57.97	0.0
57.975	6.82124e-13
57.98	4.54751e-13
57.985	4.54751e-13
57.99	4.54751e-13
57.995	2.27375e-13
58.0	2.27375e-13
58.005	4.54751e-13
58.01	4.54751e-13
58.015	2.27375e-13
58.02	0.0
58.025	4.54751e-13
58.03	6.82124e-13
58.035	4.54751e-13
58.04	0.0
58.045	4.54751e-13
58.05	4.54751e-13
58.055	4.54751e-13
58.06	4.54751e-13
58.065	1.13688e-12
58.07	6.82124e-13
58.075	2.27375e-13
58.08	6.82124e-13
58.085	6.82124e-13
58.09	2.27375e-13
58.095	4.54751e-13
58.1	2.27375e-13
58.105	6.82124e-13
58.11	6.82124e-13
58.115	9.09502e-13
58.12	6.82124e-13
58.125	0.0
58.13	0.0
58.135	4.54751e-13
58.14	-2.27375e-13
58.145	4.54751e-13
58.15	4.54751e-13
58.155	9.09502e-13
58.16	1.59162e-12
58.165	4.54751e-13
58.17	2.27375e-13
58.175	6.82124e-13
58.18	2.27375e-13
58.185	6.82124e-13
58.19	9.09502e-13
58.195	6.82124e-13
58.2	4.54751e-13
58.205	4.54751e-13
58.21	4.54751e-13
58.215	1.13688e-12
58.22	1.13688e-12
58.225	6.82124e-13
58.23	1.13688e-12
58.235	6.82124e-13
58.24	4.54751e-13
58.245	4.54751e-13
58.25	2.27375e-13
58.255	4.54751e-13
58.26	2.27375e-13
58.265	2.27375e-13
58.27	4.54751e-13
58.275	1.36425e-12
58.28	1.13688e-12
58.285	4.54751e-13
58.29	0.0
58.295	0.0
58.3	2.27375e-13
58.305	2.27375e-13
58.31	4.54751e-13
58.315	4.54751e-13
58.32	-2.27375e-13
58.325	0.0
58.33	4.54751e-13
58.335	-6.82124e-13
58.34	2.27375e-13
58.345	6.82124e-13
58.35	6.82124e-13
58.355	2.27375e-13
58.36	1.819e-12
58.365	4.54751e-13
58.37	2.27375e-13
58.375	4.54751e-13
58.38	6.82124e-13
58.385	6.82124e-13
58.39	4.54751e-13
58.395	4.54751e-13
58.4	4.54751e-13
58.405	4.54751e-13
58.41	-2.27375e-13
58.415	4.54751e-13
58.42	1.13688e-12
58.425	0.0
58.43	4.54751e-13
58.435	0.0
58.44	9.09502e-13
58.445	4.54751e-13
58.45	4.54751e-13
58.455	2.27375e-13
58.46	-4.54751e-13
58.465	-4.54751e-13
58.47	0.0
58.475	-4.54751e-13
58.48	2.27375e-13
58.485	6.82124e-13
58.49	6.82124e-13
58.495	1.13688e-12
58.5	4.54751e-13
58.505	4.54751e-13
58.51	4.54751e-13
58.515	6.82124e-13
58.52	0.0
58.525	4.54751e-13
58.53	6.82124e-13
58.535	4.54751e-13
58.54	0.0
58.545	-2.27375e-13
58.55	9.09502e-13
58.555	2.27375e-13
58.56	1.13688e-12
58.565	6.82124e-13
58.57	2.27375e-13
58.575	0.0
58.58	4.54751e-13
58.585	4.54751e-13
58.59	2.27375e-13
58.595	2.27375e-13
58.6	1.59162e-12
58.605	4.54751e-13
58.61	6.82124e-13
58.615	6.82124e-13
58.62	4.54751e-13
58.625	9.09502e-13
58.63	1.13688e-12
58.635	6.82124e-13
58.64	4.54751e-13
58.645	0.0
58.65	0.0
58.655	0.0
58.66	-6.82124e-13
58.665	0.0
58.67	2.27375e-13
58.675	2.27375e-13
58.68	9.09502e-13
58.685	0.0
58.69	6.82124e-13
58.695	6.82124e-13
58.7	2.27375e-13
58.705	0.0
58.71	4.54751e-13
58.715	1.36425e-12
58.72	0.0
58.725	2.27375e-13
58.73	4.54751e-13
58.735	1.13688e-12
58.74	1.36425e-12
58.745	1.13688e-12
58.75	9.09502e-13
58.755	9.09502e-13
58.76	4.54751e-13
58.765	6.82124e-13
58.77	6.82124e-13
58.775	1.13688e-12
58.78	1.13688e-12
58.785	9.09502e-13
58.79	9.09502e-13
58.795	1.13688e-12
58.8	4.54751e-13
58.805	9.09502e-13
58.81	1.36425e-12
58.815	1.13688e-12
58.82	2.27375e-13
58.825	9.09502e-13
58.83	-2.27375e-13
58.835	6.82124e-13
58.84	1.13688e-12
58.845	6.82124e-13
58.85	0.0
58.855	4.54751e-13
58.86	4.54751e-13
58.865	4.54751e-13
58.87	4.54751e-13
58.875	2.27375e-13
58.88	9.09502e-13
58.885	4.54751e-13
58.89	2.27375e-13
58.895	4.54751e-13
58.9	6.82124e-13
58.905	1.13688e-12
58.91	4.54751e-13
58.915	4.54751e-13
58.92	-4.54751e-13
58.925	9.09502e-13
58.93	6.82124e-13
58.935	6.82124e-13
58.94	1.13688e-12
58.945	1.59162e-12
58.95	4.54751e-13
58.955	2.27375e-13
58.96	4.54751e-13
58.965	4.54751e-13
58.97	4.54751e-13
58.975	6.82124e-13
58.98	4.54751e-13
58.985	9.09502e-13
58.99	2.27375e-13
58.995	2.27375e-13
59.0	0.0
59.005	-2.27375e-13
59.01	-2.27375e-13
59.015	6.82124e-13
59.02	-6.82124e-13
59.025	0.0
59.03	2.27375e-13
59.035	2.27375e-13
59.04	4.54751e-13
59.045	2.27375e-13
59.05	-2.27375e-13
59.055	4.54751e-13
59.06	4.54751e-13
59.065	4.54751e-13
59.07	2.27375e-13
59.075	2.27375e-13
59.08	6.82124e-13
59.085	1.13688e-12
59.09	0.0
59.095	0.0
59.1	4.54751e-13
59.105	4.54751e-13
59.11	4.54751e-13
59.115	9.09502e-13
59.12	0.0
59.125	4.54751e-13
59.13	6.82124e-13
59.135	9.09502e-13
59.14	4.54751e-13
59.145	-2.27375e-13
59.15	2.27375e-13
59.155	4.54751e-13
59.16	4.54751e-13
59.165	2.27375e-13
59.17	2.27375e-13
59.175	0.0
59.18	2.27375e-13
59.185	6.82124e-13
59.19	2.27375e-13
59.195	0.0
59.2	-6.82124e-13
59.205	-6.82124e-13
59.21	-6.82124e-13
59.215	2.27375e-13
59.22	0.0
59.225	2.27375e-13
59.23	4.54751e-13
59.235	-4.54751e-13
59.24	0.0
59.245	0.0
59.25	4.54751e-13
59.255	4.54751e-13
59.26	-4.54751e-13
59.265	-6.82124e-13
59.27	2.27375e-13
59.275	9.09502e-13
59.28	0.0
59.285	0.0
59.29	2.27375e-13
59.295	6.82124e-13
59.3	6.82124e-13
59.305	4.54751e-13
59.31	4.54751e-13
59.315	0.0
59.32	0.0
59.325	2.27375e-13
59.33	2.27375e-13
59.335	4.54751e-13
59.34	6.82124e-13
59.345	1.13688e-12
59.35	6.82124e-13
59.355	4.54751e-13
59.36	6.82124e-13
59.365	6.82124e-13
59.37	1.36425e-12
59.375	4.54751e-13
59.38	0.0
59.385	4.54751e-13
59.39	9.09502e-13
59.395	4.54751e-13
59.4	6.82124e-13
59.405	1.36425e-12
59.41	4.54751e-13
59.415	4.54751e-13
59.42	1.13688e-12
59.425	9.09502e-13
59.43	4.54751e-13
59.435	1.13688e-12
59.44	2.27375e-13
59.445	1.13688e-12
59.45	1.13688e-12
59.455	4.54751e-13
59.46	4.54751e-13
59.465	1.13688e-12
59.47	1.13688e-12
59.475	1.59162e-12
59.48	9.09502e-13
59.485	1.36425e-12
59.49	6.82124e-13
59.495	6.82124e-13
59.5	1.13688e-12
59.505	1.13688e-12
59.51	1.13688e-12
59.515	1.13688e-12
59.52	6.82124e-13
59.525	1.13688e-12
59.53	9.09502e-13
59.535	9.09502e-13
59.54	1.59162e-12
59.545	2.04638e-12
59.55	1.36425e-12
59.555	1.13688e-12
59.56	1.13688e-12
59.565	1.36425e-12
59.57	1.819e-12
59.575	1.36425e-12
59.58	1.819e-12
59.585	1.13688e-12
59.59	1.36425e-12
59.595	1.59162e-12
59.6	2.04638e-12
59.605	2.27375e-12
59.61	1.819e-12
59.615	1.819e-12
59.62	1.59162e-12
59.625	1.819e-12
59.63	2.27375e-12
59.635	2.27375e-12
59.64	2.04638e-12
59.645	2.50112e-12
59.65	2.50112e-12
59.655	2.27375e-12
59.66	2.50112e-12
59.665	1.819e-12
59.67	2.04638e-12
59.675	2.27375e-12
59.68	2.95587e-12
59.685	2.95587e-12
59.69	3.41062e-12
59.695	3.86538e-12
59.7	4.09275e-12
59.705	4.32013e-12
59.71	4.5475e-12
59.715	5.22962e-12
59.72	5.00225e-12
59.725	6.36649e-12
59.73	6.13912e-12
59.735	5.91174e-12
59.74	7.27601e-12
59.745	7.27601e-12
59.75	7.50339e-12
59.755	8.18551e-12
59.76	8.18551e-12
59.765	8.86763e-12
59.77	9.32238e-12
59.775	9.77712e-12
59.78	1.13687e-11
59.785	1.15961e-11
59.79	1.22782e-11
59.795	1.29604e-11
59.8	1.29604e-11
59.805	1.29604e-11
59.81	1.43246e-11
59.815	1.52341e-11
59.82	1.54615e-11
59.825	1.56889e-11
59.83	1.56889e-11
59.835	1.61436e-11
59.84	1.72805e-11
59.845	1.77353e-11
59.85	1.79626e-11
59.855	1.84174e-11
59.86	1.86448e-11
59.865	1.86448e-11
59.87	1.88721e-11
59.875	1.79626e-11
59.88	1.75079e-11
59.885	1.72805e-11
59.89	1.56889e-11
59.895	1.47794e-11
59.9	1.31877e-11
59.905	1.20509e-11
59.91	1.04592e-11
59.915	8.18551e-12
59.92	7.04861e-12
59.925	3.18325e-12
59.93	0.0
59.935	-2.95587e-12
59.94	-6.59386e-12
59.945	-1.15961e-11
59.95	-1.61436e-11
59.955	-2.13732e-11
59.96	-2.66028e-11
59.965	-3.31968e-11
59.97	-4.02454e-11
59.975	-4.66118e-11
59.98	-5.43425e-11
59.985	-6.23008e-11
59.99	-7.07137e-11
59.995	-7.93539e-11
60.0	-8.86762e-11
60.005	-9.68616e-11
60.01	-1.07093e-10
60.015	-1.16644e-10
60.02	-1.25966e-10
60.025	-1.3688e-10
60.03	-1.47112e-10
60.035	-1.58026e-10
60.04	-1.66666e-10
60.045	-1.7326e-10
60.05	-1.81672e-10
60.055	-1.88494e-10
60.06	-1.95542e-10
60.065	-1.98271e-10
60.07	-2.00544e-10
60.075	-2.04865e-10
60.08	-2.05547e-10
60.085	-2.03728e-10
60.09	-2.00999e-10
60.095	-1.94178e-10
60.1	-1.83037e-10
60.105	-1.71213e-10
60.11	-1.55524e-10
60.115	-1.412e-10
60.12	-1.22555e-10
60.125	-9.93627e-11
60.13	-7.4579e-11
60.135	-4.43381e-11
60.14	-1.0914e-11
60.145	2.22827e-11
60.15	5.82081e-11
60.155	9.91354e-11
60.16	1.38017e-10
60.165	1.80763e-10
60.17	2.27147e-10
60.175	2.67621e-10
60.18	3.11731e-10
60.185	3.49475e-10
60.19	3.93358e-10
60.195	4.33603e-10
60.2	4.69303e-10
60.205	5.03409e-10
60.21	5.31603e-10
60.215	5.53431e-10
60.22	5.72303e-10
60.225	5.80489e-10
60.23	5.7776e-10
60.235	5.71394e-10
60.24	5.60252e-10
60.245	5.39107e-10
60.25	5.05455e-10
60.255	4.67256e-10
60.26	4.23144e-10
60.265	3.67665e-10
60.27	3.15824e-10
60.275	2.48294e-10
60.28	1.7758e-10
60.285	1.01182e-10
60.29	2.20554e-11
60.295	-5.82081e-11
60.3	-1.36198e-10
60.305	-2.1305e-10
60.31	-2.86265e-10
60.315	-3.49702e-10
60.32	-4.12458e-10
60.325	-4.67484e-10
60.33	-5.18416e-10
60.335	-5.54795e-10
60.34	-5.81171e-10
60.345	-6.03908e-10
60.35	-6.0982e-10
60.355	-6.02999e-10
60.36	-5.86173e-10
60.365	-5.59115e-10
60.37	-5.20462e-10
60.375	-4.72031e-10
60.38	-4.20643e-10
60.385	-3.61526e-10
60.39	-2.9536e-10
60.395	-2.19871e-10
60.4	-1.4552e-10
60.405	-7.79896e-11
60.41	-5.91174e-12
60.415	5.59341e-11
60.42	1.20509e-10
60.425	1.81445e-10
60.43	2.37153e-10
60.435	2.81718e-10
60.44	3.14005e-10
60.445	3.39471e-10
60.45	3.58797e-10
60.455	3.71985e-10
60.46	3.70621e-10
60.465	3.61299e-10
60.47	3.45382e-10
60.475	3.231e-10
60.48	2.99226e-10
60.485	2.69212e-10
60.49	2.35561e-10
60.495	1.98043e-10
60.5	1.59617e-10
60.505	1.2733e-10
60.51	8.48108e-11
60.515	4.41107e-11
60.52	9.095e-12
60.525	-2.31922e-11
60.53	-5.25235e-11
60.535	-8.0036e-11
60.54	-1.05047e-10
60.545	-1.25511e-10
60.55	-1.45065e-10
60.555	-1.57798e-10
60.56	-1.68712e-10
60.565	-1.78944e-10
60.57	-1.85538e-10
60.575	-1.90313e-10
60.58	-1.89631e-10
60.585	-1.86902e-10
60.59	-1.82809e-10
60.595	-1.75761e-10
60.6	-1.6803e-10
60.605	-1.59617e-10
60.61	-1.44838e-10
60.615	-1.31878e-10
60.62	-1.1869e-10
60.625	-1.03001e-10
60.63	-8.68572e-11
60.635	-6.98042e-11
60.64	-5.25235e-11
60.645	-3.47884e-11
60.65	-1.819e-11
60.655	-3.86538e-12
60.66	1.11414e-11
60.665	2.5466e-11
60.67	3.77443e-11
60.675	4.86582e-11
60.68	5.84355e-11
60.685	6.48019e-11
60.69	6.9122e-11
60.695	7.36695e-11
60.7	7.54885e-11
60.705	7.48064e-11
60.71	7.29874e-11
60.715	6.98042e-11
60.72	6.57114e-11
60.725	5.97997e-11
60.73	5.36604e-11
60.735	4.61571e-11
60.74	3.91085e-11
60.745	3.13778e-11
60.75	2.43291e-11
60.755	1.68258e-11
60.76	1.00045e-11
60.765	3.63801e-12
60.77	-2.50112e-12
60.775	-8.18551e-12
60.78	-1.36425e-11
60.785	-1.75079e-11
60.79	-2.25101e-11
60.795	-2.59207e-11
60.8	-2.77397e-11
60.805	-3.13778e-11
60.81	-3.20599e-11
60.815	-3.25147e-11
60.82	-3.43336e-11
60.825	-3.38789e-11
60.83	-3.36515e-11
60.835	-3.29694e-11
60.84	-3.25147e-11
60.845	-3.02409e-11
60.85	-2.79671e-11
60.855	-2.66028e-11
60.86	-2.41017e-11
60.865	-2.13732e-11
60.87	-1.84174e-11
60.875	-1.50068e-11
60.88	-1.2733e-11
60.885	-9.54975e-12
60.89	-5.68437e-12
60.895	-4.09275e-12
60.9	-1.36425e-12
60.905	4.54751e-13
60.91	2.95587e-12
60.915	4.32013e-12
60.92	6.82124e-12
60.925	7.27601e-12
60.93	9.32238e-12
60.935	1.0914e-11
60.94	1.15961e-11
60.945	1.22782e-11
60.95	1.25056e-11
60.955	1.34151e-11
60.96	1.36425e-11
60.965	1.43246e-11
60.97	1.36425e-11
60.975	1.38698e-11
60.98	1.36425e-11
60.985	1.31877e-11
60.99	1.36425e-11
60.995	1.22782e-11
61.0	1.11414e-11
61.005	1.18235e-11
61.01	1.13687e-11
61.015	1.0914e-11
61.02	1.04592e-11
61.025	1.00045e-11
61.03	8.64026e-12
61.035	8.86763e-12
61.04	7.95813e-12
61.045	6.59386e-12
61.05	7.27601e-12
61.055	7.27601e-12
61.06	6.59386e-12
61.065	6.13912e-12
61.07	5.91174e-12
61.075	5.68437e-12
61.08	5.68437e-12
61.085	6.13912e-12
61.09	5.22962e-12
61.095	5.457e-12
61.1	6.59386e-12
61.105	6.59386e-12
61.11	6.13912e-12
61.115	6.82124e-12
61.12	6.59386e-12
61.125	7.27601e-12
61.13	7.50339e-12
61.135	7.04861e-12
61.14	7.04861e-12
61.145	7.73076e-12
61.15	7.95813e-12
61.155	8.18551e-12
61.16	9.095e-12
61.165	8.64026e-12
61.17	9.095e-12
61.175	9.54975e-12
61.18	9.77712e-12
61.185	9.54975e-12
61.19	9.32238e-12
61.195	9.32238e-12
61.2	8.86763e-12
61.205	8.18551e-12
61.21	8.41288e-12
61.215	7.73076e-12
61.22	7.27601e-12
61.225	7.27601e-12
61.23	6.36649e-12
61.235	5.00225e-12
61.24	5.68437e-12
61.245	4.77487e-12
61.25	4.77487e-12
61.255	4.09275e-12
61.26	4.09275e-12
61.265	3.63801e-12
61.27	3.63801e-12
61.275	2.7285e-12
61.28	2.27375e-12
61.285	2.04638e-12
61.29	1.819e-12
61.295	1.36425e-12
61.3	9.09502e-13
61.305	1.13688e-12
61.31	6.82124e-13
61.315	0.0
61.32	6.82124e-13
61.325	9.09502e-13
61.33	1.13688e-12
61.335	6.82124e-13
61.34	6.82124e-13
61.345	0.0
61.35	4.54751e-13
61.355	1.819e-12
61.36	2.50112e-12
61.365	2.04638e-12
61.37	2.27375e-12
61.375	3.63801e-12
61.38	3.63801e-12
61.385	3.86538e-12
61.39	3.63801e-12
61.395	4.09275e-12
61.4	4.77487e-12
61.405	5.00225e-12
61.41	5.22962e-12
61.415	5.68437e-12
61.42	5.457e-12
61.425	5.22962e-12
61.43	5.457e-12
61.435	5.22962e-12
61.44	4.77487e-12
61.445	4.32013e-12
61.45	4.09275e-12
61.455	3.63801e-12
61.46	3.63801e-12
61.465	2.50112e-12
61.47	2.27375e-12
61.475	1.819e-12
61.48	1.59162e-12
61.485	4.54751e-13
61.49	9.09502e-13
61.495	6.82124e-13
61.5	2.27375e-13
61.505	2.27375e-13
61.51	-6.82124e-13
61.515	-6.82124e-13
61.52	-6.82124e-13
61.525	-1.13688e-12
61.53	-6.82124e-13
61.535	-6.82124e-13
61.54	-2.27375e-12
61.545	-2.04638e-12
61.55	-1.36425e-12
61.555	-1.13688e-12
61.56	-1.59162e-12
61.565	-1.36425e-12
61.57	-4.54751e-13
61.575	-9.09502e-13
61.58	-1.13688e-12
61.585	-6.82124e-13
61.59	-6.82124e-13
61.595	0.0
61.6	4.54751e-13
61.605	6.82124e-13
61.61	2.27375e-13
61.615	1.13688e-12
61.62	9.09502e-13
61.625	1.36425e-12
61.63	1.819e-12
61.635	2.04638e-12
61.64	2.95587e-12
61.645	2.95587e-12
61.65	2.27375e-12
61.655	2.27375e-12
61.66	2.27375e-12
61.665	2.04638e-12
61.67	2.04638e-12
61.675	2.50112e-12
61.68	2.27375e-12
61.685	1.819e-12
61.69	1.819e-12
61.695	1.819e-12
61.7	1.59162e-12
61.705	1.36425e-12
61.71	1.36425e-12
61.715	4.54751e-13
61.72	4.54751e-13
61.725	0.0
61.73	4.54751e-13
61.735	9.09502e-13
61.74	4.54751e-13
61.745	-6.82124e-13
61.75	-4.54751e-13
61.755	0.0
61.76	-1.36425e-12
61.765	-9.09502e-13
61.77	-9.09502e-13
61.775	-2.04638e-12
61.78	-2.27375e-12
61.785	-1.59162e-12
61.79	-2.27375e-12
61.795	-2.50112e-12
61.8	-2.7285e-12
61.805	-2.95587e-12
61.81	-3.18325e-12
61.815	-2.95587e-12
61.82	-3.18325e-12
61.825	-3.41062e-12
61.83	-3.63801e-12
61.835	-3.86538e-12
61.84	-3.18325e-12
61.845	-3.41062e-12
61.85	-3.18325e-12
61.855	-3.18325e-12
61.86	-2.27375e-12
61.865	-2.95587e-12
61.87	-2.04638e-12
61.875	-1.819e-12
61.88	-2.04638e-12
61.885	-1.13688e-12
61.89	-1.13688e-12
61.895	-6.82124e-13
61.9	-9.09502e-13
61.905	-4.54751e-13
61.91	-4.54751e-13
61.915	0.0
61.92	9.09502e-13
61.925	4.54751e-13
61.93	9.09502e-13
61.935	9.09502e-13
61.94	1.819e-12
61.945	1.36425e-12
61.95	1.59162e-12
61.955	1.819e-12
61.96	2.7285e-12
61.965	1.13688e-12
61.97	1.819e-12
61.975	2.27375e-12
61.98	2.7285e-12
61.985	2.27375e-12
61.99	1.13688e-12
61.995	1.59162e-12
62.0	1.59162e-12
62.005	9.09502e-13
62.01	0.0
62.015	-4.54751e-13
62.02	0.0
62.025	-2.27375e-13
62.03	0.0
62.035	-6.82124e-13
62.04	-1.13688e-12
62.045	-1.36425e-12
62.05	-1.819e-12
62.055	-1.36425e-12
62.06	-2.04638e-12
62.065	-2.50112e-12
62.07	-1.59162e-12
62.075	-1.59162e-12
62.08	-2.50112e-12
62.085	-2.04638e-12
62.09	-2.04638e-12
62.095	-2.04638e-12
62.1	-1.36425e-12
62.105	-1.36425e-12
62.11	-9.09502e-13
62.115	-1.59162e-12
62.12	-1.13688e-12
62.125	-9.09502e-13
62.13	-1.36425e-12
62.135	-1.36425e-12
62.14	-6.82124e-13
62.145	-4.54751e-13
62.15	-4.54751e-13
62.155	-1.13688e-12
62.16	-9.09502e-13
62.165	-6.82124e-13
62.17	-9.09502e-13
62.175	-9.09502e-13
62.18	-1.36425e-12
62.185	-1.13688e-12
62.19	-1.59162e-12
62.195	-1.819e-12
62.2	-1.819e-12
62.205	-2.04638e-12
62.21	-2.04638e-12
62.215	-1.819e-12
62.22	-2.50112e-12
62.225	-2.50112e-12
62.23	-2.95587e-12
62.235	-3.41062e-12
62.24	-3.18325e-12
62.245	-3.41062e-12
62.25	-3.18325e-12
62.255	-3.18325e-12
62.26	-3.18325e-12
62.265	-2.50112e-12
62.27	-3.86538e-12
62.275	-2.95587e-12
62.28	-2.50112e-12
62.285	-2.7285e-12
62.29	-3.18325e-12
62.295	-3.18325e-12
62.3	-2.95587e-12
62.305	-3.41062e-12
62.31	-3.18325e-12
62.315	-2.50112e-12
62.32	-2.50112e-12
62.325	-2.50112e-12
62.33	-2.27375e-12
62.335	-2.04638e-12
62.34	-1.36425e-12
62.345	-1.59162e-12
62.35	-6.82124e-13
62.355	0.0
62.36	4.54751e-13
62.365	1.13688e-12
62.37	1.36425e-12
62.375	2.50112e-12
62.38	2.50112e-12
62.385	3.18325e-12
62.39	4.09275e-12
62.395	4.09275e-12
62.4	5.68437e-12
62.405	6.13912e-12
62.41	5.91174e-12
62.415	7.04861e-12
62.42	7.73076e-12
62.425	7.95813e-12
62.43	8.18551e-12
62.435	8.64026e-12
62.44	8.64026e-12
62.445	8.41288e-12
62.45	8.64026e-12
62.455	8.41288e-12
62.46	8.86763e-12
62.465	7.95813e-12
62.47	7.73076e-12
62.475	6.82124e-12
62.48	7.04861e-12
62.485	6.59386e-12
62.49	5.68437e-12
62.495	4.77487e-12
62.5	4.5475e-12
62.505	3.86538e-12
62.51	3.63801e-12
62.515	2.04638e-12
62.52	1.13688e-12
62.525	4.54751e-13
62.53	-6.82124e-13
62.535	-6.82124e-13
62.54	-1.819e-12
62.545	-2.04638e-12
62.55	-3.41062e-12
62.555	-4.5475e-12
62.56	-4.77487e-12
62.565	-5.00225e-12
62.57	-6.13912e-12
62.575	-5.457e-12
62.58	-6.36649e-12
62.585	-6.59386e-12
62.59	-6.59386e-12
62.595	-6.59386e-12
62.6	-6.59386e-12
62.605	-5.00225e-12
62.61	-5.68437e-12
62.615	-5.22962e-12
62.62	-5.457e-12
62.625	-3.86538e-12
62.63	-2.50112e-12
62.635	-2.27375e-12
62.64	-1.819e-12
62.645	-9.09502e-13
62.65	0.0
62.655	0.0
62.66	1.13688e-12
62.665	1.13688e-12
62.67	2.50112e-12
62.675	1.819e-12
62.68	2.50112e-12
62.685	2.27375e-12
62.69	2.50112e-12
62.695	3.41062e-12
62.7	3.18325e-12
62.705	3.63801e-12
62.71	3.18325e-12
62.715	3.18325e-12
62.72	2.95587e-12
62.725	3.41062e-12
62.73	3.18325e-12
62.735	2.7285e-12
62.74	2.50112e-12
62.745	3.63801e-12
62.75	3.41062e-12
62.755	3.18325e-12
62.76	2.50112e-12
62.765	2.95587e-12
62.77	2.95587e-12
62.775	2.27375e-12
62.78	2.04638e-12
62.785	2.27375e-12
62.79	1.36425e-12
62.795	1.13688e-12
62.8	4.54751e-13
62.805	0.0
62.81	-2.27375e-13
62.815	-1.13688e-12
62.82	-2.50112e-12
62.825	-2.95587e-12
62.83	-4.5475e-12
62.835	-4.5475e-12
62.84	-5.00225e-12
62.845	-5.00225e-12
62.85	-5.68437e-12
62.855	-5.68437e-12
62.86	-5.91174e-12
62.865	-5.68437e-12
62.87	-5.91174e-12
62.875	-6.82124e-12
62.88	-5.68437e-12
62.885	-5.00225e-12
62.89	-4.5475e-12
62.895	-3.86538e-12
62.9	-3.18325e-12
62.905	-2.27375e-12
62.91	-2.04638e-12
62.915	-1.819e-12
62.92	0.0
62.925	9.09502e-13
62.93	4.54751e-13
62.935	1.59162e-12
62.94	1.819e-12
62.945	2.50112e-12
62.95	2.50112e-12
62.955	2.50112e-12
62.96	2.27375e-12
62.965	2.50112e-12
62.97	2.27375e-12
62.975	2.27375e-12
62.98	2.04638e-12
62.985	2.27375e-12
62.99	1.13688e-12
62.995	1.13688e-12
63.0	4.54751e-13
63.005	0.0
63.01	2.27375e-13
63.015	-6.82124e-13
63.02	-1.36425e-12
63.025	-6.82124e-13
63.03	-2.27375e-13
63.035	-1.36425e-12
63.04	-6.82124e-13
63.045	-1.36425e-12
63.05	-1.819e-12
63.055	-1.36425e-12
63.06	-2.27375e-12
63.065	-2.04638e-12
63.07	-2.50112e-12
63.075	-2.04638e-12
63.08	-2.27375e-12
63.085	-2.50112e-12
63.09	-2.50112e-12
63.095	-2.04638e-12
63.1	-2.27375e-12
63.105	-2.04638e-12
63.11	-2.27375e-12
63.115	-2.50112e-12
63.12	-2.27375e-12
63.125	-2.27375e-12
63.13	-1.59162e-12
63.135	-1.36425e-12
63.14	-1.36425e-12
63.145	-2.04638e-12
63.15	-1.13688e-12
63.155	-1.13688e-12
63.16	-2.27375e-13
63.165	2.27375e-13
63.17	-6.82124e-13
63.175	4.54751e-13
63.18	0.0
63.185	0.0
63.19	-2.27375e-13
63.195	0.0
63.2	0.0
63.205	2.27375e-13
63.21	9.09502e-13
63.215	9.09502e-13
63.22	9.09502e-13
63.225	6.82124e-13
63.23	0.0
63.235	0.0
63.24	-2.27375e-13
63.245	0.0
63.25	6.82124e-13
63.255	0.0
63.26	-1.36425e-12
63.265	-4.54751e-13
63.27	-4.54751e-13
63.275	0.0
63.28	0.0
63.285	0.0
63.29	-2.27375e-13
63.295	0.0
63.3	-2.27375e-13
63.305	0.0
63.31	2.27375e-13
63.315	0.0
63.32	4.54751e-13
63.325	4.54751e-13
63.33	4.54751e-13
63.335	2.27375e-13
63.34	0.0
63.345	6.82124e-13
63.35	0.0
63.355	6.82124e-13
63.36	0.0
63.365	2.27375e-13
63.37	-2.27375e-13
63.375	-4.54751e-13
63.38	-1.36425e-12
63.385	0.0
63.39	0.0
63.395	0.0
63.4	-6.82124e-13
63.405	-2.27375e-13
63.41	4.54751e-13
63.415	9.09502e-13
63.42	4.54751e-13
63.425	2.27375e-13
63.43	-2.27375e-13
63.435	4.54751e-13
63.44	6.82124e-13
63.445	4.54751e-13
63.45	1.13688e-12
63.455	2.27375e-12
63.46	2.27375e-12
63.465	2.04638e-12
63.47	1.819e-12
63.475	2.27375e-12
63.48	2.27375e-12
63.485	3.18325e-12
63.49	3.63801e-12
63.495	4.32013e-12
63.5	4.09275e-12
63.505	3.63801e-12
63.51	3.86538e-12
63.515	3.63801e-12
63.52	3.63801e-12
63.525	3.41062e-12
63.53	3.63801e-12
63.535	3.63801e-12
63.54	3.86538e-12
63.545	4.09275e-12
63.55	3.18325e-12
63.555	3.63801e-12
63.56	2.95587e-12
63.565	3.41062e-12
63.57	3.41062e-12
63.575	2.95587e-12
63.58	2.7285e-12
63.585	2.27375e-12
63.59	2.27375e-12
63.595	2.27375e-12
63.6	1.819e-12
63.605	1.13688e-12
63.61	1.13688e-12
63.615	1.13688e-12
63.62	4.54751e-13
63.625	4.54751e-13
63.63	-4.54751e-13
63.635	-2.27375e-13
63.64	2.27375e-13
63.645	0.0
63.65	-4.54751e-13
63.655	-6.82124e-13
63.66	-6.82124e-13
63.665	2.27375e-13
63.67	-2.27375e-13
63.675	-6.82124e-13
63.68	0.0
63.685	2.27375e-13
63.69	4.54751e-13
63.695	9.09502e-13
63.7	6.82124e-13
63.705	4.54751e-13
63.71	1.13688e-12
63.715	6.82124e-13
63.72	1.13688e-12
63.725	1.819e-12
63.73	1.13688e-12
63.735	1.819e-12
63.74	1.819e-12
63.745	1.819e-12
63.75	2.27375e-12
63.755	9.09502e-13
63.76	4.54751e-13
63.765	4.54751e-13
63.77	1.36425e-12
63.775	1.59162e-12
63.78	1.13688e-12
63.785	1.36425e-12
63.79	1.13688e-12
63.795	6.82124e-13
63.8	0.0
63.805	0.0
63.81	-4.54751e-13
63.815	-4.54751e-13
63.82	4.54751e-13
63.825	-4.54751e-13
63.83	0.0
63.835	0.0
63.84	0.0
63.845	0.0
63.85	-6.82124e-13
63.855	0.0
63.86	-2.27375e-13
63.865	-4.54751e-13
63.87	0.0
63.875	-6.82124e-13
63.88	-2.27375e-13
63.885	-2.27375e-13
63.89	0.0
63.895	-2.27375e-13
63.9	0.0
63.905	-4.54751e-13
63.91	0.0
63.915	-4.54751e-13
63.92	-6.82124e-13
63.925	-2.27375e-13
63.93	0.0
63.935	0.0
63.94	4.54751e-13
63.945	2.27375e-13
63.95	2.27375e-13
63.955	0.0
63.96	9.09502e-13
63.965	4.54751e-13
63.97	4.54751e-13
63.975	1.13688e-12
63.98	6.82124e-13
63.985	2.27375e-13
63.99	2.27375e-13
63.995	0.0
64.0	0.0
