pos	X
57.0	-9.09502e-13
57.005	-1.13688e-12
57.01	-9.09502e-13
57.015	-6.82124e-13
57.02	-6.82124e-13
57.025	-6.82124e-13
57.03	-6.82124e-13
57.035	-6.82124e-13
57.04	-4.54751e-13
57.045	-6.82124e-13
57.05	-6.82124e-13
57.055	-4.54751e-13
57.06	-4.54751e-13
57.065	-2.27375e-13
57.07	-4.54751e-13
57.075	-6.82124e-13
57.08	-4.54751e-13
57.085	-4.54751e-13
57.09	-4.54751e-13
57.095	-4.54751e-13
57.1	-6.82124e-13
57.105	-6.82124e-13
57.11	-4.54751e-13
57.115	-4.54751e-13
57.12	-4.54751e-13
57.125	-6.82124e-13
57.13	-6.82124e-13
57.135	-6.82124e-13
57.14	-4.54751e-13
57.145	-4.54751e-13
57.15	-2.27375e-13
57.155	-2.27375e-13
57.16	-4.54751e-13
57.165	-4.54751e-13
57.17	-4.54751e-13
57.175	-6.82124e-13
57.18	-6.82124e-13
57.185	-6.82124e-13
57.19	-6.82124e-13
57.195	-6.82124e-13
57.2	-6.82124e-13
57.205	-4.54751e-13
57.21	-4.54751e-13
57.215	-4.54751e-13
57.22	-4.54751e-13
57.225	-4.54751e-13
57.23	-6.82124e-13
57.235	-4.54751e-13
57.24	-4.54751e-13
57.245	-2.27375e-13
57.25	-2.27375e-13
57.255	-2.27375e-13
57.26	-4.54751e-13
57.265	-4.54751e-13
57.27	-4.54751e-13
57.275	-4.54751e-13
57.28	-4.54751e-13
57.285	-2.27375e-13
57.29	-2.27375e-13
57.295	-4.54751e-13
57.3	-2.27375e-13
57.305	0.0
57.31	-2.27375e-13
57.315	-2.27375e-13
57.32	-2.27375e-13
57.325	-2.27375e-13
57.33	-2.27375e-13
57.335	-4.54751e-13
57.34	-2.27375e-13
57.345	-2.27375e-13
57.35	-2.27375e-13
57.355	-4.54751e-13
57.36	-4.54751e-13
57.365	-4.54751e-13
57.37	-2.27375e-13
57.375	-2.27375e-13
57.38	-2.27375e-13
57.385	-4.54751e-13
57.39	-4.54751e-13
57.395	-6.82124e-13
57.4	-6.82124e-13
57.405	-6.82124e-13
57.41	-4.54751e-13
57.415	-2.27375e-13
57.42	-4.54751e-13
57.425	-4.54751e-13
57.43	-2.27375e-13
57.435	-2.27375e-13
57.44	-4.54751e-13
57.445	-6.82124e-13
57.45	-6.82124e-13
57.455	-2.27375e-13
57.46	0.0
57.465	-2.27375e-13
57.47	-2.27375e-13
57.475	-2.27375e-13
57.48	-4.54751e-13
57.485	-4.54751e-13
57.49	-4.54751e-13
57.495	-4.54751e-13
57.5	-2.27375e-13
57.505	-2.27375e-13
57.51	-2.27375e-13
57.515	-4.54751e-13
57.52	0.0
57.525	0.0
57.53	0.0
57.535	0.0
57.54	-2.27375e-13
57.545	-2.27375e-13
57.55	-4.54751e-13
57.555	-6.82124e-13
57.56	-6.82124e-13
57.565	-6.82124e-13
57.57	-4.54751e-13
57.575	-6.82124e-13
57.58	-2.27375e-13
57.585	-2.27375e-13
57.59	-2.27375e-13
57.595	-4.54751e-13
57.6	-4.54751e-13
57.605	-2.27375e-13
57.61	-4.54751e-13
57.615	-2.27375e-13
57.62	-4.54751e-13
57.625	-4.54751e-13
57.63	-6.82124e-13
57.635	-6.82124e-13
57.64	-6.82124e-13
57.645	-4.54751e-13
57.65	-4.54751e-13
57.655	-4.54751e-13
57.66	-4.54751e-13
57.665	-4.54751e-13
57.67	-4.54751e-13
57.675	-6.82124e-13
57.68	-4.54751e-13
57.685	-4.54751e-13
57.69	-4.54751e-13
57.695	-6.82124e-13
57.7	-6.82124e-13
57.705	-4.54751e-13
57.71	-4.54751e-13
57.715	-4.54751e-13
57.72	-4.54751e-13
57.725	-2.27375e-13
57.73	-4.54751e-13
57.735	-6.82124e-13
57.74	-4.54751e-13
57.745	-4.54751e-13
57.75	-4.54751e-13
57.755	-4.54751e-13
57.76	-6.82124e-13
57.765	-6.82124e-13
57.77	-4.54751e-13
57.775	-4.54751e-13
57.78	-6.82124e-13
57.785	-6.82124e-13
57.79	-6.82124e-13
57.795	-4.54751e-13
57.8	-2.27375e-13
57.805	-4.54751e-13
57.81	-6.82124e-13
57.815	-4.54751e-13
57.82	-2.27375e-13
57.825	-2.27375e-13
57.83	-2.27375e-13
57.835	-2.27375e-13
57.84	-2.27375e-13
57.845	-2.27375e-13
57.85	-2.27375e-13
57.855	-2.27375e-13
57.86	0.0
57.865	-2.27375e-13
57.87	-2.27375e-13
57.875	0.0
57.88	0.0
57.885	2.27375e-13
57.89	0.0
57.895	0.0
57.9	0.0
57.905	0.0
57.91	0.0
57.915	0.0
57.92	0.0
57.925	-2.27375e-13
57.93	-4.54751e-13
57.935	-4.54751e-13
57.94	-2.27375e-13
57.945	-2.27375e-13
57.95	0.0
57.955	0.0
57.96	-4.54751e-13
57.965	-6.82124e-13
57.97	-6.82124e-13
57.975	-6.82124e-13
57.98	-9.09502e-13
57.985	-9.09502e-13
57.99	-9.09502e-13
57.995	-1.13688e-12
58.0	-9.09502e-13
58.005	-9.09502e-13
58.01	-1.13688e-12
58.015	-1.36425e-12
58.02	-1.36425e-12
58.025	-1.36425e-12
58.03	-1.59162e-12
58.035	-1.36425e-12
58.04	-1.819e-12
58.045	-1.819e-12
58.05	-1.59162e-12
58.055	-1.819e-12
58.06	-2.04638e-12
58.065	-2.04638e-12
58.07	-2.04638e-12
58.075	-2.04638e-12
58.08	-2.04638e-12
58.085	-2.04638e-12
58.09	-1.59162e-12
58.095	-1.36425e-12
58.1	-9.09502e-13
58.105	-6.82124e-13
58.11	0.0
58.115	0.0
58.12	6.82124e-13
58.125	1.36425e-12
58.13	1.819e-12
58.135	2.04638e-12
58.14	2.50112e-12
58.145	2.95587e-12
58.15	3.63801e-12
58.155	3.86538e-12
58.16	4.32013e-12
58.165	4.5475e-12
58.17	4.77487e-12
58.175	5.00225e-12
58.18	5.22962e-12
58.185	5.22962e-12
58.19	4.77487e-12
58.195	4.77487e-12
58.2	4.32013e-12
58.205	3.86538e-12
58.21	3.41062e-12
58.215	2.95587e-12
58.22	2.50112e-12
58.225	2.04638e-12
58.23	1.36425e-12
58.235	6.82124e-13
58.24	2.27375e-13
58.245	-2.27375e-13
58.25	-6.82124e-13
58.255	-6.82124e-13
58.26	-1.13688e-12
58.265	-1.36425e-12
58.27	-1.59162e-12
58.275	-2.04638e-12
58.28	-1.819e-12
58.285	-2.04638e-12
58.29	-2.04638e-12
58.295	-2.04638e-12
58.3	-2.04638e-12
58.305	-2.04638e-12
58.31	-1.819e-12
58.315	-2.04638e-12
58.32	-2.04638e-12
58.325	-2.04638e-12
58.33	-2.04638e-12
58.335	-2.04638e-12
58.34	-2.04638e-12
58.345	-2.04638e-12
58.35	-2.04638e-12
58.355	-1.819e-12
58.36	-1.819e-12
58.365	-1.59162e-12
58.37	-1.36425e-12
58.375	-1.36425e-12
58.38	-1.13688e-12
58.385	-1.13688e-12
58.39	-1.13688e-12
58.395	-9.09502e-13
58.4	-9.09502e-13
58.405	-6.82124e-13
58.41	-4.54751e-13
58.415	-4.54751e-13
58.42	-4.54751e-13
58.425	-2.27375e-13
58.43	-2.27375e-13
58.435	-2.27375e-13
58.44	0.0
58.445	0.0
58.45	0.0
58.455	-2.27375e-13
58.46	-2.27375e-13
58.465	0.0
58.47	0.0
58.475	0.0
58.48	0.0
58.485	-2.27375e-13
58.49	-2.27375e-13
58.495	0.0
58.5	0.0
58.505	0.0
58.51	0.0
58.515	0.0
58.52	-2.27375e-13
58.525	0.0
58.53	-2.27375e-13
58.535	-6.82124e-13
58.54	-4.54751e-13
58.545	-2.27375e-13
58.55	-2.27375e-13
58.555	0.0
58.56	0.0
58.565	0.0
58.57	0.0
58.575	-2.27375e-13
58.58	-4.54751e-13
58.585	-6.82124e-13
58.59	-4.54751e-13
58.595	-4.54751e-13
58.6	-4.54751e-13
58.605	-4.54751e-13
58.61	-4.54751e-13
58.615	-4.54751e-13
58.62	-6.82124e-13
58.625	-4.54751e-13
58.63	-6.82124e-13
58.635	-6.82124e-13
58.64	-6.82124e-13
58.645	-6.82124e-13
58.65	-6.82124e-13
58.655	-6.82124e-13
58.66	-9.09502e-13
58.665	-9.09502e-13
58.67	-6.82124e-13
58.675	-6.82124e-13
58.68	-9.09502e-13
58.685	-6.82124e-13
58.69	-6.82124e-13
58.695	-6.82124e-13
58.7	-6.82124e-13
58.705	-6.82124e-13
58.71	-6.82124e-13
58.715	-6.82124e-13
58.72	-6.82124e-13
58.725	-6.82124e-13
58.73	-6.82124e-13
58.735	-6.82124e-13
58.74	-6.82124e-13
58.745	-4.54751e-13
58.75	-4.54751e-13
58.755	-2.27375e-13
58.76	-2.27375e-13
58.765	-2.27375e-13
58.77	0.0
58.775	0.0
58.78	0.0
58.785	0.0
58.79	0.0
58.795	2.27375e-13
58.8	2.27375e-13
58.805	2.27375e-13
58.81	0.0
58.815	0.0
58.82	0.0
58.825	0.0
58.83	0.0
58.835	0.0
58.84	0.0
58.845	0.0
58.85	0.0
58.855	0.0
58.86	0.0
58.865	-2.27375e-13
58.87	-2.27375e-13
58.875	-2.27375e-13
58.88	-2.27375e-13
58.885	-2.27375e-13
58.89	-4.54751e-13
58.895	-4.54751e-13
58.9	-2.27375e-13
58.905	0.0
58.91	-4.54751e-13
58.915	-6.82124e-13
58.92	-4.54751e-13
58.925	-2.27375e-13
58.93	-4.54751e-13
58.935	-6.82124e-13
58.94	-6.82124e-13
58.945	-6.82124e-13
58.95	-4.54751e-13
58.955	-2.27375e-13
58.96	-2.27375e-13
58.965	-4.54751e-13
58.97	-2.27375e-13
58.975	0.0
58.98	0.0
58.985	-2.27375e-13
58.99	0.0
58.995	0.0
59.0	0.0
59.005	0.0
59.01	0.0
59.015	0.0
59.02	0.0
59.025	0.0
59.03	0.0
59.035	0.0
59.04	0.0
59.045	0.0
59.05	0.0
59.055	0.0
59.06	2.27375e-13
59.065	2.27375e-13
59.07	2.27375e-13
59.075	2.27375e-13
59.08	0.0
59.085	0.0
59.09	0.0
59.095	0.0
59.1	0.0
59.105	0.0
59.11	0.0
59.115	0.0
59.12	-2.27375e-13
59.125	-2.27375e-13
59.13	-2.27375e-13
59.135	0.0
59.14	0.0
59.145	-2.27375e-13
59.15	-2.27375e-13
59.155	-4.54751e-13
59.16	-2.27375e-13
59.165	0.0
59.17	-2.27375e-13
59.175	-2.27375e-13
59.18	0.0
59.185	0.0
59.19	0.0
59.195	0.0
59.2	-2.27375e-13
59.205	-2.27375e-13
59.21	0.0
59.215	0.0
59.22	2.27375e-13
59.225	2.27375e-13
59.23	2.27375e-13
59.235	2.27375e-13
59.24	2.27375e-13
59.245	2.27375e-13
59.25	0.0
59.255	0.0
59.26	-2.27375e-13
59.265	0.0
59.27	0.0
59.275	0.0
59.28	0.0
59.285	0.0
59.29	0.0
59.295	0.0
59.3	0.0
59.305	2.27375e-13
59.31	0.0
59.315	0.0
59.32	0.0
59.325	0.0
59.33	0.0
59.335	-2.27375e-13
59.34	0.0
59.345	-2.27375e-13
59.35	0.0
59.355	0.0
59.36	0.0
59.365	0.0
59.37	0.0
59.375	0.0
59.38	0.0
59.385	0.0
59.39	0.0
59.395	-2.27375e-13
59.4	-2.27375e-13
59.405	-2.27375e-13
59.41	-2.27375e-13
59.415	-2.27375e-13
59.42	-2.27375e-13
59.425	0.0
59.43	0.0
59.435	0.0
59.44	0.0
59.445	0.0
59.45	0.0
59.455	-2.27375e-13
59.46	0.0
59.465	-2.27375e-13
59.47	0.0
59.475	-2.27375e-13
59.48	-2.27375e-13
59.485	-2.27375e-13
59.49	0.0
59.495	0.0
59.5	0.0
59.505	-2.27375e-13
59.51	-2.27375e-13
59.515	-2.27375e-13
59.52	0.0
59.525	-2.27375e-13
59.53	-4.54751e-13
59.535	-2.27375e-13
59.54	-2.27375e-13
59.545	-2.27375e-13
59.55	-2.27375e-13
59.555	-4.54751e-13
59.56	-4.54751e-13
59.565	-2.27375e-13
59.57	-2.27375e-13
59.575	-2.27375e-13
59.58	-4.54751e-13
59.585	0.0
59.59	0.0
59.595	0.0
59.6	0.0
59.605	-4.54751e-13
59.61	-4.54751e-13
59.615	-4.54751e-13
59.62	-2.27375e-13
59.625	0.0
59.63	0.0
59.635	0.0
59.64	-2.27375e-13
59.645	-4.54751e-13
59.65	-2.27375e-13
59.655	-4.54751e-13
59.66	-2.27375e-13
59.665	-4.54751e-13
59.67	-2.27375e-13
59.675	-2.27375e-13
59.68	-2.27375e-13
59.685	-2.27375e-13
59.69	0.0
59.695	-2.27375e-13
59.7	-2.27375e-13
59.705	-2.27375e-13
59.71	-4.54751e-13
59.715	-2.27375e-13
59.72	-2.27375e-13
59.725	0.0
59.73	-2.27375e-13
59.735	-2.27375e-13
59.74	-2.27375e-13
59.745	0.0
59.75	0.0
59.755	0.0
59.76	-2.27375e-13
59.765	-2.27375e-13
59.77	-4.54751e-13
59.775	-4.54751e-13
59.78	-2.27375e-13
59.785	-2.27375e-13
59.79	-4.54751e-13
59.795	-2.27375e-13
59.8	-4.54751e-13
59.805	-4.54751e-13
59.81	-2.27375e-13
59.815	-4.54751e-13
59.82	-4.54751e-13
59.825	-4.54751e-13
59.83	-2.27375e-13
59.835	-4.54751e-13
59.84	-4.54751e-13
59.845	-4.54751e-13
59.85	-6.82124e-13
59.855	-6.82124e-13
59.86	-4.54751e-13
59.865	-4.54751e-13
59.87	-2.27375e-13
59.875	0.0
59.88	0.0
59.885	0.0
59.89	-2.27375e-13
59.895	0.0
59.9	0.0
59.905	0.0
59.91	-2.27375e-13
59.915	-2.27375e-13
59.92	0.0
59.925	0.0
59.93	0.0
59.935	2.27375e-13
59.94	2.27375e-13
59.945	2.27375e-13
59.95	0.0
59.955	2.27375e-13
59.96	2.27375e-13
59.965	2.27375e-13
59.97	2.27375e-13
59.975	4.54751e-13
59.98	4.54751e-13
59.985	4.54751e-13
59.99	4.54751e-13
59.995	4.54751e-13
60.0	4.54751e-13
