pos X
396.941273285801 6.17162e-13
396.9746296953208 6.171612857142858e-13
397.0079861048406 6.496435714285716e-13
397.0413425143604 6.496431428571428e-13
397.0746989238802 5.846798571428572e-13
397.1080553334 5.846798571428572e-13
397.1414117429198 4.872328571428572e-13
397.1747681524396 5.521975714285714e-13
397.20812456195955 8.445382857142858e-13
397.2414809714794 6.821257142857143e-13
397.27483738099914 7.795724285714287e-13
397.30819379051894 7.146087142857143e-13
397.3415502000388 8.120545714285714e-13
397.3749066095586 7.795727142857143e-13
397.4082630190784 5.19715e-13
397.4416194285982 6.496438571428572e-13
397.474975838118 5.846791428571429e-13
397.5083322476378 4.872321428571428e-13
397.54168865715775 6.496438571428572e-13
397.57504506667755 6.821261428571429e-13
397.60840147619734 6.821264285714285e-13
397.64175788571714 8.445375714285714e-13
397.67511429523694 7.146072857142859e-13
397.70847070475673 7.795738571428571e-13
397.74182711427653 7.146080000000001e-13
397.7751835237964 7.470905714285715e-13
397.8085399333162 8.445375714285714e-13
397.841896342836 7.795724285714287e-13
397.8752527523558 8.120542857142858e-13
397.9086091618756 9.095008571428573e-13
397.9419655713954 9.09502e-13
397.97532198091517 8.445368571428572e-13
398.00867839043497 9.419834285714286e-13
398.04203479995493 8.770201428571429e-13
398.0753912094748 9.09502e-13
398.1087476189945 8.770190000000001e-13
398.1421040285143 7.470905714285715e-13
398.1754604380342 8.770201428571429e-13
398.208816847554 9.095022857142857e-13
398.2421732570738 8.120527142857144e-13
398.27552966659357 8.770201428571429e-13
398.30888607611337 1.039431142857143e-12
398.34224248563316 9.744671428571429e-13
398.37559889515313 1.0069497142857142e-12
398.40895530467293 8.445368571428572e-13
398.4423117141927 8.445382857142858e-13
398.4756681237125 1.0069497142857142e-12
398.5090245332323 9.419845714285714e-13
398.5423809427521 9.744671428571429e-13
398.5757373522719 1.0394307142857143e-12
398.60909376179177 8.770201428571429e-13
398.64245017131157 8.120557142857143e-13
398.67580658083136 8.770208571428571e-13
398.70916299035116 1.0719148571428573e-12
398.74251939987096 1.2018417142857144e-12
398.77587580939075 1.2018428571428571e-12
398.80923221891055 1.2018428571428571e-12
398.84258862843035 1.1368788571428571e-12
398.8759450379503 1.1043974285714288e-12
398.9093014474701 1.0069504285714285e-12
398.9426578569899 1.1043962857142856e-12
398.9760142665097 1.1693568571428572e-12
399.00937067602956 9.41984142857143e-13
399.0427270855493 8.120545714285714e-13
399.07608349506916 9.09502e-13
399.10943990458895 1.0719125714285715e-12
399.14279631410875 1.1693594285714285e-12
399.17615272362855 1.0069497142857144e-12
399.2095091331485 9.095015714285714e-13
399.2428655426683 1.0069497142857144e-12
399.2762219521881 1.1043974285714288e-12
399.3095783617079 9.74467857142857e-13
399.3429347712277 9.744671428571429e-13
399.3762911807475 8.770190000000001e-13
399.4096475902673 8.445378571428571e-13
399.44300399978715 6.171617142857144e-13
399.47636040930695 4.54751e-13
399.50971681882675 6.171617142857144e-13
399.54307322834654 6.171610000000001e-13
399.57642963786634 7.470905714285715e-13
399.60978604738614 6.821257142857143e-13
399.64314245690593 6.496438571428572e-13
399.67649886642573 5.846798571428572e-13
399.7098552759457 6.171615714285714e-13
399.7432116854655 4.872331428571429e-13
399.7765680949853 3.24822e-13
399.8099245045051 3.8978571428571426e-13
399.84328091402494 5.197154285714286e-13
399.8766373235447 5.197142857142858e-13
399.90999373306454 4.547508571428572e-13
399.94335014258434 3.248221428571429e-13
399.97670655210413 3.24822e-13
400.01006296162393 3.8978571428571426e-13
400.0434193711439 3.8978599999999996e-13
400.0767757806637 4.872328571428572e-13
400.1101321901835 3.24822e-13
400.1434885997033 1.9489314285714286e-13
400.1768450092231 3.248215714285714e-13
400.2102014187429 4.222678571428571e-13
400.2435578282627 5.846791428571429e-13
400.27691423778253 3.8978600000000006e-13
400.31027064730233 2.923395714285714e-13
400.34362705682213 3.5730414285714286e-13
400.3769834663419 3.248221428571429e-13
400.4103398758617 2.598575714285714e-13
400.4436962853815 3.2482171428571427e-13
400.4770526949013 4.222684285714286e-13
400.5104091044211 2.27375e-13
400.5437655139411 4.222684285714286e-13
400.5771219234609 3.24822e-13
400.6104783329807 1.9489314285714286e-13
400.6438347425005 3.897861428571429e-13
400.6771911520203 4.222687142857143e-13
400.71054756154007 3.24822e-13
400.7439039710599 3.248221428571429e-13
400.7772603805797 3.24822e-13
400.8106167900995 2.273752857142857e-13
400.8439731996193 1.9489314285714286e-13
400.8773296091393 1.62411e-13
400.9106860186591 9.744657142857143e-14
400.9440424281789 0.0
400.9773988376987 3.248214285714285e-14
401.01075524721847 1.428571428674849e-19
401.04411165673827 -1.62411e-13
401.07746806625806 -2.273752857142857e-13
401.11082447577786 -1.62411e-13
401.1441808852977 -2.923391428571429e-13
401.1775372948175 -3.8978571428571426e-13
401.2108937043373 -5.521958571428572e-13
401.2442501138571 -4.872314285714286e-13
401.2776065233769 -6.821250000000001e-13
401.3109629328967 -9.095008571428573e-13
401.3443193424165 -1.1043951428571428e-12
401.37767575193647 -9.419822857142858e-13
401.41103216145626 -1.1043928571428572e-12
401.44438857097606 -1.3967317142857143e-12
401.47774498049586 -1.5591414285714286e-12
401.5111013900157 -1.5916228571428571e-12
401.54445779953545 -1.819e-12
401.5778142090553 -1.9164485714285713e-12
401.6111706185751 -1.7215514285714285e-12
401.6445270280949 -1.819e-12
401.6778834376147 -2.0463771428571427e-12
401.71123984713466 -1.9164485714285713e-12
401.74459625665446 -1.851482857142857e-12
401.77795266617426 -1.5591431428571429e-12
401.81130907569406 -1.36425e-12
401.84466548521385 -8.120542857142858e-13
401.87802189473365 -5.846791428571429e-13
401.91137830425345 -9.74467142857143e-14
401.94473471377324 4.872334285714286e-13
401.9780911232931 1.0069492857142857e-12
402.0114475328129 1.7215542857142856e-12
402.0448039423327 2.338711428571429e-12
402.0781603518525 3.1507657142857148e-12
402.1115167613723 3.897862857142857e-12
402.1448731708921 4.612462857142857e-12
402.1782295804119 5.262104285714286e-12
402.21158598993185 5.814297142857143e-12
402.24494239945165 6.3664914285714285e-12
402.27829880897144 6.821241428571428e-12
402.31165521849124 6.853722857142857e-12
402.34501162801104 7.0161414285714275e-12
402.37836803753083 7.1135928571428555e-12
402.4117244470507 6.8212385714285715e-12
402.4450808565705 6.561381428571429e-12
402.4784372660902 6.171600000000001e-12
402.5117936756101 5.521961428571429e-12
402.54515008513005 4.8073542857142865e-12
402.57850649464984 3.7354514285714284e-12
402.61186290416964 2.858427142857143e-12
402.64521931368944 1.9489285714285712e-12
402.67857572320924 9.744655714285714e-13
402.71193213272903 3.248214285714285e-14
402.74528854224883 -8.120542857142858e-13
402.7786449517686 -1.65659e-12
402.8120013612885 -2.436158571428571e-12
402.8453577708083 -3.0208371428571434e-12
402.8787141803281 -3.7029699999999995e-12
402.9120705898479 -4.092752857142858e-12
402.94542699936767 -4.255164285714286e-12
402.97878340888747 -4.417571428571429e-12
403.01213981840726 -4.5475e-12
403.04549622792723 -4.157717142857143e-12
403.078852637447 -3.832898571428572e-12
403.1122090469668 -3.605517142857143e-12
403.1455654564866 -3.248214285714286e-12
403.1789218660064 -2.7609785714285716e-12
403.2122782755262 -2.338712857142857e-12
403.24563468504607 -1.9814114285714284e-12
403.27899109456587 -1.169358e-12
403.3123475040856 -6.171605714285716e-13
403.34570391360546 -3.248228571428572e-14
403.37906032312543 5.521975714285714e-13
403.4124167326452 9.095015714285714e-13
403.445773142165 1.3967342857142856e-12
403.4791295516848 1.9164471428571423e-12
403.5124859612046 2.27375e-12
403.5458423707244 2.7609785714285716e-12
403.5791987802442 2.8584257142857144e-12
403.612555189764 3.0533185714285715e-12
403.64591159928386 3.313178571428571e-12
403.67926800880366 3.378144285714285e-12
403.7126244183234 3.3781457142857146e-12
403.74598082784325 3.3456628571428574e-12
403.77933723736305 3.1832457142857147e-12
403.81269364688285 3.313177142857143e-12
403.8460500564026 3.3131757142857143e-12
403.8794064659226 3.0533185714285715e-12
403.9127628754424 2.988354285714286e-12
403.9461192849622 2.79346e-12
403.979475694482 2.3062314285714286e-12
404.0128321040018 2.2087857142857144e-12
404.0461885135216 2.0138942857142855e-12
404.07954492304145 1.7215528571428572e-12
404.11290133256125 1.2668045714285716e-12
404.146257742081 8.445375714285714e-13
404.17961415160084 7.146089999999999e-13
404.2129705611208 4.872335714285714e-13
404.2463269706406 4.872331428571429e-13
404.2796833801604 1.2992871428571426e-13
404.31303978968015 -1.9489314285714286e-13
404.3463961992 -3.5730342857142864e-13
404.3797526087198 -6.496421428571429e-13
404.4131090182396 -7.146065714285715e-13
404.4464654277594 -7.146080000000001e-13
404.47982183727925 -6.496421428571429e-13
404.51317824679904 -7.795717142857145e-13
404.5465346563188 -8.770190000000001e-13
404.57989106583864 -7.795731428571429e-13
404.61324747535843 -7.146082857142857e-13
404.64660388487823 -6.821261428571429e-13
404.679960294398 -4.87232142857143e-13
404.713316703918 -5.846787142857144e-13
404.7466731134378 -2.923394285714286e-13
404.7800295229576 -2.598575714285714e-13
404.8133859324774 6.49642857142857e-14
404.8467423419972 1.9489299999999998e-13
404.880098751517 1.9489285714285713e-13
404.91345516103684 2.598574285714285e-13
404.94681157055663 3.5730414285714286e-13
404.9801679800764 6.496442857142858e-13
405.0135243895962 6.171617142857144e-13
405.0468807991162 8.445375714285714e-13
405.080237208636 9.09502e-13
405.1135936181558 9.744667142857142e-13
405.14695002767553 1.006948142857143e-12
405.1803064371954 9.744671428571429e-13
405.2136628467152 9.419852857142857e-13
405.247019256235 9.095027142857144e-13
405.2803756657548 8.445375714285714e-13
405.31373207527463 9.419845714285714e-13
405.3470884847944 8.770201428571429e-13
405.38044489431417 9.419845714285714e-13
405.413801303834 8.445382857142858e-13
405.4471577133538 7.146087142857143e-13
405.4805141228736 6.17162e-13
405.51387053239336 5.521975714285714e-13
405.5472269419133 7.795724285714287e-13
405.5805833514332 7.146080000000001e-13
405.613939760953 5.521972857142857e-13
405.64729617047277 5.521968571428572e-13
405.68065257999257 5.197152857142856e-13
405.71400898951237 3.5730385714285716e-13
405.7473653990322 1.9489314285714286e-13
405.78072180855196 3.2482128571428574e-13
405.81407821807176 4.547501428571429e-13
405.8474346275916 4.872324285714287e-13
405.8807910371116 3.8978571428571426e-13
405.9141474466314 2.923398571428571e-13
405.9475038561512 9.744657142857143e-14
405.9808602656709 1.299285714285714e-13
406.01421667519077 1.9489314285714286e-13
406.04757308471056 3.24822e-13
406.08092949423036 2.273752857142857e-13
406.11428590375016 9.744657142857143e-14
406.14764231327 1.2992871428571426e-13
406.1809987227898 1.9489328571428573e-13
406.21435513230955 2.923397142857143e-13
406.2477115418294 3.8978657142857146e-13
406.2810679513492 3.5730414285714286e-13
406.314424360869 2.273752857142857e-13
406.34778077038874 2.923397142857143e-13
406.3811371799087 2.9233985714285717e-13
406.41449358942856 3.24822e-13
406.44784999894836 2.923395714285714e-13
406.48120640846815 3.573037142857143e-13
406.51456281798795 3.8978657142857146e-13
406.54791922750775 2.598572857142857e-13
406.5812756370276 4.547508571428571e-13
406.61463204654734 4.872327142857143e-13
406.64798845606714 3.8978599999999996e-13
406.681344865587 4.872334285714286e-13
406.71470127510696 3.897861428571429e-13
406.74805768462676 2.598575714285714e-13
406.78141409414656 2.923397142857143e-13
406.8147705036663 2.9233957142857147e-13
406.84812691318615 3.5730385714285716e-13
406.88148332270595 3.5730385714285716e-13
406.91483973222574 3.5730400000000004e-13
406.94819614174554 4.2226871428571426e-13
406.9815525512654 4.547501428571429e-13
407.0149089607852 4.2226828571428573e-13
407.04826537030493 3.5730428571428574e-13
407.0816217798248 2.598575714285714e-13
407.1149781893446 1.624108571428571e-13
407.1483345988643 1.2992885714285716e-13
407.1816910083841 1.624108571428571e-13
407.2150474179041 3.24822e-13
407.24840382742394 2.9234000000000004e-13
407.28176023694374 2.273752857142857e-13
407.31511664646354 6.496442857142858e-14
407.34847305598333 1.62411e-13
407.38182946550313 2.273755714285715e-13
407.415185875023 1.2992885714285716e-13
407.4485422845427 1.9489314285714286e-13
407.4818986940625 2.598575714285714e-13
407.5152551035824 1.9489314285714286e-13
407.54861151310234 9.744657142857143e-14
407.58196792262214 9.744657142857143e-14
407.6153243321419 2.598575714285714e-13
407.6486807416617 9.74467142857143e-14
407.68203715118153 2.598575714285714e-13
407.71539356070133 2.598575714285714e-13
407.74874997022107 1.9489328571428573e-13
407.7821063797409 1.62411e-13
407.8154627892608 1.6241114285714288e-13
407.8488191987805 1.9489314285714286e-13
407.8821756083003 3.248221428571429e-13
407.91553201782017 3.248221428571429e-13
407.94888842733997 2.2737542857142855e-13
407.9822448368597 3.573038571428571e-13
408.0156012463795 3.2482171428571437e-13
408.04895765589947 2.273752857142857e-13
408.0823140654193 1.299285714285714e-13
408.1156704749391 2.598571428571428e-13
408.1490268844589 4.2226871428571426e-13
408.1823832939787 4.54751e-13
408.2157397034985 2.923398571428571e-13
408.24909611301837 2.923397142857143e-13
408.2824525225381 1.9489299999999998e-13
408.3158089320579 1.6241071428571426e-13
408.34916534157776 2.598577142857143e-13
408.3825217510977 3.24822e-13
408.4158781606175 2.923397142857143e-13
408.44923457013726 2.598575714285714e-13
408.48259097965706 2.598574285714285e-13
408.5159473891769 4.2226828571428573e-13
408.5493037986967 4.2226800000000003e-13
408.58266020821645 3.24822e-13
408.6160166177363 2.923398571428571e-13
408.64937302725616 2.273752857142857e-13
408.6827294367759 3.24822e-13
408.7160858462957 2.9233942857142855e-13
408.74944225581555 2.2737542857142855e-13
408.78279866533535 2.923397142857143e-13
408.8161550748551 1.9489314285714286e-13
408.8495114843749 3.2482157142857144e-13
408.88286789389485 2.923398571428571e-13
408.9162243034147 1.62411e-13
408.9495807129345 3.248218571428572e-13
408.98293712245425 3.2482142857142857e-13
409.0162935319741 3.2482171428571427e-13
409.0496499414939 2.923397142857143e-13
409.08300635101375 4.2226871428571426e-13
409.1163627605335 2.2737514285714285e-13
409.1497191700533 4.2226828571428573e-13
409.18307557957314 4.547505714285715e-13
409.2164319890931 5.521968571428572e-13
409.2497883986129 3.24822e-13
409.28314480813265 3.897864285714286e-13
409.31650121765244 4.872331428571429e-13
409.3498576271723 4.54751e-13
409.3832140366921 5.846794285714286e-13
409.41657044621184 5.846794285714286e-13
409.4499268557317 5.521961428571429e-13
409.48328326525154 6.171605714285716e-13
409.5166396747713 5.521975714285714e-13
409.5499960842911 7.146080000000001e-13
409.58335249381093 7.795712857142858e-13
409.61670890333073 7.146072857142858e-13
409.6500653128505 6.821261428571429e-13
409.68342172237027 7.795724285714287e-13
409.71677813189024 8.445375714285714e-13
409.7501345414101 1.1043974285714288e-12
409.7834909509299 1.1043962857142856e-12
409.81684736044963 1.0394288571428571e-12
409.8502037699695 1.2992874285714288e-12
409.8835601794893 1.2668057142857142e-12
409.9169165890091 1.2018408571428572e-12
409.9502729985289 1.3967328571428571e-12
409.98362940804867 1.4941785714285716e-12
410.0169858175685 1.4616977142857141e-12
410.0503422270885 1.4616985714285715e-12
410.0836986366083 1.4616957142857144e-12
410.11705504612803 1.4292157142857143e-12
410.1504114556478 1.3317685714285714e-12
410.1837678651677 1.3967314285714285e-12
410.2171242746875 1.4941757142857143e-12
410.2504806842072 1.624105714285714e-12
410.2838370937271 1.364251714285714e-12
410.3171935032469 1.4292142857142857e-12
410.35054991276667 1.039431142857143e-12
410.38390632228646 9.095027142857144e-13
410.4172627318063 5.521965714285715e-13
410.4506191413261 4.547508571428571e-13
410.48397555084586 2.59857e-13
410.51733196036565 -3.248185714285714e-14
410.5506883698856 -1.6241071428571428e-13
410.5840447794055 -4.222677142857143e-13
410.61740118892527 -5.197142857142858e-13
410.650757598445 -9.09500857142857e-13
410.68411400796487 -1.3642514285714286e-12
410.71747041748466 -1.4616974285714287e-12
410.75082682700446 -1.559142e-12
410.78418323652426 -1.883965714285714e-12
410.81753964604405 -2.1113414285714284e-12
410.8508960555639 -2.1113414285714284e-12
410.8842524650839 -2.241268571428571e-12
410.9176088746037 -2.2737514285714287e-12
410.9509652841234 -2.24127e-12
410.9843216936432 -2.11134e-12
411.01767810316306 -1.8190014285714285e-12
411.0510345126828 -1.4941771428571427e-12
411.0843909222026 -1.1368754285714285e-12
411.11774733172246 -9.419845714285714e-13
411.1511037412423 -6.171602857142857e-13
411.18446015076205 -2.2737542857142855e-13
411.21781656028185 1.2992871428571426e-13
411.2511729698017 5.197142857142858e-13
411.28452937932144 1.0719148571428573e-12
411.31788578884124 1.4941771428571427e-12
411.35124219836104 1.68907e-12
411.384598607881 2.0788585714285712e-12
411.41795501740086 2.4361614285714286e-12
411.45131142692065 2.631051428571428e-12
411.4846678364404 2.76098e-12
411.51802424596025 2.6635328571428578e-12
411.55138065548005 2.7934628571428574e-12
411.58473706499984 2.7934628571428574e-12
411.61809347451964 2.890907142857142e-12
411.65144988403944 2.631051428571428e-12
411.6848062935593 2.566087142857143e-12
411.71816270307926 2.3062314285714286e-12
411.751519112599 2.0463757142857145e-12
411.7848755221188 1.7865171428571425e-12
411.8182319316386 1.754035714285714e-12
411.85158834115845 1.5266599999999999e-12
411.8849447506782 1.1693602857142856e-12
411.918301160198 8.445375714285714e-13
411.95165756971784 5.846794285714286e-13
411.98501397923764 4.872324285714287e-13
412.01837038875743 2.273752857142857e-13
412.05172679827723 0.0
412.0850832077971 -1.9489328571428573e-13
412.1184396173168 -3.5730342857142864e-13
412.1517960268366 -4.872320000000001e-13
412.1851524363564 -5.84679e-13
412.2185088458764 -5.846787142857144e-13
412.25186525539624 -7.795717142857143e-13
412.28522166491604 -6.821250000000001e-13
412.3185780744358 -5.521968571428572e-13
412.35193448395563 -4.547505714285715e-13
412.3852908934754 -2.598574285714285e-13
412.4186473029952 -1.9489314285714286e-13
412.452003712515 -1.2992842857142856e-13
412.4853601220348 6.496442857142858e-14
412.5187165315547 1.6241071428571426e-13
412.55207294107464 1.9489299999999996e-13
412.5854293505944 3.2482171428571427e-13
412.6187857601142 4.2226871428571426e-13
412.652142169634 6.171610000000001e-13
412.68549857915383 7.470919999999999e-13
412.71885498867357 1.0069497142857142e-12
412.75221139819337 1.0719125714285715e-12
412.7855678077132 1.169358e-12
412.818924217233 1.1043951428571428e-12
412.8522806267528 1.201842e-12
412.8856370362726 1.1693591428571428e-12
412.91899344579247 1.1693614285714286e-12
412.9523498553122 1.3317685714285714e-12
412.985706264832 1.3967328571428573e-12
413.0190626743518 1.4292157142857143e-12
413.05241908387177 1.3967314285714285e-12
413.0857754933916 1.4616971428571428e-12
413.11913190291136 1.4292142857142859e-12
413.15248831243116 1.3642514285714286e-12
413.185844721951 1.4616957142857144e-12
413.2192011314708 1.5266614285714283e-12
413.2525575409906 1.2992885714285716e-12
413.2859139505104 1.2992871428571431e-12
413.3192703600302 1.3967342857142858e-12
413.35262676955 1.2018405714285716e-12
413.38598317907 1.0394322857142857e-12
413.41933958858976 1.0719148571428573e-12
413.45269599810956 9.419845714285714e-13
413.48605240762936 9.09502e-13
413.5194088171492 8.120542857142857e-13
413.55276522666895 8.120557142857143e-13
413.58612163618875 7.14608e-13
413.6194780457086 5.846791428571429e-13
413.6528344552284 6.496435714285716e-13
413.6861908647482 7.146087142857143e-13
413.719547274268 7.146082857142857e-13
413.75290368378785 4.547512857142858e-13
413.7862600933076 4.54751e-13
413.8196165028274 4.547504285714285e-13
413.8529729123472 4.222682857142858e-13
413.88632932186715 4.872328571428572e-13
413.919685731387 4.547498571428571e-13
413.95304214090675 5.846798571428572e-13
413.98639855042654 6.171610000000001e-13
414.0197549599464 6.821250000000001e-13
414.0531113694662 6.496435714285716e-13
414.086467778986 6.496435714285716e-13
414.1198241885058 5.846794285714286e-13
414.1531805980256 6.171617142857144e-13
414.1865370075454 7.795731428571429e-13
414.2198934170654 6.171617142857144e-13
414.25324982658515 6.496442857142858e-13
414.28660623610494 5.521972857142857e-13
414.31996264562474 6.171617142857144e-13
414.3533190551446 6.171617142857144e-13
414.38667546466434 7.470905714285715e-13
414.42003187418413 7.795724285714287e-13
414.453388283704 7.795724285714287e-13
414.4867446932238 5.846791428571429e-13
414.5201011027436 4.547501428571429e-13
414.5534575122634 5.846798571428572e-13
414.58681392178323 5.846787142857144e-13
414.620170331303 5.846801428571428e-13
414.65352674082277 4.2226800000000003e-13
414.68688315034257 5.846801428571428e-13
414.72023955986253 7.470912857142857e-13
414.7535959693824 6.496448571428572e-13
414.78695237890213 4.547505714285715e-13
414.8203087884219 5.846794285714286e-13
414.8536651979418 5.197145714285714e-13
414.8870216074616 4.222682857142857e-13
414.9203780169814 4.547501428571429e-13
414.95373442650117 3.5730385714285716e-13
414.98709083602097 3.248215714285714e-13
415.02044724554077 3.5730400000000004e-13
415.05380365506073 3.24822e-13
415.08716006458053 4.2226871428571426e-13
415.1205164741003 5.521972857142857e-13
415.1538728836201 3.5730414285714286e-13
415.1872292931399 1.2992871428571426e-13
415.2205857026597 2.598575714285714e-13
415.2539421121795 3.5730385714285716e-13
415.28729852169937 3.897861428571429e-13
415.32065493121917 4.872327142857143e-13
415.35401134073896 5.197142857142856e-13
415.38736775025876 4.872331428571429e-13
415.42072415977856 3.897857142857143e-13
415.45408056929836 3.24822e-13
415.48743697881815 5.19715e-13
415.52079338833795 4.547501428571429e-13
415.5541497978579 5.846801428571428e-13
415.58750620737777 5.197147142857143e-13
415.6208626168975 5.197154285714286e-13
415.6542190264173 6.171617142857144e-13
415.68757543593716 5.197147142857143e-13
415.72093184545696 6.496442857142858e-13
415.75428825497676 6.496442857142858e-13
415.78764466449655 4.872328571428572e-13
415.82100107401635 4.547505714285715e-13
415.85435748353615 5.846784285714286e-13
415.8877138930561 5.846787142857144e-13
415.9210703025759 5.521972857142857e-13
415.9544267120957 5.521975714285715e-13
415.9877831216155 4.872321428571428e-13
416.0211395311353 5.84679e-13
416.0544959406551 6.821261428571429e-13
416.0878523501749 7.146087142857143e-13
416.12120875969475 8.445382857142858e-13
416.15456516921455 5.846791428571429e-13
416.18792157873435 6.496435714285716e-13
416.22127798825414 6.496428571428571e-13
416.25463439777394 7.146087142857143e-13
416.28799080729374 6.17161e-13
416.32134721681354 6.171617142857144e-13
416.35470362633333 3.8978599999999996e-13
416.3880600358533 4.872317142857143e-13
416.42141644537315 6.496435714285716e-13
416.4547728548929 6.496438571428572e-13
416.4881292644127 5.197142857142858e-13
416.52148567393255 5.521972857142857e-13
416.5548420834523 3.8978657142857146e-13
416.58819849297214 4.222687142857143e-13
416.62155490249194 3.248215714285714e-13
416.65491131201173 3.5730428571428574e-13
416.68826772153153 3.2482171428571427e-13
416.7216241310515 5.197145714285714e-13
416.7549805405713 3.248212857142857e-13
416.7883369500911 5.19715e-13
416.8216933596109 5.846791428571429e-13
416.8550497691307 5.521972857142857e-13
416.8884061786505 5.846791428571429e-13
416.9217625881703 4.872335714285714e-13
416.95511899769014 4.547508571428571e-13
