pos	X
59.0	-6.82124e-13
59.005	2.27375e-13
59.01	0.0
59.015	-4.54751e-13
59.02	-4.54751e-13
59.025	-4.54751e-13
59.03	-4.54751e-13
59.035	-4.54751e-13
59.04	0.0
59.045	4.54751e-13
59.05	0.0
59.055	2.27375e-13
59.06	2.27375e-13
59.065	0.0
59.07	0.0
59.075	0.0
59.08	0.0
59.085	-2.27375e-13
59.09	0.0
59.095	-4.54751e-13
59.1	-4.54751e-13
59.105	-2.27375e-13
59.11	-2.27375e-13
59.115	0.0
59.12	-4.54751e-13
59.125	-6.82124e-13
59.13	-9.09502e-13
59.135	-4.54751e-13
59.14	-4.54751e-13
59.145	-6.82124e-13
59.15	-6.82124e-13
59.155	-6.82124e-13
59.16	-9.09502e-13
59.165	-6.82124e-13
59.17	0.0
59.175	2.27375e-13
59.18	0.0
59.185	-2.27375e-13
59.19	0.0
59.195	0.0
59.2	0.0
59.205	0.0
59.21	-2.27375e-13
59.215	0.0
59.22	2.27375e-13
59.225	-6.82124e-13
59.23	-9.09502e-13
59.235	-9.09502e-13
59.24	-2.27375e-13
59.245	-2.27375e-13
59.25	-4.54751e-13
59.255	0.0
59.26	-2.27375e-13
59.265	0.0
59.27	-4.54751e-13
59.275	0.0
59.28	4.54751e-13
59.285	2.27375e-13
59.29	2.27375e-13
59.295	4.54751e-13
59.3	0.0
59.305	0.0
59.31	-2.27375e-13
59.315	-2.27375e-13
59.32	0.0
59.325	-2.27375e-13
59.33	4.54751e-13
59.335	4.54751e-13
59.34	2.27375e-13
59.345	2.27375e-13
59.35	2.27375e-13
59.355	4.54751e-13
59.36	0.0
59.365	-4.54751e-13
59.37	-6.82124e-13
59.375	0.0
59.38	-2.27375e-13
59.385	0.0
59.39	0.0
59.395	0.0
59.4	0.0
59.405	-2.27375e-13
59.41	0.0
59.415	4.54751e-13
59.42	4.54751e-13
59.425	4.54751e-13
59.43	6.82124e-13
59.435	2.27375e-13
59.44	0.0
59.445	4.54751e-13
59.45	4.54751e-13
59.455	2.27375e-13
59.46	2.27375e-13
59.465	0.0
59.47	0.0
59.475	2.27375e-13
59.48	2.27375e-13
59.485	2.27375e-13
59.49	4.54751e-13
59.495	4.54751e-13
59.5	4.54751e-13
59.505	6.82124e-13
59.51	9.09502e-13
59.515	1.13688e-12
59.52	6.82124e-13
59.525	4.54751e-13
59.53	6.82124e-13
59.535	4.54751e-13
59.54	9.09502e-13
59.545	4.54751e-13
59.55	9.09502e-13
59.555	9.09502e-13
59.56	6.82124e-13
59.565	4.54751e-13
59.57	9.09502e-13
59.575	1.13688e-12
59.58	1.13688e-12
59.585	1.13688e-12
59.59	1.13688e-12
59.595	1.59162e-12
59.6	1.13688e-12
59.605	1.36425e-12
59.61	1.36425e-12
59.615	1.36425e-12
59.62	1.13688e-12
59.625	1.36425e-12
59.63	1.819e-12
59.635	2.04638e-12
59.64	2.04638e-12
59.645	1.819e-12
59.65	2.27375e-12
59.655	2.27375e-12
59.66	2.04638e-12
59.665	2.50112e-12
59.67	2.50112e-12
59.675	2.7285e-12
59.68	2.95587e-12
59.685	3.18325e-12
59.69	2.95587e-12
59.695	3.18325e-12
59.7	2.95587e-12
59.705	3.63801e-12
59.71	3.63801e-12
59.715	3.86538e-12
59.72	4.09275e-12
59.725	4.32013e-12
59.73	4.32013e-12
59.735	4.77487e-12
59.74	5.457e-12
59.745	4.77487e-12
59.75	5.457e-12
59.755	5.00225e-12
59.76	5.00225e-12
59.765	5.22962e-12
59.77	5.457e-12
59.775	5.91174e-12
59.78	6.13912e-12
59.785	6.13912e-12
59.79	6.36649e-12
59.795	6.13912e-12
59.8	6.36649e-12
59.805	6.36649e-12
59.81	6.13912e-12
59.815	6.59386e-12
59.82	6.59386e-12
59.825	6.13912e-12
59.83	6.36649e-12
59.835	6.13912e-12
59.84	6.13912e-12
59.845	6.13912e-12
59.85	5.68437e-12
59.855	5.68437e-12
59.86	5.68437e-12
59.865	5.457e-12
59.87	5.22962e-12
59.875	5.457e-12
59.88	4.5475e-12
59.885	3.63801e-12
59.89	2.50112e-12
59.895	1.59162e-12
59.9	1.13688e-12
59.905	6.82124e-13
59.91	-2.27375e-13
59.915	-2.04638e-12
59.92	-3.18325e-12
59.925	-5.00225e-12
59.93	-6.36649e-12
59.935	-8.64026e-12
59.94	-1.06866e-11
59.945	-1.25056e-11
59.95	-1.4552e-11
59.955	-1.75079e-11
59.96	-2.0009e-11
59.965	-2.43291e-11
59.97	-2.75123e-11
59.975	-3.11504e-11
59.98	-3.4561e-11
59.985	-3.88811e-11
59.99	-4.38833e-11
59.995	-4.84308e-11
60.0	-5.38878e-11
60.005	-5.9345e-11
60.01	-6.57114e-11
60.015	-7.25326e-11
60.02	-7.98086e-11
60.025	-8.75393e-11
60.03	-9.527e-11
60.035	-1.04138e-10
60.04	-1.13005e-10
60.045	-1.22101e-10
60.05	-1.32787e-10
60.055	-1.43701e-10
60.06	-1.5507e-10
60.065	-1.64847e-10
60.07	-1.74169e-10
60.075	-1.81218e-10
60.08	-1.86902e-10
60.085	-1.9054e-10
60.09	-1.92359e-10
60.095	-1.9054e-10
60.1	-1.86675e-10
60.105	-1.77125e-10
60.11	-1.62118e-10
60.115	-1.412e-10
60.12	-1.13005e-10
60.125	-7.88991e-11
60.13	-3.88811e-11
60.135	8.18551e-12
60.14	6.00271e-11
60.145	1.16644e-10
60.15	1.77807e-10
60.155	2.45793e-10
60.16	3.10139e-10
60.165	3.74486e-10
60.17	4.3133e-10
60.175	4.82263e-10
60.18	5.21599e-10
60.185	5.49793e-10
60.19	5.70711e-10
60.195	5.75941e-10
60.2	5.6912e-10
60.205	5.46837e-10
60.21	5.09093e-10
60.215	4.60206e-10
60.22	3.91767e-10
60.225	3.23782e-10
60.23	2.47157e-10
60.235	1.65529e-10
60.24	8.16276e-11
60.245	1.13688e-12
60.25	-7.88991e-11
60.255	-1.53478e-10
60.26	-2.21008e-10
60.265	-2.82627e-10
60.27	-3.3083e-10
60.275	-3.65846e-10
60.28	-3.87674e-10
60.285	-4.00407e-10
60.29	-4.01316e-10
60.295	-3.92676e-10
60.3	-3.73349e-10
60.305	-3.46519e-10
60.31	-3.0923e-10
60.315	-2.69667e-10
60.32	-2.25556e-10
60.325	-1.7758e-10
60.33	-1.27558e-10
60.335	-7.73075e-11
60.34	-2.70576e-11
60.345	1.72805e-11
60.35	6.18461e-11
60.355	1.02319e-10
60.36	1.36652e-10
60.365	1.65984e-10
60.37	1.89858e-10
60.375	2.09639e-10
60.38	2.22145e-10
60.385	2.28057e-10
60.39	2.28284e-10
60.395	2.226e-10
60.4	2.13277e-10
60.405	2.00999e-10
60.41	1.87129e-10
60.415	1.64847e-10
60.42	1.44611e-10
60.425	1.19827e-10
60.43	9.59521e-11
60.435	7.0941e-11
60.44	4.59297e-11
60.445	1.95542e-11
60.45	-5.457e-12
60.455	-3.00135e-11
60.46	-5.41152e-11
60.465	-7.48064e-11
60.47	-9.61795e-11
60.475	-1.13687e-10
60.48	-1.29377e-10
60.485	-1.42792e-10
60.49	-1.53251e-10
60.495	-1.59845e-10
60.5	-1.64165e-10
60.505	-1.66666e-10
60.51	-1.67348e-10
60.515	-1.65984e-10
60.52	-1.61436e-10
60.525	-1.55752e-10
60.53	-1.48476e-10
60.535	-1.38699e-10
60.54	-1.27558e-10
60.545	-1.16871e-10
60.55	-1.0482e-10
60.555	-9.23142e-11
60.56	-7.86717e-11
60.565	-6.61662e-11
60.57	-5.29783e-11
60.575	-4.0018e-11
60.58	-2.7285e-11
60.585	-1.6371e-11
60.59	-6.82124e-12
60.595	1.819e-12
60.6	1.02319e-11
60.605	1.61436e-11
60.61	2.27375e-11
60.615	2.7285e-11
60.62	3.16052e-11
60.625	3.38789e-11
60.63	3.43336e-11
60.635	3.43336e-11
60.64	3.36515e-11
60.645	3.16052e-11
60.65	2.93314e-11
60.655	2.61481e-11
60.66	2.27375e-11
60.665	1.88721e-11
60.67	1.47794e-11
60.675	1.11414e-11
60.68	6.82124e-12
60.685	2.95587e-12
60.69	-6.82124e-13
60.695	-3.86538e-12
60.7	-6.59386e-12
60.705	-9.32238e-12
60.71	-1.15961e-11
60.715	-1.31877e-11
60.72	-1.4552e-11
60.725	-1.6371e-11
60.73	-1.6371e-11
60.735	-1.72805e-11
60.74	-1.70531e-11
60.745	-1.72805e-11
60.75	-1.70531e-11
60.755	-1.56889e-11
60.76	-1.50068e-11
60.765	-1.38698e-11
60.77	-1.34151e-11
60.775	-1.13687e-11
60.78	-1.02319e-11
60.785	-8.41288e-12
60.79	-7.04861e-12
60.795	-5.22962e-12
60.8	-3.18325e-12
60.805	-1.59162e-12
60.81	4.54751e-13
60.815	2.27375e-12
60.82	3.86538e-12
60.825	5.68437e-12
60.83	7.27601e-12
60.835	8.64026e-12
60.84	1.02319e-11
60.845	1.13687e-11
60.85	1.2733e-11
60.855	1.29604e-11
60.86	1.31877e-11
60.865	1.34151e-11
60.87	1.29604e-11
60.875	1.25056e-11
60.88	1.18235e-11
60.885	1.04592e-11
60.89	9.77712e-12
60.895	7.73076e-12
60.9	5.91174e-12
60.905	3.86538e-12
60.91	2.27375e-12
60.915	-2.27375e-13
60.92	-3.18325e-12
60.925	-5.68437e-12
60.93	-7.95813e-12
60.935	-1.04592e-11
60.94	-1.25056e-11
60.945	-1.4552e-11
60.95	-1.6371e-11
60.955	-1.88721e-11
60.96	-2.0009e-11
60.965	-2.22827e-11
60.97	-2.3647e-11
60.975	-2.50112e-11
60.98	-2.56933e-11
60.985	-2.56933e-11
60.99	-2.63755e-11
60.995	-2.59207e-11
61.0	-2.56933e-11
61.005	-2.41017e-11
61.01	-2.20554e-11
61.015	-1.90995e-11
61.02	-1.59163e-11
61.025	-1.22782e-11
61.03	-7.27601e-12
61.035	-2.04638e-12
61.04	4.5475e-12
61.045	1.18235e-11
61.05	1.95542e-11
61.055	2.77397e-11
61.06	3.61526e-11
61.065	4.5475e-11
61.07	5.41152e-11
61.075	6.34377e-11
61.08	7.11684e-11
61.085	7.88991e-11
61.09	8.59477e-11
61.095	9.04952e-11
61.1	9.43605e-11
61.105	9.66343e-11
61.11	9.57248e-11
61.115	9.3451e-11
61.12	8.95857e-11
61.125	8.32192e-11
61.13	7.43516e-11
61.135	6.45746e-11
61.14	5.32057e-11
61.145	4.09275e-11
61.15	2.77397e-11
61.155	1.36425e-11
61.16	-9.09502e-13
61.165	-1.50068e-11
61.17	-2.81944e-11
61.175	-3.95632e-11
61.18	-4.93403e-11
61.185	-5.63889e-11
61.19	-6.16187e-11
61.195	-6.52567e-11
61.2	-6.68483e-11
61.205	-6.66209e-11
61.21	-6.43472e-11
61.215	-5.95723e-11
61.22	-5.38878e-11
61.225	-4.75213e-11
61.23	-4.0018e-11
61.235	-3.0923e-11
61.24	-2.16006e-11
61.245	-1.20509e-11
61.25	-3.63801e-12
61.255	5.457e-12
61.26	1.36425e-11
61.265	2.11459e-11
61.27	2.86492e-11
61.275	3.54705e-11
61.28	4.04727e-11
61.285	4.41107e-11
61.29	4.75213e-11
61.295	4.97951e-11
61.3	5.02498e-11
61.305	5.04772e-11
61.31	4.93403e-11
61.315	4.79761e-11
61.32	4.57023e-11
61.325	4.22917e-11
61.33	3.86537e-11
61.335	3.41063e-11
61.34	2.97862e-11
61.345	2.45565e-11
61.35	2.02364e-11
61.355	1.59163e-11
61.36	1.0914e-11
61.365	6.13912e-12
61.37	2.04638e-12
61.375	-2.27375e-12
61.38	-5.68437e-12
61.385	-9.54975e-12
61.39	-1.31877e-11
61.395	-1.54615e-11
61.4	-1.75079e-11
61.405	-2.0009e-11
61.41	-2.20554e-11
61.415	-2.3647e-11
61.42	-2.50112e-11
61.425	-2.59207e-11
61.43	-2.61481e-11
61.435	-2.63755e-11
61.44	-2.66028e-11
61.445	-2.70576e-11
61.45	-2.56933e-11
61.455	-2.45565e-11
61.46	-2.38743e-11
61.465	-2.25101e-11
61.47	-2.13732e-11
61.475	-1.97816e-11
61.48	-1.819e-11
61.485	-1.65984e-11
61.49	-1.50068e-11
61.495	-1.38698e-11
61.5	-1.20509e-11
61.505	-1.00045e-11
61.51	-8.41288e-12
61.515	-7.04861e-12
61.52	-5.22962e-12
61.525	-3.86538e-12
61.53	-2.7285e-12
61.535	-1.59162e-12
61.54	0.0
61.545	1.13688e-12
61.55	2.04638e-12
61.555	2.27375e-12
61.56	3.18325e-12
61.565	3.18325e-12
61.57	4.32013e-12
61.575	5.00225e-12
61.58	4.77487e-12
61.585	5.457e-12
61.59	5.22962e-12
61.595	5.457e-12
61.6	5.00225e-12
61.605	5.22962e-12
61.61	5.00225e-12
61.615	4.77487e-12
61.62	4.32013e-12
61.625	4.32013e-12
61.63	4.32013e-12
61.635	3.41062e-12
61.64	2.27375e-12
61.645	1.59162e-12
61.65	4.54751e-13
61.655	-6.82124e-13
61.66	-1.13688e-12
61.665	-1.36425e-12
61.67	-2.27375e-12
61.675	-3.86538e-12
61.68	-5.00225e-12
61.685	-6.13912e-12
61.69	-7.04861e-12
61.695	-8.18551e-12
61.7	-8.86763e-12
61.705	-9.77712e-12
61.71	-1.04592e-11
61.715	-1.0914e-11
61.72	-1.13687e-11
61.725	-1.15961e-11
61.73	-1.15961e-11
61.735	-1.18235e-11
61.74	-1.0914e-11
61.745	-9.77712e-12
61.75	-9.54975e-12
61.755	-8.86763e-12
61.76	-7.95813e-12
61.765	-7.04861e-12
61.77	-6.36649e-12
61.775	-5.22962e-12
61.78	-3.86538e-12
61.785	-2.50112e-12
61.79	-2.04638e-12
61.795	-1.36425e-12
61.8	0.0
61.805	6.82124e-13
61.81	6.82124e-13
61.815	1.13688e-12
61.82	1.36425e-12
61.825	1.59162e-12
61.83	2.50112e-12
61.835	2.27375e-12
61.84	2.27375e-12
61.845	2.27375e-12
61.85	2.27375e-12
61.855	1.819e-12
61.86	6.82124e-13
61.865	9.09502e-13
61.87	6.82124e-13
61.875	2.27375e-13
61.88	-2.27375e-13
61.885	-9.09502e-13
61.89	-1.36425e-12
61.895	-1.36425e-12
61.9	-1.36425e-12
61.905	-1.59162e-12
61.91	-1.36425e-12
61.915	-1.36425e-12
61.92	-1.36425e-12
61.925	-9.09502e-13
61.93	-6.82124e-13
61.935	-4.54751e-13
61.94	4.54751e-13
61.945	9.09502e-13
61.95	1.59162e-12
61.955	2.04638e-12
61.96	2.7285e-12
61.965	3.63801e-12
61.97	5.457e-12
61.975	6.59386e-12
61.98	7.50339e-12
61.985	8.41288e-12
61.99	9.32238e-12
61.995	1.02319e-11
62.0	1.0914e-11
