pos	X
59.0	-6.82124e-13
59.005	0.0
59.01	-2.27375e-13
59.015	-4.54751e-13
59.02	-4.54751e-13
59.025	-6.82124e-13
59.03	-4.54751e-13
59.035	-2.27375e-13
59.04	0.0
59.045	0.0
59.05	-2.27375e-13
59.055	-6.82124e-13
59.06	-2.27375e-13
59.065	0.0
59.07	0.0
59.075	4.54751e-13
59.08	2.27375e-13
59.085	0.0
59.09	-2.27375e-13
59.095	-2.27375e-13
59.1	-6.82124e-13
59.105	-4.54751e-13
59.11	-6.82124e-13
59.115	-6.82124e-13
59.12	0.0
59.125	-4.54751e-13
59.13	-6.82124e-13
59.135	-2.27375e-13
59.14	0.0
59.145	0.0
59.15	2.27375e-13
59.155	2.27375e-13
59.16	0.0
59.165	0.0
59.17	-6.82124e-13
59.175	0.0
59.18	0.0
59.185	-2.27375e-13
59.19	-6.82124e-13
59.195	-1.13688e-12
59.2	-6.82124e-13
59.205	-2.27375e-13
59.21	0.0
59.215	0.0
59.22	-2.27375e-13
59.225	-4.54751e-13
59.23	2.27375e-13
59.235	0.0
59.24	0.0
59.245	-2.27375e-13
59.25	-4.54751e-13
59.255	0.0
59.26	4.54751e-13
59.265	-2.27375e-13
59.27	-6.82124e-13
59.275	-4.54751e-13
59.28	-2.27375e-13
59.285	0.0
59.29	0.0
59.295	0.0
59.3	-2.27375e-13
59.305	-2.27375e-13
59.31	0.0
59.315	0.0
59.32	-2.27375e-13
59.325	0.0
59.33	4.54751e-13
59.335	0.0
59.34	2.27375e-13
59.345	0.0
59.35	0.0
59.355	4.54751e-13
59.36	0.0
59.365	-4.54751e-13
59.37	-4.54751e-13
59.375	0.0
59.38	0.0
59.385	0.0
59.39	2.27375e-13
59.395	0.0
59.4	0.0
59.405	0.0
59.41	0.0
59.415	0.0
59.42	-4.54751e-13
59.425	-4.54751e-13
59.43	0.0
59.435	0.0
59.44	0.0
59.445	4.54751e-13
59.45	4.54751e-13
59.455	6.82124e-13
59.46	2.27375e-13
59.465	6.82124e-13
59.47	4.54751e-13
59.475	4.54751e-13
59.48	4.54751e-13
59.485	4.54751e-13
59.49	4.54751e-13
59.495	4.54751e-13
59.5	6.82124e-13
59.505	4.54751e-13
59.51	4.54751e-13
59.515	6.82124e-13
59.52	4.54751e-13
59.525	4.54751e-13
59.53	6.82124e-13
59.535	6.82124e-13
59.54	6.82124e-13
59.545	4.54751e-13
59.55	6.82124e-13
59.555	4.54751e-13
59.56	6.82124e-13
59.565	9.09502e-13
59.57	9.09502e-13
59.575	1.36425e-12
59.58	1.13688e-12
59.585	1.13688e-12
59.59	1.13688e-12
59.595	6.82124e-13
59.6	9.09502e-13
59.605	9.09502e-13
59.61	1.13688e-12
59.615	1.36425e-12
59.62	1.59162e-12
59.625	1.819e-12
59.63	2.04638e-12
59.635	2.27375e-12
59.64	2.27375e-12
59.645	2.27375e-12
59.65	2.27375e-12
59.655	2.7285e-12
59.66	2.50112e-12
59.665	2.27375e-12
59.67	2.50112e-12
59.675	2.7285e-12
59.68	2.50112e-12
59.685	2.95587e-12
59.69	2.95587e-12
59.695	2.95587e-12
59.7	3.41062e-12
59.705	3.63801e-12
59.71	3.63801e-12
59.715	3.63801e-12
59.72	4.32013e-12
59.725	4.5475e-12
59.73	4.77487e-12
59.735	4.5475e-12
59.74	4.77487e-12
59.745	4.77487e-12
59.75	4.77487e-12
59.755	4.77487e-12
59.76	5.00225e-12
59.765	5.457e-12
59.77	5.457e-12
59.775	5.457e-12
59.78	5.457e-12
59.785	5.457e-12
59.79	5.68437e-12
59.795	5.68437e-12
59.8	6.13912e-12
59.805	5.68437e-12
59.81	5.91174e-12
59.815	5.91174e-12
59.82	6.13912e-12
59.825	5.91174e-12
59.83	5.91174e-12
59.835	5.457e-12
59.84	5.00225e-12
59.845	5.22962e-12
59.85	4.77487e-12
59.855	4.77487e-12
59.86	4.5475e-12
59.865	4.77487e-12
59.87	4.32013e-12
59.875	3.63801e-12
59.88	2.27375e-12
59.885	1.819e-12
59.89	1.36425e-12
59.895	9.09502e-13
59.9	0.0
59.905	-1.36425e-12
59.91	-2.04638e-12
59.915	-3.41062e-12
59.92	-5.00225e-12
59.925	-7.04861e-12
59.93	-8.64026e-12
59.935	-1.00045e-11
59.94	-1.15961e-11
59.945	-1.38698e-11
59.95	-1.70531e-11
59.955	-1.95542e-11
59.96	-2.20554e-11
59.965	-2.50112e-11
59.97	-2.79671e-11
59.975	-3.13778e-11
59.98	-3.50158e-11
59.985	-3.88811e-11
59.99	-4.32012e-11
59.995	-4.82034e-11
60.0	-5.29783e-11
60.005	-5.79805e-11
60.01	-6.36651e-11
60.015	-7.00315e-11
60.02	-7.6398e-11
60.025	-8.32192e-11
60.03	-9.07225e-11
60.035	-9.93627e-11
60.04	-1.07321e-10
60.045	-1.15961e-10
60.05	-1.24602e-10
60.055	-1.33242e-10
60.06	-1.41882e-10
60.065	-1.50068e-10
60.07	-1.57798e-10
60.075	-1.64847e-10
60.08	-1.69622e-10
60.085	-1.72123e-10
60.09	-1.7235e-10
60.095	-1.69849e-10
60.1	-1.64165e-10
60.105	-1.5416e-10
60.11	-1.38699e-10
60.115	-1.17326e-10
60.12	-9.14047e-11
60.125	-6.00271e-11
60.13	-2.13732e-11
60.135	2.13732e-11
60.14	6.98042e-11
60.145	1.21646e-10
60.15	1.78262e-10
60.155	2.4079e-10
60.16	2.98771e-10
60.165	3.51749e-10
60.17	3.99043e-10
60.175	4.42244e-10
60.18	4.77943e-10
60.185	5.02954e-10
60.19	5.16142e-10
60.195	5.18643e-10
60.2	5.10457e-10
60.205	4.85446e-10
60.21	4.46109e-10
60.215	3.96314e-10
60.22	3.36287e-10
60.225	2.71486e-10
60.23	2.03273e-10
60.235	1.30059e-10
60.24	5.41152e-11
60.245	-2.04637e-11
60.25	-9.29963e-11
60.255	-1.58026e-10
60.26	-2.16006e-10
60.265	-2.62164e-10
60.27	-3.01045e-10
60.275	-3.30376e-10
60.28	-3.50839e-10
60.285	-3.59025e-10
60.29	-3.55614e-10
60.295	-3.42654e-10
60.3	-3.22872e-10
60.305	-2.9627e-10
60.31	-2.61709e-10
60.315	-2.23964e-10
60.32	-1.80536e-10
60.325	-1.3688e-10
60.33	-9.09499e-11
60.335	-4.50202e-11
60.34	-6.82124e-13
60.345	4.11549e-11
60.35	7.98086e-11
60.355	1.14142e-10
60.36	1.43474e-10
60.365	1.6803e-10
60.37	1.85765e-10
60.375	1.98725e-10
60.38	2.06684e-10
60.385	2.09639e-10
60.39	2.07138e-10
60.395	1.99862e-10
60.4	1.88494e-10
60.405	1.74851e-10
60.41	1.58253e-10
60.415	1.40973e-10
60.42	1.19827e-10
60.425	9.59521e-11
60.43	7.07137e-11
60.435	4.88856e-11
60.44	2.31922e-11
60.445	9.09502e-13
60.45	-2.34196e-11
60.455	-4.38833e-11
60.46	-6.41198e-11
60.465	-8.25371e-11
60.47	-1.005e-10
60.475	-1.16188e-10
60.48	-1.29831e-10
60.485	-1.40518e-10
60.49	-1.48703e-10
60.495	-1.54388e-10
60.5	-1.57343e-10
60.505	-1.58026e-10
60.51	-1.57343e-10
60.515	-1.54615e-10
60.52	-1.49385e-10
60.525	-1.42564e-10
60.53	-1.33924e-10
60.535	-1.25739e-10
60.54	-1.15506e-10
60.545	-1.05047e-10
60.55	-9.32237e-11
60.555	-8.1855e-11
60.56	-6.95768e-11
60.565	-5.75258e-11
60.57	-4.38833e-11
60.575	-3.25147e-11
60.58	-2.20554e-11
60.585	-1.20509e-11
60.59	-4.5475e-12
60.595	3.41062e-12
60.6	1.06866e-11
60.605	1.6371e-11
60.61	2.11459e-11
60.615	2.43291e-11
60.62	2.68302e-11
60.625	2.86492e-11
60.63	2.93314e-11
60.635	2.88766e-11
60.64	2.77397e-11
60.645	2.59207e-11
60.65	2.34196e-11
60.655	2.09185e-11
60.66	1.72805e-11
60.665	1.47794e-11
60.67	1.13687e-11
60.675	8.64026e-12
60.68	5.22962e-12
60.685	2.50112e-12
60.69	-4.54751e-13
60.695	-3.41062e-12
60.7	-6.36649e-12
60.705	-7.50339e-12
60.71	-9.54975e-12
60.715	-1.06866e-11
60.72	-1.15961e-11
60.725	-1.25056e-11
60.73	-1.34151e-11
60.735	-1.34151e-11
60.74	-1.34151e-11
60.745	-1.34151e-11
60.75	-1.2733e-11
60.755	-1.25056e-11
60.76	-1.15961e-11
60.765	-1.06866e-11
60.77	-9.54975e-12
60.775	-8.18551e-12
60.78	-7.04861e-12
60.785	-6.13912e-12
60.79	-5.00225e-12
60.795	-3.18325e-12
60.8	-2.27375e-12
60.805	-6.82124e-13
60.81	4.54751e-13
60.815	2.04638e-12
60.82	3.63801e-12
60.825	4.77487e-12
60.83	5.91174e-12
60.835	7.27601e-12
60.84	8.64026e-12
60.845	9.32238e-12
60.85	9.32238e-12
60.855	1.00045e-11
60.86	1.04592e-11
60.865	1.06866e-11
60.87	1.02319e-11
60.875	9.77712e-12
60.88	8.64026e-12
60.885	7.50339e-12
60.89	6.13912e-12
60.895	4.32013e-12
60.9	2.50112e-12
60.905	4.54751e-13
60.91	-1.59162e-12
60.915	-3.18325e-12
60.92	-5.00225e-12
60.925	-6.82124e-12
60.93	-9.32238e-12
60.935	-1.18235e-11
60.94	-1.34151e-11
60.945	-1.50068e-11
60.95	-1.6371e-11
60.955	-1.819e-11
60.96	-2.0009e-11
60.965	-2.06911e-11
60.97	-2.16006e-11
60.975	-2.20554e-11
60.98	-2.22827e-11
60.985	-2.22827e-11
60.99	-2.22827e-11
60.995	-2.1828e-11
61.0	-2.02364e-11
61.005	-1.84174e-11
61.01	-1.61436e-11
61.015	-1.38698e-11
61.02	-1.06866e-11
61.025	-6.36649e-12
61.03	-1.36425e-12
61.035	4.77487e-12
61.04	1.04592e-11
61.045	1.68258e-11
61.05	2.43291e-11
61.055	3.20599e-11
61.06	4.0018e-11
61.065	4.79761e-11
61.07	5.54794e-11
61.075	6.2983e-11
61.08	7.04863e-11
61.085	7.66254e-11
61.09	8.11728e-11
61.095	8.50382e-11
61.1	8.73119e-11
61.105	8.79941e-11
61.11	8.59477e-11
61.115	8.29918e-11
61.12	7.77622e-11
61.125	6.98042e-11
61.13	6.23008e-11
61.135	5.1614e-11
61.14	3.93359e-11
61.145	2.7285e-11
61.15	1.50068e-11
61.155	2.27375e-12
61.16	-1.02319e-11
61.165	-2.20554e-11
61.17	-3.2742e-11
61.175	-4.22917e-11
61.18	-5.00224e-11
61.185	-5.54794e-11
61.19	-5.97997e-11
61.195	-6.18461e-11
61.2	-6.16187e-11
61.205	-5.88902e-11
61.21	-5.43425e-11
61.215	-4.91129e-11
61.22	-4.25191e-11
61.225	-3.47884e-11
61.23	-2.68302e-11
61.235	-1.86448e-11
61.24	-1.00045e-11
61.245	-1.819e-12
61.25	6.82124e-12
61.255	1.47794e-11
61.26	2.1828e-11
61.265	2.84218e-11
61.27	3.41063e-11
61.275	3.86537e-11
61.28	4.22917e-11
61.285	4.47928e-11
61.29	4.66118e-11
61.295	4.79761e-11
61.3	4.79761e-11
61.305	4.68392e-11
61.31	4.52476e-11
61.315	4.22917e-11
61.32	3.86537e-11
61.325	3.47884e-11
61.33	3.0923e-11
61.335	2.66028e-11
61.34	2.22827e-11
61.345	1.79626e-11
61.35	1.43246e-11
61.355	1.00045e-11
61.36	5.22962e-12
61.365	1.36425e-12
61.37	-2.04638e-12
61.375	-5.68437e-12
61.38	-8.86763e-12
61.385	-1.11414e-11
61.39	-1.38698e-11
61.395	-1.6371e-11
61.4	-1.77353e-11
61.405	-1.93269e-11
61.41	-2.06911e-11
61.415	-2.22827e-11
61.42	-2.3647e-11
61.425	-2.38743e-11
61.43	-2.34196e-11
61.435	-2.34196e-11
61.44	-2.31922e-11
61.445	-2.27375e-11
61.45	-2.20554e-11
61.455	-2.13732e-11
61.46	-2.11459e-11
61.465	-1.97816e-11
61.47	-1.88721e-11
61.475	-1.75079e-11
61.48	-1.6371e-11
61.485	-1.50068e-11
61.49	-1.38698e-11
61.495	-1.22782e-11
61.5	-1.13687e-11
61.505	-1.04592e-11
61.51	-9.77712e-12
61.515	-7.73076e-12
61.52	-6.36649e-12
61.525	-5.68437e-12
61.53	-4.77487e-12
61.535	-3.18325e-12
61.54	-2.04638e-12
61.545	-9.09502e-13
61.55	4.54751e-13
61.555	1.13688e-12
61.56	2.04638e-12
61.565	2.7285e-12
61.57	3.41062e-12
61.575	4.32013e-12
61.58	4.77487e-12
61.585	4.5475e-12
61.59	4.77487e-12
61.595	5.22962e-12
61.6	5.91174e-12
61.605	6.13912e-12
61.61	6.13912e-12
61.615	5.91174e-12
61.62	5.91174e-12
61.625	5.22962e-12
61.63	4.77487e-12
61.635	4.77487e-12
61.64	4.09275e-12
61.645	3.63801e-12
61.65	2.27375e-12
61.655	6.82124e-13
61.66	-2.27375e-13
61.665	-6.82124e-13
61.67	-2.04638e-12
61.675	-3.41062e-12
61.68	-5.00225e-12
61.685	-5.91174e-12
61.69	-7.04861e-12
61.695	-8.18551e-12
61.7	-9.32238e-12
61.705	-1.04592e-11
61.71	-1.13687e-11
61.715	-1.15961e-11
61.72	-1.18235e-11
61.725	-1.15961e-11
61.73	-1.20509e-11
61.735	-1.18235e-11
61.74	-1.18235e-11
61.745	-1.11414e-11
61.75	-1.04592e-11
61.755	-9.54975e-12
61.76	-8.18551e-12
61.765	-8.18551e-12
61.77	-6.82124e-12
61.775	-5.457e-12
61.78	-4.77487e-12
61.785	-3.41062e-12
61.79	-2.04638e-12
61.795	-1.13688e-12
61.8	0.0
61.805	6.82124e-13
61.81	1.36425e-12
61.815	1.819e-12
61.82	2.27375e-12
61.825	2.50112e-12
61.83	2.27375e-12
61.835	2.27375e-12
61.84	2.04638e-12
61.845	1.59162e-12
61.85	1.819e-12
61.855	1.59162e-12
61.86	1.13688e-12
61.865	1.13688e-12
61.87	4.54751e-13
61.875	0.0
61.88	2.27375e-13
61.885	-2.27375e-13
61.89	-9.09502e-13
61.895	-1.36425e-12
61.9	-1.13688e-12
61.905	-1.36425e-12
61.91	-1.36425e-12
61.915	-1.13688e-12
61.92	-6.82124e-13
61.925	0.0
61.93	4.54751e-13
61.935	2.27375e-13
61.94	1.36425e-12
61.945	1.819e-12
61.95	2.27375e-12
61.955	3.63801e-12
61.96	4.32013e-12
61.965	5.457e-12
61.97	6.82124e-12
61.975	7.73076e-12
61.98	8.64026e-12
61.985	9.54975e-12
61.99	1.02319e-11
61.995	1.0914e-11
62.0	1.11414e-11
