pos X
383.5987094778749 1.819e-12
383.63206588739473 2.160065e-12
383.6654222969145 1.70531e-12
383.6987787064343 1.5916249999999999e-12
383.7321351159542 1.932685e-12
383.765491525474 1.93269e-12
383.7988479349938 1.819e-12
383.83220434451357 2.04638e-12
383.8655607540334 1.8190000000000002e-12
383.8989171635533 1.93269e-12
383.932273573073 2.04638e-12
383.9656299825929 2.046375e-12
383.9989863921127 1.93269e-12
384.03234280163247 1.932685e-12
384.0656992111523 2.046375e-12
384.0990556206722 1.93269e-12
384.1324120301919 1.819e-12
384.16576843971177 1.8190000000000002e-12
384.1991248492316 2.046375e-12
384.23248125875136 1.93269e-12
384.2658376682712 1.93269e-12
384.299194077791 2.160065e-12
384.3325504873108 2.160065e-12
384.36590689683067 1.93269e-12
384.39926330635046 1.93269e-12
384.43261971587026 2.046375e-12
384.4659761253901 2.160065e-12
384.4993325349099 2.160065e-12
384.5326889444297 2.046375e-12
384.56604535394956 2.27375e-12
384.59940176346936 2.27375e-12
384.63275817298916 2.387435e-12
384.66611458250895 2.387435e-12
384.6994709920288 2.27375e-12
384.7328274015486 2.27375e-12
384.7661838110684 2.046375e-12
384.79954022058826 1.819e-12
384.83289663010805 2.160065e-12
384.86625303962785 2.27375e-12
384.8996094491477 2.046375e-12
384.9329658586675 2.27375e-12
384.9663222681873 2.160065e-12
384.99967867770715 2.046375e-12
385.033035087227 2.160065e-12
385.06639149674675 1.93269e-12
385.0997479062666 1.93269e-12
385.1331043157864 2.046375e-12
385.1664607253062 1.93269e-12
385.19981713482605 1.93269e-12
385.23317354434585 1.70531e-12
385.26652995386564 1.8190000000000002e-12
385.2998863633855 2.046375e-12
385.3332427729053 2.046375e-12
385.3665991824251 1.8190000000000002e-12
385.39995559194494 1.932685e-12
385.43331200146474 2.27375e-12
385.46666841098454 1.93269e-12
385.50002482050434 1.819e-12
385.5333812300242 1.59162e-12
385.566737639544 1.93269e-12
385.6000940490638 1.47794e-12
385.63345045858364 1.8190000000000002e-12
385.66680686810344 1.5916249999999999e-12
385.70016327762323 1.819e-12
385.7335196871431 1.93269e-12
385.7668760966629 1.932685e-12
385.8002325061827 1.819e-12
385.83358891570253 1.819e-12
385.86694532522233 1.819e-12
385.90030173474213 1.819e-12
385.933658144262 1.93269e-12
385.9670145537818 1.93269e-12
386.0003709633016 1.819e-12
386.03372737282143 1.70531e-12
386.06708378234123 1.819e-12
386.100440191861 1.819e-12
386.1337966013809 1.93269e-12
386.1671530109007 2.160065e-12
386.2005094204205 1.93269e-12
386.2338658299403 1.819e-12
386.2672222394601 1.93269e-12
386.3005786489799 1.819e-12
386.3339350584997 1.93269e-12
386.3672914680196 2.04638e-12
386.40064787753937 1.93269e-12
386.43400428705917 1.93269e-12
386.467360696579 1.932685e-12
386.5007171060988 1.819e-12
386.5340735156186 1.93269e-12
386.56742992513847 2.04638e-12
386.60078633465827 1.819e-12
386.63414274417806 1.819e-12
386.6674991536979 1.93269e-12
386.7008555632177 1.819e-12
386.7342119727375 1.70531e-12
386.76756838225737 1.70531e-12
386.80092479177716 2.046375e-12
386.83428120129696 1.93269e-12
386.8676376108168 1.819e-12
386.9009940203366 1.819e-12
386.9343504298564 1.819e-12
386.96770683937626 1.819e-12
387.00106324889606 1.93269e-12
387.03441965841586 2.04638e-12
387.0677760679357 1.93269e-12
387.1011324774555 1.819e-12
387.1344888869753 1.70531e-12
387.1678452964951 1.477935e-12
387.20120170601496 1.36425e-12
387.23455811553475 1.59162e-12
387.26791452505455 1.70531e-12
387.3012709345744 1.70531e-12
387.3346273440942 1.70531e-12
387.367983753614 1.93269e-12
387.40134016313385 1.819e-12
387.43469657265365 1.93269e-12
387.46805298217345 2.046375e-12
387.5014093916933 1.93269e-12
387.5347658012131 1.819e-12
387.5681222107329 1.93269e-12
387.60147862025275 2.160065e-12
387.63483502977255 1.93269e-12
387.66819143929234 2.046375e-12
387.7015478488122 2.27375e-12
387.734904258332 2.16006e-12
387.7682606678518 2.04638e-12
387.80161707737165 2.046375e-12
387.83497348689144 1.93269e-12
387.86832989641124 2.04638e-12
387.9016863059311 2.387435e-12
387.9350427154509 1.93269e-12
387.9683991249707 2.046375e-12
388.0017555344905 1.93269e-12
388.03511194401034 1.93269e-12
388.06846835353014 2.04638e-12
388.10182476304993 1.93269e-12
388.1351811725698 2.046375e-12
388.1685375820896 2.160065e-12
388.2018939916094 2.04638e-12
388.23525040112924 2.160065e-12
388.26860681064903 2.046375e-12
388.30196322016883 2.160065e-12
388.3353196296887 2.046375e-12
388.3686760392085 2.046375e-12
388.4020324487283 1.819e-12
388.43538885824813 1.93269e-12
388.46874526776793 1.70531e-12
388.5021016772877 1.819e-12
388.5354580868076 1.70531e-12
388.5688144963274 1.93269e-12
388.6021709058472 1.70531e-12
388.635527315367 1.70531e-12
388.6688837248868 1.8190000000000002e-12
388.7022401344066 1.819e-12
388.7355965439265 1.70531e-12
388.7689529534463 1.819e-12
388.80230936296607 1.59162e-12
388.83566577248587 1.70531e-12
388.8690221820057 1.70531e-12
388.9023785915255 1.70531e-12
388.9357350010453 1.819e-12
388.96909141056517 1.70531e-12
389.00244782008497 1.819e-12
389.03580422960476 1.819e-12
389.0691606391246 1.93269e-12
389.1025170486444 2.160065e-12
389.1358734581642 2.160065e-12
389.16922986768407 1.93269e-12
389.20258627720386 2.160065e-12
389.23594268672366 2.04638e-12
389.2692990962435 2.04638e-12
389.30265550576325 2.160065e-12
389.3360119152831 2.046375e-12
389.36936832480296 1.93269e-12
389.4027247343227 2.160065e-12
389.43608114384256 1.819e-12
389.4694375533624 1.819e-12
389.5027939628822 1.93269e-12
389.536150372402 2.160065e-12
389.56950678192186 2.160065e-12
389.60286319144166 2.046375e-12
389.63621960096145 2.27375e-12
389.66957601048125 2.27375e-12
389.7029324200011 2.046375e-12
389.7362888295209 2.160065e-12
389.7696452390407 1.93269e-12
389.80300164856055 2.04638e-12
389.83635805808035 1.93269e-12
389.86971446760015 1.819e-12
389.90307087712 2.160065e-12
389.9364272866398 2.160065e-12
389.9697836961596 2.160065e-12
390.00314010567945 2.046375e-12
390.03649651519925 2.046375e-12
390.06985292471904 2.04638e-12
390.1032093342389 1.93269e-12
390.13656574375864 1.93269e-12
390.1699221532785 2.046375e-12
390.20327856279835 2.04638e-12
390.2366349723181 2.046375e-12
390.26999138183794 2.046375e-12
390.3033477913578 2.04638e-12
390.33670420087753 2.046375e-12
390.3700606103974 1.93269e-12
390.40341701991724 2.27375e-12
390.436773429437 2.160065e-12
390.47012983895684 2.046375e-12
390.50348624847663 2.046375e-12
390.5368426579965 2.160065e-12
390.5701990675163 1.932685e-12
390.6035554770361 1.93269e-12
390.63691188655594 1.819e-12
390.67026829607573 1.819e-12
390.70362470559553 1.93269e-12
390.7369811151154 1.93269e-12
390.7703375246352 1.93269e-12
390.803693934155 1.93269e-12
390.83705034367483 2.04638e-12
390.87040675319463 1.93269e-12
390.9037631627144 1.819e-12
390.9371195722343 1.93269e-12
390.970475981754 1.93269e-12
391.0038323912739 1.93269e-12
391.03718880079373 1.93269e-12
391.07054521031347 2.04638e-12
391.1039016198333 1.819e-12
391.1372580293532 1.819e-12
391.1706144388729 1.93269e-12
391.20397084839277 1.819e-12
391.2373272579126 2.04638e-12
391.27068366743237 2.046375e-12
391.3040400769522 1.93269e-12
391.337396486472 1.819e-12
391.3707528959918 1.819e-12
391.40410930551167 1.819e-12
391.43746571503146 1.819e-12
391.47082212455126 1.819e-12
391.5041785340711 2.046375e-12
391.5375349435909 2.160065e-12
391.57089135311077 2.160065e-12
391.60424776263056 2.160065e-12
391.63760417215036 2.27375e-12
391.6709605816702 1.93269e-12
391.70431699119 2.04638e-12
391.7376734007098 2.160065e-12
391.77102981022966 2.27375e-12
391.8043862197494 2.27375e-12
391.83774262926926 2.160065e-12
391.8710990387891 1.93269e-12
391.90445544830885 2.04638e-12
391.9378118578287 2.27375e-12
391.97116826734856 2.387435e-12
392.0045246768683 2.160065e-12
392.03788108638815 2.160065e-12
392.071237495908 2.046375e-12
392.10459390542775 2.046375e-12
392.1379503149476 2.160065e-12
392.1713067244674 2.160065e-12
392.2046631339872 2.27375e-12
392.23801954350705 2.27375e-12
392.27137595302685 2.046375e-12
392.30473236254664 2.160065e-12
392.3380887720665 2.27375e-12
392.3714451815863 2.27375e-12
392.4048015911061 1.93269e-12
392.43815800062595 2.04638e-12
392.47151441014574 2.046375e-12
392.50487081966554 2.046375e-12
392.5382272291854 2.046375e-12
392.5715836387052 2.387435e-12
392.604940048225 2.160065e-12
392.6382964577448 1.93269e-12
392.67165286726464 2.160065e-12
392.7050092767845 2.046375e-12
392.73836568630423 2.046375e-12
392.7717220958241 2.27375e-12
392.80507850534394 1.93269e-12
392.8384349148637 1.93269e-12
392.87179132438354 1.819e-12
392.9051477339034 1.8190000000000002e-12
392.93850414342313 2.046375e-12
392.971860552943 1.93269e-12
393.0052169624628 1.93269e-12
393.0385733719826 1.93269e-12
393.07192978150243 1.93269e-12
393.10528619102223 1.93269e-12
393.138642600542 1.93269e-12
393.1719990100619 1.819e-12
393.2053554195817 1.8190000000000002e-12
393.2387118291015 1.93269e-12
393.27206823862133 2.046375e-12
393.3054246481411 1.819e-12
393.3387810576609 1.819e-12
393.3721374671808 1.819e-12
393.4054938767006 1.70531e-12
393.4388502862204 1.932685e-12
393.47220669574017 1.8190000000000002e-12
393.50556310526 1.819e-12
393.5389195147798 1.5916249999999999e-12
393.5722759242996 1.705315e-12
393.60563233381947 1.8190000000000002e-12
393.63898874333927 1.819e-12
393.67234515285907 1.5916249999999999e-12
393.7057015623789 1.70531e-12
393.7390579718988 1.5916249999999999e-12
393.7724143814185 1.70531e-12
393.80577079093837 1.819e-12
393.83912720045817 1.819e-12
393.87248360997796 1.70531e-12
393.9058400194978 1.477935e-12
393.9391964290176 1.36425e-12
393.9725528385374 1.13688e-12
394.00590924805726 1.477935e-12
394.03926565757706 1.5916300000000002e-12
394.07262206709686 1.705315e-12
394.1059784766167 1.59162e-12
394.1393348861365 1.70531e-12
394.1726912956563 1.93269e-12
394.20604770517616 1.5916249999999999e-12
394.23940411469596 1.70531e-12
394.27276052421576 1.70531e-12
394.30611693373555 1.36425e-12
394.3394733432554 1.819e-12
394.3728297527752 2.04638e-12
394.406186162295 1.93269e-12
394.43954257181485 2.046375e-12
394.47289898133465 1.93269e-12
394.50625539085445 2.04638e-12
394.5396118003743 1.819e-12
394.5729682098941 1.819e-12
394.6063246194139 2.046375e-12
394.63968102893375 1.93269e-12
394.67303743845355 1.93269e-12
394.70639384797335 1.819e-12
394.7397502574932 1.70531e-12
394.773106667013 1.93269e-12
394.8064630765328 2.046375e-12
394.83981948605265 1.819e-12
394.87317589557244 1.819e-12
394.90653230509224 1.932685e-12
394.9398887146121 1.93269e-12
394.9732451241319 1.705315e-12
395.0066015336517 1.93269e-12
395.03995794317154 1.819e-12
395.07331435269134 1.93269e-12
395.10667076221114 1.93269e-12
395.14002717173094 1.93269e-12
395.1733835812508 1.70531e-12
395.2067399907706 1.477935e-12
395.2400964002904 1.819e-12
395.27345280981024 1.819e-12
395.30680921933003 1.477935e-12
395.34016562884983 1.70531e-12
395.3735220383697 1.70531e-12
395.4068784478895 1.5916249999999999e-12
395.4402348574093 1.70531e-12
395.47359126692913 1.70531e-12
395.50694767644893 1.819e-12
395.5403040859687 1.93269e-12
395.5736604954886 2.160065e-12
395.6070169050084 1.93269e-12
395.6403733145282 1.70531e-12
395.67372972404803 1.819e-12
395.7070861335678 1.8190000000000002e-12
395.7404425430876 1.819e-12
395.7737989526075 1.93269e-12
395.8071553621273 1.5916249999999999e-12
395.8405117716471 1.5916249999999999e-12
395.8738681811669 1.93269e-12
395.9072245906867 2.046375e-12
395.9405810002065 2.046375e-12
395.9739374097263 1.819e-12
396.0072938192462 1.819e-12
396.04065022876597 1.819e-12
396.07400663828577 1.819e-12
396.1073630478056 1.70531e-12
396.1407194573254 2.04638e-12
396.1740758668452 2.04638e-12
396.20743227636507 2.27375e-12
396.24078868588487 2.160065e-12
396.27414509540466 2.046375e-12
396.3075015049245 2.046375e-12
396.3408579144443 2.61481e-12
396.3742143239641 2.160065e-12
396.40757073348396 2.27375e-12
396.44092714300376 2.7284950000000003e-12
396.47428355252356 2.61481e-12
396.5076399620434 2.842185e-12
396.5409963715632 2.7285e-12
396.574352781083 2.95587e-12
396.60770919060286 3.1832449999999997e-12
396.64106560012266 3.41063e-12
396.67442200964246 3.18325e-12
396.7077784191623 3.29694e-12
396.7411348286821 3.52431e-12
396.7744912382019 3.524315e-12
396.8078476477217 3.751694999999999e-12
396.84120405724155 3.979065e-12
396.87456046676135 4.3201250000000004e-12
396.90791687628115 4.43381e-12
396.941273285801 4.77487e-12
396.9746296953208 4.661185000000001e-12
397.0079861048406 5.115935e-12
397.04134251436045 5.456995e-12
397.07469892388025 5.5706849999999995e-12
397.10805533340005 6.02543e-12
397.1414117429199 6.252805e-12
397.1747681524397 6.593865e-12
397.2081245619595 7.048625e-12
397.24148097147935 7.61707e-12
397.27483738099914 8.185505e-12
397.30819379051894 8.64026e-12
397.3415502000388 9.20869e-12
397.3749066095586 9.436065e-12
397.4082630190784 1.04592e-11
397.44161942859824 1.114135e-11
397.47497583811804 1.18235e-11
397.50833224763784 1.2960350000000001e-11
397.5416886571577 1.352875e-11
397.5750450666775 1.46657e-11
397.6084014761973 1.523415e-11
397.6417578857171 1.64847e-11
397.67511429523694 1.7053149999999998e-11
397.70847070475673 1.80763e-11
397.74182711427653 1.93269e-11
397.7751835237964 1.9781649999999998e-11
397.8085399333162 2.057745e-11
397.841896342836 2.148695e-11
397.87525275235583 2.205535e-11
397.90860916187563 2.239645e-11
397.94196557139543 2.2282749999999997e-11
397.9753219809153 2.239645e-11
398.008678390435 2.216905e-11
398.0420347999549 2.114585e-11
398.07539120947473 1.9895299999999998e-11
398.10874761899447 1.85311e-11
398.1421040285143 1.64847e-11
398.1754604380342 1.375615e-11
398.208816847554 1.0572899999999999e-11
398.2421732570738 6.2528e-12
398.2755296665936 1.819e-12
398.3088860761134 -3.410625e-12
398.3422424856332 -1.0118175e-11
398.3755988951531 -1.762155e-11
398.4089553046729 -2.59207e-11
398.44231171419267 -3.524315e-11
398.47566812371247 -4.5816e-11
398.5090245332323 -5.752585e-11
398.5423809427521 -7.03726e-11
398.5757373522719 -8.51519e-11
398.60909376179177 -1.008407e-10
398.64245017131157 -1.16871e-10
398.67580658083136 -1.3574300000000001e-10
398.7091629903512 -1.55411e-10
398.742519399871 -1.765565e-10
398.7758758093908 -1.9929400000000003e-10
398.80923221891067 -2.21008e-10
398.8425886284304 -2.3954e-10
398.87594503795026 -2.57957e-10
398.9093014474701 -2.737595e-10
398.94265785698985 -2.891075e-10
398.9760142665097 -3.002485e-10
399.00937067602956 -3.04455e-10
399.0427270855493 -3.02409e-10
399.07608349506916 -2.927455e-10
399.109439904589 -2.75351e-10
399.14279631410875 -2.44201e-10
399.1761527236286 -2.085025e-10
399.20950913314846 -1.609815e-10
399.24286554266826 -1.06525e-10
399.27622195218805 -3.83127e-11
399.30957836170785 3.6948449999999996e-11
399.3429347712277 1.18576e-10
399.3762911807475 2.106625e-10
399.4096475902673 2.98998e-10
399.44300399978715 3.949495e-10
399.47636040930695 4.83399e-10
399.50971681882675 5.60366e-10
399.5430732283466 6.29715e-10
399.5764296378664 6.89855e-10
399.6097860473862 7.32033e-10
399.64314245690605 7.625015000000001e-10
399.6764988664258 7.76712e-10
399.70985527594564 7.723914999999999e-10
399.7432116854655 7.47722e-10
399.77656809498524 7.05089e-10
399.8099245045051 6.46654e-10
399.84328091402494 5.728715e-10
399.8766373235447 4.91244e-10
399.90999373306454 3.98929e-10
399.9433501425844 2.8831149999999997e-10
399.97670655210413 1.8155849999999998e-10
400.010062961624 8.049075e-11
400.04341937114384 -2.626185e-11
400.0767757806636 -1.26307e-10
400.11013219018344 -2.2623849999999997e-10
400.14348859970323 -3.1355e-10
400.17684500922303 -3.8471799999999997e-10
400.2102014187429 -4.56114e-10
400.2435578282627 -5.07388e-10
400.27691423778253 -5.48429e-10
400.31027064730233 -5.773055e-10
400.34362705682213 -5.924255e-10
400.376983466342 -5.94927e-10
400.4103398758618 -5.856045e-10
400.4436962853816 -5.65482e-10
400.47705269490143 -5.361505e-10
400.51040910442117 -4.94769e-10
400.543765513941 -4.538395e-10
400.5771219234609 -4.012025e-10
400.6104783329806 -3.457235e-10
400.6438347425005 -2.872885e-10
400.6771911520203 -2.28966e-10
400.71054756154007 -1.72123e-10
400.7439039710599 -1.12323e-10
400.7772603805798 -5.672995e-11
400.8106167900995 -3.1832550000000003e-12
400.84397319961937 4.4792799999999995e-11
400.8773296091392 8.731189999999999e-11
400.91068601865896 1.2482900000000001e-10
400.9440424281788 1.59276e-10
400.9773988376986 1.867885e-10
401.0107552472184 2.096395e-10
401.04411165673827 2.26579e-10
401.07746806625806 2.38971e-10
401.11082447577786 2.436325e-10
401.1441808852977 2.43519e-10
401.1775372948175 2.39312e-10
401.2108937043373 2.30331e-10
401.24425011385716 2.1759749999999998e-10
401.27760652337696 2.0247749999999999e-10
401.31096293289676 1.8394599999999999e-10
401.34431934241655 1.63255e-10
401.3776757519364 1.41086e-10
401.41103216145626 1.16871e-10
401.444388570976 9.29963e-11
401.47774498049586 6.798520000000001e-11
401.5111013900157 4.4565499999999995e-11
401.54445779953545 2.33059e-11
401.5778142090553 3.97906e-12
401.61117061857516 -1.4438300000000002e-11
401.6445270280949 -3.2628299999999996e-11
401.67788343761475 -4.888555e-11
401.7112398471346 -6.30966e-11
401.74459625665435 -7.594325e-11
401.7779526661742 -8.469710000000001e-11
401.811309075694 -9.10636e-11
401.8446654852138 -9.61795e-11
401.87802189473365 -9.856670000000001e-11
401.91137830425345 -9.924895e-11
401.94473471377324 -9.79983e-11
401.9780911232931 -9.504265000000001e-11
402.0114475328129 -9.072255e-11
402.0448039423327 -8.42424e-11
402.07816035185255 -7.787595e-11
402.11151676137234 -6.991785e-11
402.14487317089214 -6.059555e-11
402.17822958041194 -5.18414e-11
402.2115859899318 -4.1837e-11
402.2449423994516 -3.228725e-11
402.2782988089714 -2.25101e-11
402.31165521849124 -1.31877e-11
402.34501162801104 -4.8885599999999995e-12
402.37836803753083 2.955875e-12
402.4117244470507 9.66344e-12
402.44508085657054 1.602995e-11
402.4784372660903 2.1828e-11
402.51179367561014 2.68302e-11
402.54515008513 3.035465e-11
402.57850649464973 3.342415e-11
402.6118629041696 3.5243100000000005e-11
402.6452193136894 3.62663e-11
402.6785757232092 3.62663e-11
402.71193213272903 3.5811599999999997e-11
402.74528854224883 3.456105e-11
402.7786449517686 3.25147e-11
402.8120013612885 2.944505e-11
402.8453577708083 2.5807050000000002e-11
402.8787141803281 2.205535e-11
402.91207058984793 1.77353e-11
402.9454269993677 1.3301399999999999e-11
402.9787834088875 8.86763e-12
403.0121398184073 4.43381e-12
403.0454962279272 -4.547495e-13
403.07885263744697 -4.433815e-12
403.11220904696677 -8.071825000000001e-12
403.1455654564866 -1.1482450000000001e-11
403.1789218660064 -1.44383e-11
403.2122782755262 -1.625735e-11
403.24563468504607 -1.7507900000000002e-11
403.27899109456587 -1.80763e-11
403.31234750408566 -1.8531049999999998e-11
403.3457039136055 -1.88721e-11
403.3790603231253 -1.8758400000000002e-11
403.4124167326451 -1.83037e-11
403.44577314216497 -1.7621550000000003e-11
403.47912955168476 -1.7053149999999998e-11
403.51248596120456 -1.625735e-11
403.5458423707244 -1.546155e-11
403.5791987802442 -1.500675e-11
403.612555189764 -1.43246e-11
403.64591159928386 -1.375615e-11
403.67926800880366 -1.2960350000000001e-11
403.71262441832346 -1.26193e-11
403.7459808278433 -1.1937149999999999e-11
403.7793372373631 -1.1596150000000001e-11
403.8126936468829 -1.0686649999999999e-11
403.8460500564027 -9.89081e-12
403.87940646592256 -8.299195e-12
403.91276287544235 -7.16231e-12
403.94611928496215 -5.34331e-12
403.979475694482 -3.751694999999999e-12
404.0128321040018 -1.93269e-12
404.0461885135216 3.41063e-13
404.07954492304145 2.95587e-12
404.11290133256125 5.5706849999999995e-12
404.14625774208105 8.299195e-12
404.1796141516009 1.08003e-11
404.2129705611207 1.386985e-11
404.2463269706405 1.64847e-11
404.27968338016035 1.85311e-11
404.31303978968015 2.1259549999999998e-11
404.34639619919994 2.3646999999999997e-11
404.3797526087198 2.592075e-11
404.4131090182396 2.7853399999999998e-11
404.4464654277594 2.910395e-11
404.47982183727925 3.02409e-11
404.51317824679904 3.04683e-11
404.54653465631884 3.12641e-11
404.5798910658387 3.1377799999999996e-11
404.6132474753585 3.0809349999999995e-11
404.6466038848783 2.97861e-11
404.6799602943981 2.819455e-11
404.71331670391794 2.6716549999999998e-11
404.74667311343774 2.4215400000000002e-11
404.78002952295753 2.182795e-11
404.8133859324774 1.944055e-11
404.8467423419972 1.67121e-11
404.880098751517 1.364245e-11
404.91345516103684 1.08003e-11
404.94681157055663 8.299195e-12
404.98016798007643 5.68437e-12
405.0135243895963 3.0695649999999998e-12
405.0468807991161 1.0231875e-12
405.0802372086359 -6.82125e-13
405.11359361815573 -2.0463700000000003e-12
405.14695002767553 -3.6380000000000005e-12
405.1803064371953 -4.433815e-12
405.2136628467152 -5.343305e-12
405.247019256235 -5.456995e-12
405.2803756657548 -5.68437e-12
405.31373207527463 -5.68437e-12
405.3470884847944 -5.115935e-12
405.3804448943142 -4.433815e-12
405.4138013038341 -3.18325e-12
405.4471577133539 -2.04638e-12
405.48051412287367 0.0
405.51387053239347 1.819e-12
405.5472269419133 3.524315e-12
405.5805833514331 5.34331e-12
405.6139397609529 7.503384999999999e-12
405.64729617047277 9.663435000000001e-12
405.68065257999257 1.1823449999999999e-11
405.71400898951237 1.36425e-11
405.7473653990322 1.5461499999999997e-11
405.780721808552 1.716685e-11
405.8140782180718 1.8189999999999997e-11
405.84743462759167 1.93269e-11
405.88079103711146 2.05774e-11
405.91414744663126 2.1259549999999998e-11
405.9475038561511 2.1714300000000003e-11
405.9808602656709 2.22827e-11
406.0142166751907 2.25101e-11
406.04757308471056 2.25101e-11
406.08092949423036 2.2396399999999998e-11
406.11428590375016 2.205535e-11
406.14764231327 2.1714300000000003e-11
406.1809987227898 2.114585e-11
406.2143551323096 2.046375e-11
406.24771154182946 1.955425e-11
406.28106795134926 1.841735e-11
406.31442436086905 1.73942e-11
406.34778077038885 1.5802549999999998e-11
406.3811371799087 1.47794e-11
406.4144935894285 1.3301449999999999e-11
406.4478499989483 1.18235e-11
406.48120640846815 1.011816e-11
406.51456281798795 8.299195e-12
406.54791922750775 6.593865e-12
406.5812756370276 4.661185000000001e-12
406.6146320465474 2.95587e-12
406.6479884560672 1.819e-12
406.68134486558705 3.41063e-13
406.71470127510685 -4.547495e-13
406.74805768462664 -1.705315e-12
406.7814140941465 -2.5011250000000002e-12
406.81477050366624 -2.842185e-12
406.8481269131861 -3.18325e-12
406.88148332270595 -3.296935e-12
406.91483973222574 -3.41062e-12
406.94819614174554 -3.18325e-12
406.9815525512654 -2.7284950000000003e-12
407.0149089607852 -2.16006e-12
407.048265370305 -1.5916249999999999e-12
407.08162177982484 -1.023191e-12
407.11497818934464 -5.684375e-13
407.14833459886444 0.0
407.18169100838423 3.41063e-13
407.2150474179041 9.09502e-13
407.2484038274239 1.36425e-12
407.2817602369437 1.47794e-12
407.31511664646354 1.819e-12
407.34847305598333 1.70531e-12
407.38182946550313 1.8190000000000002e-12
407.415185875023 1.932685e-12
407.4485422845428 1.36425e-12
407.4818986940626 9.09502e-13
407.51525510358243 3.41063e-13
407.54861151310223 -3.41062e-13
407.581967922622 -7.95813e-13
407.6153243321419 -1.705315e-12
407.6486807416616 -2.27375e-12
407.6820371511815 -2.955875e-12
407.71539356070133 -3.638e-12
407.74874997022107 -4.66119e-12
407.7821063797409 -5.57068e-12
407.8154627892608 -6.1391150000000005e-12
407.8488191987805 -6.82124e-12
407.8821756083004 -6.934925e-12
407.9155320178202 -7.276000000000001e-12
407.94888842734 -7.617060000000001e-12
407.9822448368598 -7.617060000000001e-12
408.0156012463796 -7.617075e-12
408.04895765589947 -7.276000000000001e-12
408.08231406541927 -7.04861e-12
408.11567047493907 -6.02543e-12
408.1490268844589 -5.457e-12
408.1823832939787 -4.8885599999999995e-12
408.2157397034985 -4.5475e-12
408.24909611301837 -3.979065e-12
408.28245252253816 -3.296935e-12
408.31580893205796 -2.8421850000000004e-12
408.3491653415778 -2.5011250000000002e-12
408.3825217510976 -2.387435e-12
408.4158781606174 -2.50112e-12
408.44923457013726 -2.50112e-12
408.482590979657 -2.8421850000000004e-12
408.51594738917686 -3.18325e-12
408.5493037986967 -3.751694999999999e-12
408.58266020821645 -4.3201250000000004e-12
408.6160166177363 -4.774875e-12
408.64937302725616 -5.34331e-12
408.6827294367759 -6.02543e-12
408.71608584629575 -6.480175e-12
408.7494422558156 -7.048625e-12
408.78279866533535 -7.389685e-12
408.8161550748552 -7.730760000000001e-12
408.849511484375 -7.730760000000001e-12
408.8828678938948 -7.276000000000001e-12
408.91622430341465 -6.70755e-12
408.94958071293445 -6.1391150000000005e-12
408.98293712245425 -5.34331e-12
409.0162935319741 -4.66119e-12
409.0496499414939 -3.751694999999999e-12
409.08300635101375 -2.50112e-12
409.11636276053355 -1.136876e-12
409.14971917005334 0.0
409.1830755795732 1.36425e-12
409.216431989093 2.61481e-12
409.2497883986128 3.86538e-12
409.28314480813265 4.8885599999999995e-12
409.3165012176524 6.02543e-12
409.34985762717224 7.04861e-12
409.3832140366921 7.61707e-12
409.41657044621184 8.299195e-12
409.4499268557317 8.52657e-12
409.48328326525154 8.86763e-12
409.5166396747713 9.095005e-12
409.54999608429114 8.86763e-12
409.583352493811 8.52657e-12
409.61670890333073 8.18551e-12
409.6500653128506 7.844445e-12
409.6834217223704 7.27601e-12
409.7167781318902 6.82124e-12
409.75013454141003 6.593865e-12
409.78349095092983 6.02543e-12
409.81684736044963 5.229624999999999e-12
409.8502037699695 4.661185000000001e-12
409.8835601794893 4.20644e-12
409.9169165890091 3.41063e-12
409.95027299852893 2.61481e-12
409.9836294080487 1.93269e-12
410.0169858175685 1.70531e-12
410.0503422270884 7.95813e-13
410.0836986366082 -3.41063e-13
410.11705504612803 -1.36425e-12
410.15041145564777 -2.27375e-12
410.1837678651676 -3.06956e-12
410.2171242746875 -3.638e-12
410.2504806842072 -4.66119e-12
410.2838370937271 -5.456995e-12
410.3171935032469 -6.1391150000000005e-12
410.35054991276667 -6.70755e-12
410.3839063222865 -6.82125e-12
410.4172627318064 -7.048625e-12
410.4506191413261 -7.503384999999999e-12
410.48397555084597 -7.276000000000001e-12
410.51733196036577 -7.16231e-12
410.55068836988556 -6.82125e-12
410.5840447794054 -6.593865e-12
410.6174011889252 -5.34331e-12
410.650757598445 -4.433815e-12
410.68411400796487 -3.296935e-12
410.71747041748466 -2.27375e-12
410.75082682700446 -7.958155000000001e-13
410.7841832365243 6.82124e-13
410.8175396460441 2.160065e-12
410.8508960555639 4.0927549999999996e-12
410.88425246508376 6.02543e-12
410.91760887460356 7.61707e-12
410.95096528412336 9.095005e-12
410.98432169364315 1.0686649999999999e-11
411.017678103163 1.1937149999999999e-11
411.0510345126828 1.318775e-11
411.0843909222026 1.4097249999999999e-11
411.11774733172246 1.489305e-11
411.1511037412423 1.5802549999999998e-11
411.18446015076205 1.6143650000000002e-11
411.2178165602819 1.5802549999999998e-11
411.25117296980176 1.534785e-11
411.2845293793215 1.46657e-11
411.31788578884135 1.364245e-11
411.35124219836115 1.227825e-11
411.38459860788095 1.102765e-11
411.4179550174008 9.32238e-12
411.4513114269206 7.61707e-12
411.4846678364404 5.79806e-12
411.51802424596025 4.0927549999999996e-12
411.55138065548005 1.8190000000000002e-12
411.58473706499984 3.41062e-13
411.6180934745197 -1.250561e-12
411.6514498840395 -2.3874399999999998e-12
411.6848062935593 -3.410625e-12
411.71816270307914 -3.751694999999999e-12
411.75151911259894 -4.20644e-12
411.78487552211874 -4.20644e-12
411.81823193163854 -4.0927549999999996e-12
411.8515883411584 -3.524315e-12
411.8849447506782 -3.06956e-12
411.918301160198 -2.3874399999999998e-12
411.95165756971784 -1.477935e-12
411.98501397923764 -5.684375e-13
412.01837038875743 0.0
412.0517267982773 4.54751e-13
412.0850832077971 9.09502e-13
412.1184396173169 1.250565e-12
412.15179602683673 1.36425e-12
412.18515243635653 1.819e-12
412.21850884587633 1.70531e-12
412.2518652553962 1.36425e-12
412.285221664916 1.250565e-12
412.3185780744358 9.09502e-13
412.35193448395563 1.136875e-13
412.3852908934754 0.0
412.4186473029952 -2.273755e-13
412.4520037125151 -4.547495e-13
412.4853601220349 -4.54751e-13
412.5187165315547 -4.54751e-13
412.5520729410745 -1.136875e-13
412.5854293505943 1.136875e-13
412.6187857601141 5.684375e-13
412.6521421696339 1.023191e-12
412.6854985791538 1.70531e-12
412.71885498867357 2.04638e-12
412.75221139819337 2.61481e-12
412.7855678077132 2.95587e-12
412.818924217233 3.751694999999999e-12
412.8522806267528 4.20644e-12
412.88563703627267 4.77487e-12
412.91899344579247 5.002245e-12
412.95234985531226 5.34331e-12
412.9857062648321 5.229624999999999e-12
413.0190626743519 5.115935e-12
413.0524190838717 4.77487e-12
413.08577549339157 4.77487e-12
413.11913190291136 4.433815e-12
413.15248831243116 3.63801e-12
413.185844721951 2.8421850000000004e-12
413.2192011314708 2.160065e-12
413.2525575409906 1.36425e-12
413.28591395051046 7.95813e-13
413.31927036003026 -2.273755e-13
413.35262676955006 -5.6844e-13
413.3859831790699 -1.250565e-12
413.4193395885897 -1.705315e-12
413.4526959981095 -1.93269e-12
413.4860524076293 -2.04638e-12
413.51940881714916 -1.93269e-12
413.55276522666895 -1.8190000000000002e-12
413.58612163618875 -1.477935e-12
413.6194780457086 -9.09502e-13
413.6528344552284 -6.82124e-13
413.6861908647482 0.0
413.71954727426805 0.0
413.75290368378785 3.41063e-13
413.78626009330765 2.27375e-13
413.8196165028275 0.0
413.8529729123473 -6.82124e-13
413.8863293218671 -1.36425e-12
413.91968573138695 -2.04638e-12
413.95304214090675 -2.842185e-12
413.98639855042654 -3.638e-12
414.0197549599464 -4.774875e-12
414.0531113694662 -5.343305e-12
414.086467778986 -5.798055e-12
414.11982418850585 -6.3664899999999995e-12
414.15318059802564 -6.70755e-12
414.18653700754544 -6.480175000000001e-12
414.2198934170653 -6.1391150000000005e-12
414.2532498265851 -5.5706849999999995e-12
414.2866062361049 -4.774875e-12
414.3199626456247 -3.41063e-12
414.35331905514454 -1.8190000000000002e-12
414.38667546466434 0.0
414.42003187418413 2.046375e-12
414.453388283704 4.0927549999999996e-12
414.4867446932238 6.252805e-12
414.5201011027436 8.41288e-12
414.55345751226344 1.0459260000000001e-11
414.58681392178323 1.250565e-11
414.62017033130303 1.3983549999999999e-11
414.6535267408229 1.546155e-11
414.6868831503427 1.64847e-11
414.7202395598625 1.73942e-11
414.75359596938233 1.773525e-11
414.78695237890213 1.7280549999999998e-11
414.8203087884219 1.693945e-11
414.8536651979418 1.602995e-11
414.8870216074616 1.4324599999999998e-11
414.9203780169814 1.25056e-11
414.9537344265012 1.06866e-11
414.987090836021 8.185505e-12
415.0204472455408 6.13912e-12
415.0538036550607 3.63801e-12
415.0871600645805 1.5916300000000002e-12
415.12051647410027 -2.2737450000000004e-13
415.15387288362007 -1.8190000000000002e-12
415.1872292931399 -2.8421850000000004e-12
415.2205857026597 -3.865375e-12
415.2539421121795 -3.865375e-12
415.28729852169937 -4.20644e-12
415.32065493121917 -3.979065e-12
415.35401134073896 -3.296935e-12
415.3873677502588 -2.7284950000000003e-12
415.4207241597786 -1.5916249999999999e-12
415.4540805692984 -2.27375e-13
415.48743697881827 4.54751e-13
415.520793388338 1.477935e-12
415.55414979785786 2.27375e-12
415.5875062073777 2.95587e-12
415.6208626168975 2.95587e-12
415.6542190264173 2.95587e-12
415.68757543593716 2.61481e-12
415.72093184545696 2.160065e-12
415.75428825497676 1.819e-12
415.7876446644966 1.250565e-12
415.8210010740164 7.958155000000001e-13
415.8543574835362 5.684375e-13
415.88771389305606 2.273755e-13
415.92107030257586 2.273755e-13
415.95442671209565 5.684375e-13
415.98778312161545 9.09502e-13
416.0211395311353 1.70531e-12
416.0544959406551 2.7284950000000003e-12
416.0878523501749 3.979065e-12
416.12120875969475 5.22962e-12
416.15456516921455 6.59386e-12
416.18792157873435 7.84445e-12
416.2212779882542 9.095005e-12
416.254634397774 1.0572899999999999e-11
416.2879908072938 1.1823449999999999e-11
416.32134721681365 1.25056e-11
416.3547036263334 1.34151e-11
416.38806003585324 1.398355e-11
416.4214164453731 1.43246e-11
416.45477285489284 1.42109e-11
416.4881292644127 1.386985e-11
416.52148567393255 1.2960350000000001e-11
416.5548420834523 1.19372e-11
416.58819849297214 1.08003e-11
416.621554902492 9.095005e-12
416.65491131201173 7.16231e-12
416.6882677215316 4.8885599999999995e-12
416.72162413105144 3.1832449999999997e-12
416.75498054057124 1.250565e-12
416.78833695009104 -1.023187e-12
416.82169335961083 -2.8421850000000004e-12
416.8550497691307 -4.43381e-12
416.8884061786505 -5.456995e-12
416.9217625881703 -6.934940000000001e-12
416.95511899769014 -7.61707e-12
416.98847540720993 -7.958135e-12
417.02183181672973 -8.299195e-12
417.0551882262496 -8.185509999999999e-12
417.0885446357694 -7.84445e-12
417.1219010452892 -7.162315e-12
417.15525745480903 -5.911745e-12
417.1886138643288 -5.0022500000000004e-12
417.2219702738486 -3.86538e-12
417.2553266833685 -2.8421850000000004e-12
417.2886830928882 -1.8190000000000002e-12
417.3220395024081 -5.684375e-13
417.3553959119279 2.273755e-13
417.38875232144767 7.958155000000001e-13
417.4221087309675 6.82124e-13
417.4554651404874 1.13688e-12
417.4888215500071 1.13688e-12
417.52217795952697 1.023191e-12
417.5555343690468 5.684375e-13
417.58889077856657 4.54751e-13
417.6222471880864 3.41063e-13
417.6556035976062 0.0
417.688960007126 -3.41063e-13
417.72231641664587 -3.41063e-13
417.75567282616566 -3.41062e-13
417.7890292356855 -2.273755e-13
417.8223856452053 -3.41063e-13
417.8557420547251 1.136875e-13
417.88909846424497 9.09502e-13
417.92245487376476 1.36425e-12
417.95581128328456 2.046375e-12
417.9891676928044 2.7284950000000003e-12
418.02252410232416 3.524315e-12
418.055880511844 4.32013e-12
418.08923692136386 5.229624999999999e-12
418.1225933308836 5.798055e-12
418.15594974040346 6.480175000000001e-12
418.1893061499233 7.04861e-12
418.22266255944305 7.617075e-12
418.2560189689629 8.071820000000001e-12
418.28937537848276 8.412885000000001e-12
418.3227317880025 8.185505e-12
418.35608819752235 8.185505e-12
418.3894446070422 7.730760000000001e-12
418.42280101656195 7.16231e-12
418.4561574260818 6.593865e-12
418.4895138356016 5.911745e-12
418.5228702451214 5.115935e-12
418.55622665464125 4.32013e-12
418.58958306416105 3.63801e-12
418.62293947368084 2.5011250000000002e-12
418.6562958832007 1.5916249999999999e-12
418.6896522927205 1.023191e-12
418.7230087022403 5.684375e-13
418.75636511176015 3.41063e-13
418.78972152127994 2.273755e-13
418.8230779307998 4.547495e-13
418.85643434031954 6.821265e-13
418.8897907498394 1.13688e-12
418.92314715935925 1.5916249999999999e-12
418.956503568879 2.5011250000000002e-12
418.98985997839884 3.06956e-12
419.0232163879187 3.63801e-12
419.05657279743843 4.0927549999999996e-12
419.0899292069583 4.20644e-12
419.12328561647814 4.0927549999999996e-12
419.1566420259979 3.86538e-12
419.18999843551774 3.524315e-12
419.2233548450376 3.06956e-12
419.25671125455733 2.160065e-12
419.2900676640772 1.477935e-12
419.323424073597 6.821265e-13
419.3567804831168 -3.4106350000000006e-13
419.39013689263663 -1.1368720000000001e-12
419.42349330215643 -1.8190000000000002e-12
419.4568497116762 -2.0463700000000003e-12
419.4902061211961 -2.3874399999999998e-12
419.5235625307159 -2.61481e-12
419.5569189402357 -2.50112e-12
419.59027534975553 -2.27375e-12
419.6236317592753 -1.8190000000000002e-12
419.6569881687951 -1.136876e-12
419.6903445783149 -1.136875e-13
419.7237009878348 9.09502e-13
419.7570573973546 1.705315e-12
419.79041380687437 2.387435e-12
419.8237702163942 3.296935e-12
419.8571266259141 4.32013e-12
419.8904830354338 5.002245e-12
419.92383944495367 5.911745e-12
419.9571958544735 6.70755e-12
419.99055226399327 7.503384999999999e-12
420.0239086735131 8.071820000000001e-12
420.057265083033 8.412885000000001e-12
420.0906214925527 8.98132e-12
420.12397790207257 8.98132e-12
420.15733431159236 9.095005e-12
420.19069072111216 9.20869e-12
420.224047130632 9.20869e-12
420.2574035401518 8.86763e-12
420.2907599496716 8.299195e-12
420.32411635919146 7.730760000000001e-12
420.35747276871126 7.389700000000001e-12
420.39082917823106 7.048625e-12
420.4241855877509 6.70755e-12
420.4575419972707 6.36649e-12
420.4908984067905 5.5706849999999995e-12
420.5242548163103 5.115935e-12
420.55761122583016 4.8885599999999995e-12
420.59096763534995 4.8885599999999995e-12
420.62432404486975 4.20644e-12
420.6576804543896 4.20644e-12
420.6910368639094 3.86538e-12
420.7243932734292 3.638e-12
420.75774968294905 3.41063e-12
420.79110609246885 3.06956e-12
420.82446250198865 2.842185e-12
420.8578189115085 2.5011250000000002e-12
420.89117532102836 2.046375e-12
420.9245317305481 1.47794e-12
420.95788814006795 1.023191e-12
420.99124454958775 5.684375e-13
421.02460095910754 4.54751e-13
421.0579573686274 0.0
421.0913137781472 -2.273755e-13
421.124670187667 -3.41062e-13
421.15802659718685 -4.547495e-13
421.19138300670664 -6.821275e-13
421.22473941622644 -4.547495e-13
421.2580958257463 -1.136875e-13
421.2914522352661 0.0
421.3248086447859 4.54751e-13
421.3581650543057 1.023191e-12
421.39152146382554 1.477935e-12
421.42487787334534 2.04638e-12
421.45823428286513 2.842185e-12
421.491590692385 2.955875e-12
421.5249471019048 3.63801e-12
421.5583035114246 4.09275e-12
421.59165992094444 4.32013e-12
421.62501633046423 4.3201250000000004e-12
421.65837273998403 4.8885599999999995e-12
421.6917291495039 5.34331e-12
421.7250855590237 5.457e-12
421.7584419685435 5.68437e-12
421.79179837806333 5.5706849999999995e-12
421.82515478758313 5.115935e-12
421.8585111971029 5.115935e-12
421.8918676066228 5.002245e-12
421.9252240161426 4.5475e-12
421.9585804256624 4.20644e-12
421.99193683518223 3.86538e-12
422.025293244702 3.524315e-12
422.0586496542218 2.61481e-12
422.0920060637417 2.27375e-12
422.1253624732615 1.70531e-12
422.1587188827813 1.13688e-12
422.19207529230107 4.54751e-13
422.2254317018209 0.0
422.2587881113407 -3.41063e-13
422.2921445208605 -6.82124e-13
422.3255009303804 -7.95813e-13
422.35885733990017 -6.82124e-13
422.39221374941997 -7.95813e-13
422.4255701589398 -6.82124e-13
422.4589265684596 -5.684375e-13
422.4922829779794 -2.273755e-13
422.52563938749927 2.273755e-13
422.55899579701907 1.136875e-13
422.59235220653886 2.273755e-13
422.6257086160587 5.684375e-13
422.6590650255785 7.95813e-13
422.6924214350983 1.023191e-12
422.72577784461816 1.136876e-12
422.75913425413796 1.13688e-12
422.79249066365776 4.54751e-13
422.8258470731776 0.0
422.8592034826974 0.0
422.8925598922172 0.0
422.92591630173706 -3.41063e-13
422.95927271125686 -3.41062e-13
422.99262912077666 -3.41063e-13
423.02598553029645 -5.684375e-13
423.0593419398163 -2.27375e-13
423.0926983493361 -3.41062e-13
423.1260547588559 -1.1368800000000003e-13
423.15941116837575 0.0
423.19276757789555 1.136875e-13
423.22612398741535 2.273755e-13
423.2594803969352 3.41063e-13
423.292836806455 2.273755e-13
423.3261932159748 3.41063e-13
423.35954962549465 4.54751e-13
423.39290603501445 1.136875e-13
423.42626244453425 2.273755e-13
423.4596188540541 1.136875e-13
423.4929752635739 1.1368800000000003e-13
423.5263316730937 0.0
423.55968808261355 -2.273755e-13
423.59304449213334 -1.136875e-13
423.62640090165314 -1.136875e-13
