Temp,ep_inf,ep_s,nu_to,Gamma,nu_p,gamma
10,-2605.4772465063343,1370.624215112827,0.5150867994955943,0.016813666251836137,0.0031007424826070343,-208.27344387754587
20,-2282.099876589308,1329.6311080893872,0.5219649347550935,0.01842126704929046,-0.02275116118949501,-243.28113574547206
40,-1719.3927645806962,829.5873535226954,0.5590533034690413,0.014853743025178189,0.0014254641092346448,-237.20232136686002
60,-1456.7338696180223,882.1793142391048,0.5918344585949233,0.03459869322453304,0.015601768554917406,-182.19198659822035
80,-1151.89610782998,965.5543029333614,0.6322010339855741,0.05771420042242863,0.00268622718353558,-162.60492809535342
100,-759.3221399248458,627.009284052132,0.6868967450811511,0.05467945629361606,0.002097980769784173,-147.19544783373604
120,-509.1566368377544,575.4083993953012,0.7170515005931531,0.06657432319980634,0.003876283826507878,-566.122796461634
140,-364.9024965206706,554.2465881602191,0.7488765516189202,0.102820528272116,0.002120171157871588,-214.295643266618
160,-250.01767608094482,559.3713392265854,0.7791323123322146,0.1475348974449461,-0.0002306608383273306,-7.694003264354242
180,-187.5808996870544,516.0251754203265,0.8072093568883778,0.1820150232068577,2.0497425372794026e-05,-7.634842268824493
200,-39.50344851979954,514.6864513450182,0.8368402276274841,0.19286038706222589,9.656909334280847,1.0606829697943747
220,-52.77151688721943,449.32137441313625,0.8624492743165639,0.23275177804202557,3.988815871279602e-05,-23.494832167853993
240,-21.62984609227825,416.69883056376966,0.894456175264586,0.26721258744597065,2.654716862802997e-05,-27.18069666583236
260,22.72249397559468,420.4412561622284,0.922010108376768,0.30962628619956567,4.117198438380569,0.5028213519434748
280,36.15095424829415,397.7272676783206,0.9510687211534337,0.34856644525068137,-3.166425780471638,0.3766213897927187
300,49.32994663835648,358.06467006379717,0.977246926218023,0.3718022624362538,80.04660999780201,500.7091458910508
