pos	X
57.0	1.819e-12
57.005	9.09502e-13
57.01	1.36425e-12
57.015	1.13688e-12
57.02	1.13688e-12
57.025	1.36425e-12
57.03	1.59162e-12
57.035	1.59162e-12
57.04	2.27375e-12
57.045	2.04638e-12
57.05	1.59162e-12
57.055	9.09502e-13
57.06	1.13688e-12
57.065	4.54751e-13
57.07	2.27375e-13
57.075	9.09502e-13
57.08	1.13688e-12
57.085	9.09502e-13
57.09	1.13688e-12
57.095	1.13688e-12
57.1	1.36425e-12
57.105	6.82124e-13
57.11	1.36425e-12
57.115	1.36425e-12
57.12	6.82124e-13
57.125	1.13688e-12
57.13	9.09502e-13
57.135	1.13688e-12
57.14	9.09502e-13
57.145	2.27375e-13
57.15	6.82124e-13
57.155	-6.82124e-13
57.16	2.27375e-13
57.165	-2.27375e-13
57.17	2.27375e-13
57.175	9.09502e-13
57.18	4.54751e-13
57.185	0.0
57.19	0.0
57.195	0.0
57.2	0.0
57.205	-2.27375e-13
57.21	0.0
57.215	-6.82124e-13
57.22	-4.54751e-13
57.225	-2.27375e-13
57.23	-6.82124e-13
57.235	-1.36425e-12
57.24	-1.36425e-12
57.245	-4.54751e-13
57.25	-1.13688e-12
57.255	-1.59162e-12
57.26	-1.36425e-12
57.265	-1.36425e-12
57.27	-1.36425e-12
57.275	-9.09502e-13
57.28	-1.36425e-12
57.285	-9.09502e-13
57.29	-1.819e-12
57.295	-6.82124e-13
57.3	-6.82124e-13
57.305	-2.50112e-12
57.31	-1.59162e-12
57.315	-2.04638e-12
57.32	-1.59162e-12
57.325	-1.819e-12
57.33	-1.819e-12
57.335	-2.27375e-12
57.34	-1.59162e-12
57.345	-2.04638e-12
57.35	-1.819e-12
57.355	-1.36425e-12
57.36	-1.36425e-12
57.365	-1.59162e-12
57.37	-2.04638e-12
57.375	-2.50112e-12
57.38	-1.819e-12
57.385	-2.04638e-12
57.39	-1.36425e-12
57.395	-1.59162e-12
57.4	-1.819e-12
57.405	-1.819e-12
57.41	-1.13688e-12
57.415	-1.13688e-12
57.42	-1.59162e-12
57.425	-2.50112e-12
57.43	-1.36425e-12
57.435	-1.59162e-12
57.44	-1.36425e-12
57.445	-1.59162e-12
57.45	-1.819e-12
57.455	-1.819e-12
57.46	-1.819e-12
57.465	-1.36425e-12
57.47	-1.59162e-12
57.475	-1.36425e-12
57.48	-1.59162e-12
57.485	-1.36425e-12
57.49	-1.819e-12
57.495	-1.819e-12
57.5	-1.819e-12
57.505	-2.04638e-12
57.51	-2.04638e-12
57.515	-1.36425e-12
57.52	-1.819e-12
57.525	-1.36425e-12
57.53	-1.36425e-12
57.535	-1.36425e-12
57.54	-1.36425e-12
57.545	-2.04638e-12
57.55	-6.82124e-13
57.555	-6.82124e-13
57.56	-9.09502e-13
57.565	-1.13688e-12
57.57	-1.13688e-12
57.575	-1.13688e-12
57.58	-6.82124e-13
57.585	-6.82124e-13
57.59	2.27375e-13
57.595	0.0
57.6	-2.27375e-13
57.605	-4.54751e-13
57.61	-4.54751e-13
57.615	-2.27375e-13
57.62	-2.27375e-13
57.625	-6.82124e-13
57.63	0.0
57.635	-6.82124e-13
57.64	-9.09502e-13
57.645	-4.54751e-13
57.65	-2.27375e-13
57.655	-4.54751e-13
57.66	-6.82124e-13
57.665	0.0
57.67	0.0
57.675	-2.27375e-13
57.68	-2.27375e-13
57.685	-6.82124e-13
57.69	-1.13688e-12
57.695	-1.13688e-12
57.7	-1.13688e-12
57.705	-4.54751e-13
57.71	-6.82124e-13
57.715	-4.54751e-13
57.72	-6.82124e-13
57.725	2.27375e-13
57.73	-2.27375e-13
57.735	-2.27375e-13
57.74	0.0
57.745	-2.27375e-13
57.75	0.0
57.755	4.54751e-13
57.76	4.54751e-13
57.765	0.0
57.77	0.0
57.775	2.27375e-13
57.78	0.0
57.785	0.0
57.79	6.82124e-13
57.795	4.54751e-13
57.8	4.54751e-13
57.805	6.82124e-13
57.81	4.54751e-13
57.815	2.27375e-13
57.82	4.54751e-13
57.825	6.82124e-13
57.83	2.27375e-13
57.835	6.82124e-13
57.84	4.54751e-13
57.845	9.09502e-13
57.85	2.27375e-13
57.855	6.82124e-13
57.86	9.09502e-13
57.865	2.27375e-13
57.87	2.27375e-13
57.875	4.54751e-13
57.88	1.13688e-12
57.885	6.82124e-13
57.89	1.819e-12
57.895	1.59162e-12
57.9	1.819e-12
57.905	1.36425e-12
57.91	1.13688e-12
57.915	1.819e-12
57.92	1.819e-12
57.925	1.819e-12
57.93	1.819e-12
57.935	2.27375e-12
57.94	2.27375e-12
57.945	2.04638e-12
57.95	1.36425e-12
57.955	2.04638e-12
57.96	2.27375e-12
57.965	2.27375e-12
57.97	2.7285e-12
57.975	2.95587e-12
57.98	2.04638e-12
57.985	2.27375e-12
57.99	2.7285e-12
57.995	2.95587e-12
58.0	2.27375e-12
58.005	2.27375e-12
58.01	2.50112e-12
58.015	3.18325e-12
58.02	2.7285e-12
58.025	3.18325e-12
58.03	2.95587e-12
58.035	2.7285e-12
58.04	2.7285e-12
58.045	2.95587e-12
58.05	2.95587e-12
58.055	2.95587e-12
58.06	2.7285e-12
58.065	2.27375e-12
58.07	2.27375e-12
58.075	2.50112e-12
58.08	2.95587e-12
58.085	2.27375e-12
58.09	2.95587e-12
58.095	2.95587e-12
58.1	2.50112e-12
58.105	2.7285e-12
58.11	3.41062e-12
58.115	3.18325e-12
58.12	3.86538e-12
58.125	3.41062e-12
58.13	3.63801e-12
58.135	3.86538e-12
58.14	5.457e-12
58.145	4.32013e-12
58.15	4.77487e-12
58.155	4.77487e-12
58.16	5.00225e-12
58.165	5.457e-12
58.17	6.13912e-12
58.175	6.13912e-12
58.18	7.50339e-12
58.185	7.27601e-12
58.19	8.18551e-12
58.195	8.41288e-12
58.2	9.32238e-12
58.205	9.32238e-12
58.21	9.77712e-12
58.215	1.04592e-11
58.22	1.11414e-11
58.225	1.20509e-11
58.23	1.25056e-11
58.235	1.2733e-11
58.24	1.38698e-11
58.245	1.38698e-11
58.25	1.47794e-11
58.255	1.59163e-11
58.26	1.6371e-11
58.265	1.77353e-11
58.27	1.86448e-11
58.275	1.88721e-11
58.28	1.93269e-11
58.285	2.0009e-11
58.29	2.11459e-11
58.295	2.22827e-11
58.3	2.3647e-11
58.305	2.41017e-11
58.31	2.50112e-11
58.315	2.61481e-11
58.32	2.7285e-11
58.325	2.79671e-11
58.33	2.86492e-11
58.335	2.97862e-11
58.34	3.04683e-11
58.345	3.0923e-11
58.35	3.04683e-11
58.355	3.11504e-11
58.36	3.20599e-11
58.365	3.16052e-11
58.37	3.04683e-11
58.375	2.97862e-11
58.38	2.86492e-11
58.385	2.77397e-11
58.39	2.47838e-11
58.395	2.1828e-11
58.4	1.95542e-11
58.405	1.52341e-11
58.41	1.04592e-11
58.415	5.91174e-12
58.42	-4.54751e-13
58.425	-7.50339e-12
58.43	-1.61436e-11
58.435	-2.50112e-11
58.44	-3.56979e-11
58.445	-4.63845e-11
58.45	-5.77531e-11
58.455	-7.38969e-11
58.46	-9.00404e-11
58.465	-1.08912e-10
58.47	-1.27103e-10
58.475	-1.48476e-10
58.48	-1.73714e-10
58.485	-2.00544e-10
58.49	-2.28511e-10
58.495	-2.57161e-10
58.5	-2.85356e-10
58.505	-3.19689e-10
58.51	-3.55614e-10
58.515	-3.96541e-10
58.52	-4.33831e-10
58.525	-4.65665e-10
58.53	-5.05e-10
58.535	-5.46837e-10
58.54	-5.80489e-10
58.545	-6.12093e-10
58.55	-6.33012e-10
58.555	-6.4961e-10
58.56	-6.53248e-10
58.565	-6.5052e-10
58.57	-6.28692e-10
58.575	-5.94813e-10
58.58	-5.42517e-10
58.585	-4.64754e-10
58.59	-3.69029e-10
58.595	-2.46475e-10
58.6	-1.0914e-10
58.605	4.88856e-11
58.61	2.34424e-10
58.615	4.2701e-10
58.62	6.21871e-10
58.625	8.32873e-10
58.63	1.05297e-09
58.635	1.23033e-09
58.64	1.41132e-09
58.645	1.56206e-09
58.65	1.6687e-09
58.655	1.75829e-09
58.66	1.80876e-09
58.665	1.81672e-09
58.67	1.78421e-09
58.675	1.71395e-09
58.68	1.60845e-09
58.685	1.44156e-09
58.69	1.26557e-09
58.695	1.06821e-09
58.7	8.52427e-10
58.705	6.16186e-10
58.71	3.61753e-10
58.715	1.25966e-10
58.72	-9.39058e-11
58.725	-3.1878e-10
58.73	-5.25691e-10
58.735	-7.09182e-10
58.74	-8.71299e-10
58.745	-1.0216e-09
58.75	-1.118e-09
58.755	-1.20236e-09
58.76	-1.2517e-09
58.765	-1.28285e-09
58.77	-1.2783e-09
58.775	-1.25693e-09
58.78	-1.21032e-09
58.785	-1.13415e-09
58.79	-1.05184e-09
58.795	-9.57932e-10
58.8	-8.50154e-10
58.805	-7.41696e-10
58.81	-6.16641e-10
58.815	-4.98179e-10
58.82	-3.78124e-10
58.825	-2.61027e-10
58.83	-1.3688e-10
58.835	-3.4561e-11
58.84	6.66209e-11
58.845	1.57798e-10
58.85	2.36925e-10
58.855	2.96952e-10
58.86	3.61071e-10
58.865	4.1223e-10
58.87	4.48383e-10
58.875	4.72259e-10
58.88	4.87265e-10
58.885	4.95678e-10
58.89	4.91358e-10
58.895	4.77261e-10
58.9	4.54294e-10
58.905	4.2087e-10
58.91	3.93813e-10
58.915	3.4902e-10
58.92	3.02636e-10
58.925	2.57161e-10
58.93	2.07138e-10
58.935	1.52114e-10
58.94	1.03683e-10
58.945	5.18414e-11
58.95	-1.36425e-12
58.955	-4.47928e-11
58.96	-8.91309e-11
58.965	-1.29149e-10
58.97	-1.65529e-10
58.975	-1.98043e-10
58.98	-2.19416e-10
58.985	-2.38972e-10
58.99	-2.52841e-10
58.995	-2.64892e-10
59.0	-2.70804e-10
59.005	-2.70349e-10
59.01	-2.67166e-10
59.015	-2.5989e-10
59.02	-2.46702e-10
59.025	-2.33742e-10
59.03	-2.18052e-10
59.035	-1.96224e-10
59.04	-1.78489e-10
59.045	-1.56661e-10
59.05	-1.3597e-10
59.055	-1.13233e-10
59.06	-9.23142e-11
59.065	-7.276e-11
59.07	-5.09319e-11
59.075	-3.25147e-11
59.08	-1.59163e-11
59.085	-6.82124e-13
59.09	1.22782e-11
59.095	2.50112e-11
59.1	3.66074e-11
59.105	4.50202e-11
59.11	5.22962e-11
59.115	5.79805e-11
59.12	6.23008e-11
59.125	6.57114e-11
59.13	6.73031e-11
59.135	6.68483e-11
59.14	6.48019e-11
59.145	6.27556e-11
59.15	5.91176e-11
59.155	5.41152e-11
59.16	4.97951e-11
59.165	4.3656e-11
59.17	3.91085e-11
59.175	3.41063e-11
59.18	2.88766e-11
59.185	2.3647e-11
59.19	1.84174e-11
59.195	1.54615e-11
59.2	1.29604e-11
59.205	1.02319e-11
59.21	7.27601e-12
59.215	5.91174e-12
59.22	4.5475e-12
59.225	3.63801e-12
59.23	2.95587e-12
59.235	3.63801e-12
59.24	4.32013e-12
59.245	4.77487e-12
59.25	4.32013e-12
59.255	5.457e-12
59.26	6.13912e-12
59.265	7.04861e-12
59.27	7.73076e-12
59.275	8.41288e-12
59.28	9.32238e-12
59.285	1.0914e-11
59.29	1.18235e-11
59.295	1.22782e-11
59.3	1.29604e-11
59.305	1.31877e-11
59.31	1.34151e-11
59.315	1.47794e-11
59.32	1.61436e-11
59.325	1.61436e-11
59.33	1.68258e-11
59.335	1.70531e-11
59.34	1.72805e-11
59.345	1.72805e-11
59.35	1.75079e-11
59.355	1.84174e-11
59.36	1.86448e-11
59.365	1.77353e-11
59.37	1.77353e-11
59.375	1.72805e-11
59.38	1.79626e-11
59.385	1.65984e-11
59.39	1.6371e-11
59.395	1.50068e-11
59.4	1.4552e-11
59.405	1.38698e-11
59.41	1.2733e-11
59.415	1.20509e-11
59.42	1.04592e-11
59.425	9.095e-12
59.43	7.50339e-12
59.435	6.13912e-12
59.44	5.457e-12
59.445	3.86538e-12
59.45	2.27375e-12
59.455	1.819e-12
59.46	1.13688e-12
59.465	-2.27375e-13
59.47	-9.09502e-13
59.475	-6.82124e-13
59.48	-1.13688e-12
59.485	-1.819e-12
59.49	-2.04638e-12
59.495	-2.50112e-12
59.5	-2.04638e-12
59.505	-2.04638e-12
59.51	-2.50112e-12
59.515	-1.36425e-12
59.52	-6.82124e-13
59.525	0.0
59.53	4.54751e-13
59.535	2.27375e-13
59.54	2.04638e-12
59.545	3.63801e-12
59.55	5.457e-12
59.555	7.27601e-12
59.56	7.50339e-12
59.565	8.64026e-12
59.57	1.02319e-11
59.575	1.13687e-11
59.58	1.13687e-11
59.585	1.25056e-11
59.59	1.36425e-11
59.595	1.34151e-11
59.6	1.25056e-11
59.605	1.29604e-11
59.61	1.25056e-11
59.615	1.22782e-11
59.62	1.2733e-11
59.625	1.0914e-11
59.63	1.04592e-11
59.635	9.32238e-12
59.64	9.54975e-12
59.645	9.32238e-12
59.65	7.95813e-12
59.655	6.82124e-12
59.66	6.36649e-12
59.665	6.13912e-12
59.67	4.5475e-12
59.675	4.5475e-12
59.68	3.63801e-12
59.685	2.27375e-12
59.69	2.04638e-12
59.695	2.27375e-13
59.7	-2.27375e-13
59.705	-2.27375e-13
59.71	-9.09502e-13
59.715	-1.36425e-12
59.72	-1.13688e-12
59.725	-2.04638e-12
59.73	-2.04638e-12
59.735	-2.04638e-12
59.74	-2.04638e-12
59.745	-2.04638e-12
59.75	-1.36425e-12
59.755	-2.27375e-13
59.76	4.54751e-13
59.765	4.54751e-13
59.77	4.54751e-13
59.775	1.36425e-12
59.78	2.04638e-12
59.785	2.7285e-12
59.79	3.63801e-12
59.795	3.86538e-12
59.8	5.00225e-12
59.805	5.68437e-12
59.81	6.36649e-12
59.815	7.04861e-12
59.82	6.82124e-12
59.825	7.27601e-12
59.83	8.41288e-12
59.835	8.18551e-12
59.84	7.27601e-12
59.845	7.27601e-12
59.85	7.50339e-12
59.855	7.27601e-12
59.86	7.27601e-12
59.865	6.82124e-12
59.87	5.91174e-12
59.875	5.457e-12
59.88	4.77487e-12
59.885	4.32013e-12
59.89	4.09275e-12
59.895	2.7285e-12
59.9	1.819e-12
59.905	1.13688e-12
59.91	4.54751e-13
59.915	2.27375e-13
59.92	2.27375e-13
59.925	6.82124e-13
59.93	0.0
59.935	2.27375e-13
59.94	4.54751e-13
59.945	-2.27375e-13
59.95	2.27375e-13
59.955	1.13688e-12
59.96	4.54751e-13
59.965	4.54751e-13
59.97	4.54751e-13
59.975	9.09502e-13
59.98	4.54751e-13
59.985	4.54751e-13
59.99	9.09502e-13
59.995	9.09502e-13
60.0	1.36425e-12
60.005	1.13688e-12
60.01	4.54751e-13
60.015	1.13688e-12
60.02	1.13688e-12
60.025	1.13688e-12
60.03	1.59162e-12
60.035	2.04638e-12
60.04	2.04638e-12
60.045	3.63801e-12
60.05	3.63801e-12
60.055	4.09275e-12
60.06	4.5475e-12
60.065	5.22962e-12
60.07	5.457e-12
60.075	6.36649e-12
60.08	6.59386e-12
60.085	7.73076e-12
60.09	8.64026e-12
60.095	9.32238e-12
60.1	9.54975e-12
60.105	9.095e-12
60.11	9.32238e-12
60.115	9.54975e-12
60.12	9.54975e-12
60.125	9.32238e-12
60.13	8.86763e-12
60.135	9.32238e-12
60.14	8.18551e-12
60.145	7.27601e-12
60.15	7.04861e-12
60.155	6.13912e-12
60.16	5.22962e-12
60.165	4.77487e-12
60.17	3.86538e-12
60.175	2.50112e-12
60.18	1.819e-12
60.185	4.54751e-13
60.19	-4.54751e-13
60.195	-1.59162e-12
60.2	-3.86538e-12
60.205	-5.68437e-12
60.21	-5.457e-12
60.215	-7.73076e-12
60.22	-9.77712e-12
60.225	-1.0914e-11
60.23	-1.34151e-11
60.235	-1.54615e-11
60.24	-1.6371e-11
60.245	-1.88721e-11
60.25	-2.04637e-11
60.255	-2.27375e-11
60.26	-2.43291e-11
60.265	-2.61481e-11
60.27	-2.75123e-11
60.275	-2.88766e-11
60.28	-2.91041e-11
60.285	-3.06957e-11
60.29	-3.06957e-11
60.295	-3.0923e-11
60.3	-3.13778e-11
60.305	-3.06957e-11
60.31	-3.11504e-11
60.315	-3.00135e-11
60.32	-2.81944e-11
60.325	-2.75123e-11
60.33	-2.70576e-11
60.335	-2.47838e-11
60.34	-2.25101e-11
60.345	-2.11459e-11
60.35	-1.819e-11
60.355	-1.68258e-11
60.36	-1.4552e-11
60.365	-1.22782e-11
60.37	-9.54975e-12
60.375	-7.50339e-12
60.38	-5.457e-12
60.385	-2.50112e-12
60.39	-9.09502e-13
60.395	9.09502e-13
60.4	1.819e-12
60.405	3.18325e-12
60.41	3.41062e-12
60.415	4.77487e-12
60.42	6.13912e-12
60.425	6.13912e-12
60.43	6.59386e-12
60.435	7.04861e-12
60.44	7.27601e-12
60.445	7.27601e-12
60.45	7.27601e-12
60.455	7.95813e-12
60.46	8.18551e-12
60.465	7.95813e-12
60.47	6.59386e-12
60.475	6.82124e-12
60.48	7.04861e-12
60.485	6.59386e-12
60.49	7.04861e-12
60.495	7.27601e-12
60.5	7.50339e-12
60.505	7.27601e-12
60.51	7.04861e-12
60.515	6.13912e-12
60.52	5.68437e-12
60.525	4.5475e-12
60.53	3.18325e-12
60.535	2.7285e-12
60.54	2.04638e-12
60.545	1.13688e-12
60.55	4.54751e-13
60.555	-1.13688e-12
60.56	-2.04638e-12
60.565	-2.95587e-12
60.57	-3.18325e-12
60.575	-3.86538e-12
60.58	-4.5475e-12
60.585	-5.00225e-12
60.59	-6.13912e-12
60.595	-5.00225e-12
60.6	-4.5475e-12
60.605	-4.77487e-12
60.61	-4.5475e-12
60.615	-3.41062e-12
60.62	-2.95587e-12
60.625	-2.50112e-12
60.63	-2.27375e-12
60.635	-4.54751e-13
60.64	0.0
60.645	1.59162e-12
60.65	2.27375e-12
60.655	2.27375e-12
60.66	2.50112e-12
60.665	3.41062e-12
60.67	4.32013e-12
60.675	4.5475e-12
60.68	4.5475e-12
60.685	4.09275e-12
60.69	4.09275e-12
60.695	4.09275e-12
60.7	3.86538e-12
60.705	2.95587e-12
60.71	3.18325e-12
60.715	2.50112e-12
60.72	2.27375e-12
60.725	1.819e-12
60.73	1.13688e-12
60.735	1.13688e-12
60.74	1.819e-12
60.745	1.36425e-12
60.75	2.04638e-12
60.755	1.59162e-12
60.76	1.819e-12
60.765	1.819e-12
60.77	2.50112e-12
60.775	2.95587e-12
60.78	2.04638e-12
60.785	2.27375e-12
60.79	3.63801e-12
60.795	2.95587e-12
60.8	2.95587e-12
60.805	2.95587e-12
60.81	3.63801e-12
60.815	3.63801e-12
60.82	4.32013e-12
60.825	5.22962e-12
60.83	5.91174e-12
60.835	6.82124e-12
60.84	9.095e-12
60.845	1.00045e-11
60.85	1.11414e-11
60.855	1.2733e-11
60.86	1.36425e-11
60.865	1.52341e-11
60.87	1.68258e-11
60.875	1.79626e-11
60.88	1.88721e-11
60.885	1.88721e-11
60.89	1.95542e-11
60.895	1.86448e-11
60.9	1.79626e-11
60.905	1.59163e-11
60.91	1.43246e-11
60.915	1.15961e-11
60.92	8.41288e-12
60.925	5.91174e-12
60.93	2.04638e-12
60.935	-1.13688e-12
60.94	-5.00225e-12
60.945	-8.41288e-12
60.95	-1.13687e-11
60.955	-1.4552e-11
60.96	-1.65984e-11
60.965	-1.819e-11
60.97	-1.819e-11
60.975	-1.90995e-11
60.98	-1.88721e-11
60.985	-1.819e-11
60.99	-1.6371e-11
60.995	-1.38698e-11
61.0	-1.20509e-11
61.005	-9.77712e-12
61.01	-7.04861e-12
61.015	-4.5475e-12
61.02	-2.04638e-12
61.025	-2.27375e-13
61.03	2.7285e-12
61.035	2.50112e-12
61.04	2.7285e-12
61.045	2.95587e-12
61.05	1.819e-12
61.055	0.0
61.06	-1.36425e-12
61.065	-2.50112e-12
61.07	-5.00225e-12
61.075	-7.27601e-12
61.08	-8.86763e-12
61.085	-9.77712e-12
61.09	-1.13687e-11
61.095	-1.20509e-11
61.1	-1.25056e-11
61.105	-1.18235e-11
61.11	-1.13687e-11
61.115	-1.04592e-11
61.12	-8.86763e-12
61.125	-7.04861e-12
61.13	-4.5475e-12
61.135	-2.7285e-12
61.14	-4.54751e-13
61.145	1.819e-12
61.15	3.86538e-12
61.155	5.00225e-12
61.16	6.82124e-12
61.165	6.82124e-12
61.17	7.95813e-12
61.175	8.41288e-12
61.18	8.41288e-12
61.185	7.95813e-12
61.19	7.27601e-12
61.195	6.13912e-12
61.2	4.09275e-12
61.205	2.95587e-12
61.21	4.54751e-13
61.215	-6.82124e-13
61.22	-2.27375e-12
61.225	-3.86538e-12
61.23	-5.457e-12
61.235	-6.59386e-12
61.24	-7.95813e-12
61.245	-9.095e-12
61.25	-1.00045e-11
61.255	-1.00045e-11
61.26	-9.77712e-12
61.265	-1.00045e-11
61.27	-9.095e-12
61.275	-8.86763e-12
61.28	-7.04861e-12
61.285	-6.36649e-12
61.29	-5.457e-12
61.295	-3.86538e-12
61.3	-2.50112e-12
61.305	-1.36425e-12
61.31	-1.13688e-12
61.315	0.0
61.32	6.82124e-13
61.325	1.13688e-12
61.33	9.09502e-13
61.335	1.819e-12
61.34	1.819e-12
61.345	2.27375e-12
61.35	2.50112e-12
61.355	2.95587e-12
61.36	2.27375e-12
61.365	2.50112e-12
61.37	3.18325e-12
61.375	2.95587e-12
61.38	3.63801e-12
61.385	4.09275e-12
61.39	4.32013e-12
61.395	4.5475e-12
61.4	5.68437e-12
61.405	5.91174e-12
61.41	7.04861e-12
61.415	7.50339e-12
61.42	8.41288e-12
61.425	8.41288e-12
61.43	8.86763e-12
61.435	9.77712e-12
61.44	1.00045e-11
61.445	1.02319e-11
61.45	1.06866e-11
61.455	1.00045e-11
61.46	1.0914e-11
61.465	1.13687e-11
61.47	1.06866e-11
61.475	1.0914e-11
61.48	1.0914e-11
61.485	1.04592e-11
61.49	1.02319e-11
61.495	9.77712e-12
61.5	9.095e-12
61.505	8.64026e-12
61.51	8.18551e-12
61.515	7.95813e-12
61.52	7.27601e-12
61.525	7.27601e-12
61.53	7.27601e-12
61.535	7.95813e-12
61.54	7.73076e-12
61.545	7.73076e-12
61.55	8.18551e-12
61.555	8.64026e-12
61.56	8.64026e-12
61.565	8.64026e-12
61.57	9.32238e-12
61.575	8.86763e-12
61.58	8.64026e-12
61.585	7.50339e-12
61.59	6.82124e-12
61.595	5.91174e-12
61.6	4.5475e-12
61.605	3.18325e-12
61.61	1.819e-12
61.615	1.13688e-12
61.62	2.27375e-13
61.625	-4.54751e-13
61.63	-2.04638e-12
61.635	-2.7285e-12
61.64	-3.41062e-12
61.645	-3.18325e-12
61.65	-3.86538e-12
61.655	-3.86538e-12
61.66	-3.86538e-12
61.665	-4.32013e-12
61.67	-4.5475e-12
61.675	-5.00225e-12
61.68	-4.5475e-12
61.685	-3.86538e-12
61.69	-5.00225e-12
61.695	-4.77487e-12
61.7	-4.77487e-12
61.705	-5.68437e-12
61.71	-5.91174e-12
61.715	-5.91174e-12
61.72	-5.91174e-12
61.725	-6.36649e-12
61.73	-7.04861e-12
61.735	-6.36649e-12
61.74	-7.04861e-12
61.745	-7.04861e-12
61.75	-7.04861e-12
61.755	-7.50339e-12
61.76	-7.73076e-12
61.765	-7.95813e-12
61.77	-7.04861e-12
61.775	-7.50339e-12
61.78	-7.27601e-12
61.785	-6.36649e-12
61.79	-6.13912e-12
61.795	-5.00225e-12
61.8	-4.77487e-12
61.805	-3.63801e-12
61.81	-3.18325e-12
61.815	-2.27375e-12
61.82	-1.36425e-12
61.825	-1.13688e-12
61.83	-4.54751e-13
61.835	9.09502e-13
61.84	6.82124e-13
61.845	1.59162e-12
61.85	2.04638e-12
61.855	2.95587e-12
61.86	2.7285e-12
61.865	3.63801e-12
61.87	3.18325e-12
61.875	3.86538e-12
61.88	4.32013e-12
61.885	4.09275e-12
61.89	5.457e-12
61.895	5.22962e-12
61.9	5.68437e-12
61.905	6.13912e-12
61.91	6.82124e-12
61.915	6.59386e-12
61.92	7.73076e-12
61.925	7.50339e-12
61.93	7.50339e-12
61.935	7.95813e-12
61.94	7.73076e-12
61.945	7.95813e-12
61.95	7.27601e-12
61.955	6.82124e-12
61.96	6.13912e-12
61.965	5.68437e-12
61.97	5.68437e-12
61.975	5.457e-12
61.98	4.5475e-12
61.985	3.63801e-12
61.99	2.04638e-12
61.995	1.819e-12
62.0	2.27375e-12
62.005	1.13688e-12
62.01	4.54751e-13
62.015	-2.27375e-13
62.02	-2.27375e-13
62.025	-1.36425e-12
62.03	-2.04638e-12
62.035	-1.59162e-12
62.04	-2.50112e-12
62.045	-2.7285e-12
62.05	-3.18325e-12
62.055	-3.41062e-12
62.06	-3.86538e-12
62.065	-2.7285e-12
62.07	-3.41062e-12
62.075	-3.18325e-12
62.08	-2.50112e-12
62.085	-1.36425e-12
62.09	-9.09502e-13
62.095	-2.27375e-13
62.1	-9.09502e-13
62.105	4.54751e-13
62.11	4.54751e-13
62.115	6.82124e-13
62.12	9.09502e-13
62.125	4.54751e-13
62.13	4.54751e-13
62.135	0.0
62.14	1.36425e-12
62.145	1.13688e-12
62.15	6.82124e-13
62.155	4.54751e-13
62.16	9.09502e-13
62.165	1.13688e-12
62.17	1.36425e-12
62.175	1.819e-12
62.18	2.50112e-12
62.185	3.63801e-12
62.19	4.32013e-12
62.195	4.77487e-12
62.2	4.32013e-12
62.205	4.77487e-12
62.21	5.22962e-12
62.215	5.68437e-12
62.22	5.457e-12
62.225	5.00225e-12
62.23	5.22962e-12
62.235	4.32013e-12
62.24	4.77487e-12
62.245	3.86538e-12
62.25	3.63801e-12
62.255	3.63801e-12
62.26	3.63801e-12
62.265	2.95587e-12
62.27	2.7285e-12
62.275	1.819e-12
62.28	2.95587e-12
62.285	1.819e-12
62.29	2.27375e-12
62.295	2.50112e-12
62.3	2.27375e-12
62.305	1.819e-12
62.31	2.27375e-12
62.315	2.27375e-12
62.32	2.27375e-12
62.325	2.50112e-12
62.33	1.819e-12
62.335	2.04638e-12
62.34	1.819e-12
62.345	1.819e-12
62.35	2.27375e-12
62.355	2.27375e-12
62.36	1.819e-12
62.365	1.59162e-12
62.37	1.819e-12
62.375	2.04638e-12
62.38	1.13688e-12
62.385	1.13688e-12
62.39	1.13688e-12
62.395	1.13688e-12
62.4	9.09502e-13
62.405	6.82124e-13
62.41	4.54751e-13
62.415	2.27375e-13
62.42	4.54751e-13
62.425	2.27375e-13
62.43	0.0
62.435	0.0
62.44	4.54751e-13
62.445	4.54751e-13
62.45	6.82124e-13
62.455	4.54751e-13
62.46	1.13688e-12
62.465	1.819e-12
62.47	1.13688e-12
62.475	1.13688e-12
62.48	2.04638e-12
62.485	9.09502e-13
62.49	1.59162e-12
62.495	2.27375e-12
62.5	2.95587e-12
62.505	3.41062e-12
62.51	4.32013e-12
62.515	4.77487e-12
62.52	5.00225e-12
62.525	5.457e-12
62.53	5.457e-12
62.535	6.82124e-12
62.54	6.13912e-12
62.545	6.36649e-12
62.55	5.457e-12
62.555	5.457e-12
62.56	5.00225e-12
62.565	4.5475e-12
62.57	4.32013e-12
62.575	3.41062e-12
62.58	2.50112e-12
62.585	2.04638e-12
62.59	4.54751e-13
62.595	-9.09502e-13
62.6	-2.04638e-12
62.605	-3.18325e-12
62.61	-3.86538e-12
62.615	-5.457e-12
62.62	-6.59386e-12
62.625	-7.04861e-12
62.63	-7.50339e-12
62.635	-8.64026e-12
62.64	-9.54975e-12
62.645	-9.77712e-12
62.65	-1.00045e-11
62.655	-1.00045e-11
62.66	-9.54975e-12
62.665	-9.32238e-12
62.67	-7.73076e-12
62.675	-7.04861e-12
62.68	-6.13912e-12
62.685	-4.5475e-12
62.69	-3.41062e-12
62.695	-1.36425e-12
62.7	4.54751e-13
62.705	2.04638e-12
62.71	3.18325e-12
62.715	5.457e-12
62.72	6.36649e-12
62.725	7.95813e-12
62.73	8.41288e-12
62.735	8.41288e-12
62.74	9.77712e-12
62.745	1.00045e-11
62.75	9.77712e-12
62.755	9.77712e-12
62.76	8.86763e-12
62.765	7.95813e-12
62.77	6.82124e-12
62.775	6.13912e-12
62.78	4.77487e-12
62.785	3.41062e-12
62.79	2.50112e-12
62.795	9.09502e-13
62.8	-2.27375e-13
62.805	-1.36425e-12
62.81	-1.59162e-12
62.815	-2.95587e-12
62.82	-3.86538e-12
62.825	-4.32013e-12
62.83	-5.68437e-12
62.835	-6.36649e-12
62.84	-7.04861e-12
62.845	-8.18551e-12
62.85	-8.18551e-12
62.855	-9.32238e-12
62.86	-9.095e-12
62.865	-9.77712e-12
62.87	-1.00045e-11
62.875	-1.04592e-11
62.88	-1.15961e-11
62.885	-1.22782e-11
62.89	-1.18235e-11
62.895	-1.11414e-11
62.9	-1.11414e-11
62.905	-1.13687e-11
62.91	-1.15961e-11
62.915	-1.02319e-11
62.92	-9.77712e-12
62.925	-9.32238e-12
62.93	-7.04861e-12
62.935	-6.59386e-12
62.94	-5.68437e-12
62.945	-4.5475e-12
62.95	-3.18325e-12
62.955	-1.819e-12
62.96	-1.13688e-12
62.965	4.54751e-13
62.97	1.819e-12
62.975	2.95587e-12
62.98	4.5475e-12
62.985	5.00225e-12
62.99	5.00225e-12
62.995	5.68437e-12
63.0	6.13912e-12
63.005	6.36649e-12
63.01	6.82124e-12
63.015	6.82124e-12
63.02	7.04861e-12
63.025	7.73076e-12
63.03	7.50339e-12
63.035	7.95813e-12
63.04	9.095e-12
63.045	8.64026e-12
63.05	9.54975e-12
63.055	9.54975e-12
63.06	1.04592e-11
63.065	1.18235e-11
63.07	1.20509e-11
63.075	1.29604e-11
63.08	1.29604e-11
63.085	1.34151e-11
63.09	1.4552e-11
63.095	1.40972e-11
63.1	1.50068e-11
63.105	1.54615e-11
63.11	1.59163e-11
63.115	1.52341e-11
63.12	1.47794e-11
63.125	1.36425e-11
63.13	1.29604e-11
63.135	1.20509e-11
63.14	1.15961e-11
63.145	9.32238e-12
63.15	6.82124e-12
63.155	5.457e-12
63.16	4.5475e-12
63.165	2.50112e-12
63.17	-2.27375e-13
63.175	-1.819e-12
63.18	-3.63801e-12
63.185	-5.91174e-12
63.19	-7.50339e-12
63.195	-9.54975e-12
63.2	-1.11414e-11
63.205	-1.31877e-11
63.21	-1.4552e-11
63.215	-1.50068e-11
63.22	-1.56889e-11
63.225	-1.65984e-11
63.23	-1.72805e-11
63.235	-1.68258e-11
63.24	-1.65984e-11
63.245	-1.68258e-11
63.25	-1.54615e-11
63.255	-1.56889e-11
63.26	-1.43246e-11
63.265	-1.2733e-11
63.27	-1.0914e-11
63.275	-1.00045e-11
63.28	-7.73076e-12
63.285	-6.59386e-12
63.29	-5.00225e-12
63.295	-2.50112e-12
63.3	-6.82124e-13
63.305	4.54751e-13
63.31	2.27375e-12
63.315	4.32013e-12
63.32	5.91174e-12
63.325	7.04861e-12
63.33	7.95813e-12
63.335	8.64026e-12
63.34	9.77712e-12
63.345	1.0914e-11
63.35	1.11414e-11
63.355	1.06866e-11
63.36	1.06866e-11
63.365	9.77712e-12
63.37	9.77712e-12
63.375	9.095e-12
63.38	8.64026e-12
63.385	7.04861e-12
63.39	6.13912e-12
63.395	4.32013e-12
63.4	3.86538e-12
63.405	3.18325e-12
63.41	2.27375e-12
63.415	1.36425e-12
63.42	9.09502e-13
63.425	9.09502e-13
63.43	4.54751e-13
63.435	4.54751e-13
63.44	2.27375e-13
63.445	0.0
63.45	4.54751e-13
63.455	2.27375e-13
63.46	0.0
63.465	0.0
63.47	6.82124e-13
63.475	1.13688e-12
63.48	1.36425e-12
63.485	4.54751e-13
63.49	0.0
63.495	0.0
63.5	0.0
63.505	-1.36425e-12
63.51	-1.13688e-12
63.515	-2.50112e-12
63.52	-3.18325e-12
63.525	-3.86538e-12
63.53	-5.22962e-12
63.535	-5.457e-12
63.54	-5.457e-12
63.545	-6.13912e-12
63.55	-7.04861e-12
63.555	-7.27601e-12
63.56	-7.04861e-12
63.565	-6.59386e-12
63.57	-6.36649e-12
63.575	-6.59386e-12
63.58	-5.68437e-12
63.585	-5.22962e-12
63.59	-5.00225e-12
63.595	-5.00225e-12
63.6	-4.09275e-12
63.605	-4.09275e-12
63.61	-3.18325e-12
63.615	-2.7285e-12
63.62	-2.27375e-12
63.625	-2.04638e-12
63.63	-1.36425e-12
63.635	-1.59162e-12
63.64	-6.82124e-13
63.645	-9.09502e-13
63.65	-1.36425e-12
63.655	-6.82124e-13
63.66	-1.36425e-12
63.665	-9.09502e-13
63.67	-1.36425e-12
63.675	-1.59162e-12
63.68	-2.27375e-12
63.685	-2.04638e-12
63.69	-1.59162e-12
63.695	-1.819e-12
63.7	-2.27375e-12
63.705	-1.36425e-12
63.71	-2.04638e-12
63.715	-1.13688e-12
63.72	-9.09502e-13
63.725	4.54751e-13
63.73	-6.82124e-13
63.735	4.54751e-13
63.74	1.13688e-12
63.745	1.819e-12
63.75	2.27375e-12
63.755	2.50112e-12
63.76	2.95587e-12
63.765	3.63801e-12
63.77	2.95587e-12
63.775	3.63801e-12
63.78	3.18325e-12
63.785	3.63801e-12
63.79	2.95587e-12
63.795	3.41062e-12
63.8	3.86538e-12
63.805	3.41062e-12
63.81	2.50112e-12
63.815	2.04638e-12
63.82	1.59162e-12
63.825	6.82124e-13
63.83	2.27375e-13
63.835	2.27375e-13
63.84	0.0
63.845	-6.82124e-13
63.85	-6.82124e-13
63.855	-1.59162e-12
63.86	-2.50112e-12
63.865	-2.50112e-12
63.87	-1.819e-12
63.875	-2.04638e-12
63.88	-2.27375e-12
63.885	-2.04638e-12
63.89	-2.04638e-12
63.895	-2.50112e-12
63.9	-2.50112e-12
63.905	-2.27375e-12
63.91	-2.7285e-12
63.915	-2.50112e-12
63.92	-3.18325e-12
63.925	-3.18325e-12
63.93	-3.41062e-12
63.935	-3.63801e-12
63.94	-3.86538e-12
63.945	-5.00225e-12
63.95	-5.68437e-12
63.955	-5.457e-12
63.96	-5.68437e-12
63.965	-6.36649e-12
63.97	-5.68437e-12
63.975	-5.91174e-12
63.98	-5.68437e-12
63.985	-4.77487e-12
63.99	-5.00225e-12
63.995	-5.457e-12
64.0	-4.5475e-12
64.005	-3.41062e-12
64.01	-3.18325e-12
64.015	-2.50112e-12
64.02	-1.59162e-12
64.025	-6.82124e-13
64.03	-4.54751e-13
64.035	2.27375e-13
64.04	1.13688e-12
64.045	1.36425e-12
64.05	2.27375e-12
64.055	2.27375e-12
64.06	2.04638e-12
64.065	2.7285e-12
64.07	2.27375e-12
64.075	2.04638e-12
64.08	2.27375e-12
64.085	2.95587e-12
64.09	2.7285e-12
64.095	2.7285e-12
64.1	2.7285e-12
64.105	2.04638e-12
64.11	1.819e-12
64.115	1.819e-12
64.12	1.59162e-12
64.125	1.13688e-12
64.13	1.36425e-12
64.135	1.36425e-12
64.14	9.09502e-13
64.145	4.54751e-13
64.15	1.13688e-12
64.155	1.13688e-12
64.16	4.54751e-13
64.165	1.13688e-12
64.17	1.819e-12
64.175	1.13688e-12
64.18	6.82124e-13
64.185	1.13688e-12
64.19	6.82124e-13
64.195	1.13688e-12
64.2	1.13688e-12
64.205	1.819e-12
64.21	1.36425e-12
64.215	4.54751e-13
64.22	6.82124e-13
64.225	0.0
64.23	0.0
64.235	6.82124e-13
64.24	4.54751e-13
64.245	-2.27375e-13
64.25	2.27375e-13
64.255	0.0
64.26	0.0
64.265	6.82124e-13
64.27	4.54751e-13
64.275	1.819e-12
64.28	1.13688e-12
64.285	1.36425e-12
64.29	1.819e-12
64.295	2.04638e-12
64.3	2.50112e-12
64.305	2.27375e-12
64.31	2.04638e-12
64.315	1.819e-12
64.32	2.27375e-12
64.325	2.7285e-12
64.33	2.04638e-12
64.335	2.27375e-12
64.34	1.819e-12
64.345	1.36425e-12
64.35	1.13688e-12
64.355	1.36425e-12
64.36	1.59162e-12
64.365	1.13688e-12
64.37	4.54751e-13
64.375	2.27375e-13
64.38	2.27375e-13
64.385	2.27375e-13
64.39	0.0
64.395	0.0
64.4	4.54751e-13
64.405	9.09502e-13
64.41	0.0
64.415	4.54751e-13
64.42	1.36425e-12
64.425	1.819e-12
64.43	2.04638e-12
64.435	2.27375e-12
64.44	3.41062e-12
64.445	4.32013e-12
64.45	5.00225e-12
64.455	4.32013e-12
64.46	5.457e-12
64.465	5.457e-12
64.47	5.457e-12
64.475	6.13912e-12
64.48	6.82124e-12
64.485	5.68437e-12
64.49	6.13912e-12
64.495	6.36649e-12
64.5	6.36649e-12
64.505	7.04861e-12
64.51	5.68437e-12
64.515	6.13912e-12
64.52	6.13912e-12
64.525	5.91174e-12
64.53	6.59386e-12
64.535	6.36649e-12
64.54	5.457e-12
64.545	6.13912e-12
64.55	5.22962e-12
64.555	5.68437e-12
64.56	5.457e-12
64.565	5.91174e-12
64.57	5.457e-12
64.575	4.77487e-12
64.58	5.22962e-12
64.585	4.32013e-12
64.59	4.77487e-12
64.595	5.457e-12
64.6	5.457e-12
64.605	4.77487e-12
64.61	5.22962e-12
64.615	5.457e-12
64.62	5.22962e-12
64.625	5.91174e-12
64.63	5.91174e-12
64.635	6.59386e-12
64.64	5.68437e-12
64.645	6.13912e-12
64.65	5.68437e-12
64.655	6.13912e-12
64.66	6.13912e-12
64.665	6.13912e-12
64.67	5.22962e-12
64.675	4.32013e-12
64.68	4.5475e-12
64.685	3.41062e-12
64.69	2.50112e-12
64.695	2.50112e-12
64.7	1.59162e-12
64.705	4.54751e-13
64.71	0.0
64.715	-6.82124e-13
64.72	-2.04638e-12
64.725	-2.27375e-12
64.73	-3.41062e-12
64.735	-3.86538e-12
64.74	-5.00225e-12
64.745	-5.00225e-12
64.75	-5.22962e-12
64.755	-6.36649e-12
64.76	-6.59386e-12
64.765	-7.50339e-12
64.77	-8.18551e-12
64.775	-8.18551e-12
64.78	-7.73076e-12
64.785	-7.95813e-12
64.79	-7.27601e-12
64.795	-7.27601e-12
64.8	-7.73076e-12
64.805	-8.18551e-12
64.81	-7.50339e-12
64.815	-7.27601e-12
64.82	-7.50339e-12
64.825	-7.04861e-12
64.83	-6.13912e-12
64.835	-5.68437e-12
64.84	-4.77487e-12
64.845	-4.32013e-12
64.85	-3.41062e-12
64.855	-2.50112e-12
64.86	-1.36425e-12
64.865	-9.09502e-13
64.87	0.0
64.875	6.82124e-13
64.88	2.27375e-12
64.885	2.95587e-12
64.89	4.09275e-12
64.895	4.77487e-12
64.9	4.77487e-12
64.905	5.00225e-12
64.91	5.68437e-12
64.915	5.457e-12
64.92	6.13912e-12
64.925	6.13912e-12
64.93	6.13912e-12
64.935	6.13912e-12
64.94	6.13912e-12
64.945	6.13912e-12
64.95	5.457e-12
64.955	5.457e-12
64.96	4.5475e-12
64.965	5.00225e-12
64.97	4.5475e-12
64.975	3.41062e-12
64.98	3.41062e-12
64.985	2.27375e-12
64.99	1.819e-12
64.995	1.819e-12
65.0	1.59162e-12
65.005	6.82124e-13
65.01	2.27375e-13
65.015	2.27375e-13
65.02	-1.36425e-12
65.025	-9.09502e-13
65.03	-1.819e-12
65.035	-2.04638e-12
65.04	-2.7285e-12
65.045	-3.18325e-12
65.05	-3.86538e-12
65.055	-3.63801e-12
65.06	-4.09275e-12
65.065	-5.68437e-12
65.07	-5.68437e-12
65.075	-5.00225e-12
65.08	-5.91174e-12
65.085	-5.68437e-12
65.09	-5.91174e-12
65.095	-6.13912e-12
65.1	-6.13912e-12
65.105	-5.457e-12
65.11	-5.457e-12
65.115	-5.00225e-12
65.12	-4.77487e-12
65.125	-4.09275e-12
65.13	-3.18325e-12
65.135	-2.04638e-12
65.14	-1.819e-12
65.145	-1.13688e-12
65.15	0.0
65.155	0.0
65.16	6.82124e-13
65.165	1.819e-12
65.17	1.819e-12
65.175	2.04638e-12
65.18	1.819e-12
65.185	1.819e-12
65.19	1.819e-12
65.195	1.819e-12
65.2	1.13688e-12
65.205	6.82124e-13
65.21	-2.27375e-13
65.215	-2.27375e-13
65.22	-2.27375e-13
65.225	-1.36425e-12
65.23	-6.82124e-13
65.235	-9.09502e-13
65.24	-1.36425e-12
65.245	-9.09502e-13
65.25	0.0
65.255	0.0
65.26	-6.82124e-13
65.265	4.54751e-13
65.27	2.27375e-13
65.275	9.09502e-13
65.28	1.13688e-12
65.285	1.819e-12
65.29	2.04638e-12
65.295	1.819e-12
65.3	2.27375e-12
65.305	2.95587e-12
65.31	2.95587e-12
65.315	2.95587e-12
65.32	1.59162e-12
65.325	1.819e-12
65.33	1.36425e-12
65.335	1.59162e-12
65.34	6.82124e-13
65.345	2.27375e-13
65.35	2.27375e-13
65.355	-9.09502e-13
65.36	-1.819e-12
65.365	-2.27375e-12
65.37	-1.59162e-12
65.375	-2.04638e-12
65.38	-2.50112e-12
65.385	-2.50112e-12
65.39	-2.7285e-12
65.395	-2.50112e-12
65.4	-1.819e-12
65.405	-1.59162e-12
65.41	-1.36425e-12
65.415	-1.36425e-12
65.42	-1.36425e-12
65.425	-1.13688e-12
65.43	-1.59162e-12
65.435	-1.819e-12
65.44	-1.36425e-12
65.445	-1.59162e-12
65.45	-2.50112e-12
65.455	-2.04638e-12
65.46	-2.04638e-12
65.465	-2.50112e-12
65.47	-2.27375e-12
65.475	-1.59162e-12
65.48	-2.27375e-12
65.485	-1.819e-12
65.49	-1.36425e-12
65.495	-4.54751e-13
65.5	4.54751e-13
65.505	0.0
65.51	1.13688e-12
65.515	1.819e-12
65.52	2.27375e-12
65.525	2.27375e-12
65.53	2.95587e-12
65.535	2.27375e-12
65.54	2.95587e-12
65.545	3.63801e-12
65.55	2.95587e-12
65.555	3.18325e-12
65.56	2.95587e-12
65.565	2.27375e-12
65.57	1.36425e-12
65.575	9.09502e-13
65.58	-4.54751e-13
65.585	-1.36425e-12
65.59	-3.41062e-12
65.595	-4.09275e-12
65.6	-5.68437e-12
65.605	-6.36649e-12
65.61	-6.59386e-12
65.615	-7.04861e-12
65.62	-8.41288e-12
65.625	-7.73076e-12
65.63	-7.95813e-12
65.635	-8.18551e-12
65.64	-8.18551e-12
65.645	-7.50339e-12
65.65	-7.04861e-12
65.655	-6.13912e-12
65.66	-4.32013e-12
65.665	-3.41062e-12
65.67	-1.13688e-12
65.675	-4.54751e-13
65.68	1.13688e-12
65.685	2.95587e-12
65.69	4.09275e-12
65.695	4.77487e-12
65.7	6.13912e-12
65.705	7.27601e-12
65.71	7.95813e-12
65.715	7.95813e-12
65.72	7.95813e-12
65.725	8.64026e-12
65.73	7.73076e-12
65.735	7.73076e-12
65.74	7.27601e-12
65.745	6.82124e-12
65.75	5.91174e-12
65.755	5.22962e-12
65.76	4.5475e-12
65.765	4.32013e-12
65.77	4.32013e-12
65.775	3.63801e-12
65.78	3.41062e-12
65.785	4.09275e-12
65.79	4.32013e-12
65.795	4.32013e-12
65.8	5.22962e-12
65.805	5.91174e-12
65.81	5.91174e-12
65.815	7.27601e-12
65.82	7.95813e-12
65.825	8.18551e-12
65.83	9.095e-12
65.835	8.64026e-12
65.84	8.64026e-12
65.845	8.64026e-12
65.85	8.64026e-12
65.855	7.95813e-12
65.86	7.50339e-12
65.865	6.13912e-12
65.87	5.457e-12
65.875	5.22962e-12
65.88	3.63801e-12
65.885	3.18325e-12
65.89	1.819e-12
65.895	4.54751e-13
65.9	2.27375e-13
65.905	-1.36425e-12
65.91	-1.36425e-12
65.915	-1.819e-12
65.92	-2.27375e-12
65.925	-3.41062e-12
65.93	-3.41062e-12
65.935	-4.5475e-12
65.94	-4.32013e-12
65.945	-4.32013e-12
65.95	-4.09275e-12
65.955	-4.77487e-12
65.96	-5.22962e-12
65.965	-5.00225e-12
65.97	-5.22962e-12
65.975	-5.457e-12
65.98	-6.36649e-12
65.985	-6.13912e-12
65.99	-6.82124e-12
65.995	-6.59386e-12
66.0	-6.59386e-12
66.005	-7.04861e-12
66.01	-7.04861e-12
66.015	-7.27601e-12
66.02	-5.91174e-12
66.025	-6.59386e-12
66.03	-6.59386e-12
66.035	-6.13912e-12
66.04	-5.68437e-12
66.045	-5.00225e-12
66.05	-5.00225e-12
66.055	-4.09275e-12
66.06	-3.41062e-12
66.065	-2.95587e-12
66.07	-2.7285e-12
66.075	-1.13688e-12
66.08	-6.82124e-13
66.085	0.0
66.09	4.54751e-13
66.095	9.09502e-13
66.1	1.13688e-12
66.105	2.04638e-12
66.11	2.27375e-12
66.115	2.95587e-12
66.12	2.7285e-12
66.125	4.09275e-12
66.13	4.77487e-12
66.135	4.77487e-12
66.14	5.22962e-12
66.145	5.00225e-12
66.15	4.32013e-12
66.155	5.00225e-12
66.16	5.457e-12
66.165	5.457e-12
66.17	4.77487e-12
66.175	5.00225e-12
66.18	4.5475e-12
66.185	5.00225e-12
66.19	5.22962e-12
66.195	4.5475e-12
66.2	4.77487e-12
66.205	3.63801e-12
66.21	3.41062e-12
66.215	2.7285e-12
66.22	2.27375e-12
66.225	1.819e-12
66.23	1.13688e-12
66.235	1.36425e-12
66.24	6.82124e-13
66.245	4.54751e-13
66.25	4.54751e-13
66.255	4.54751e-13
66.26	-2.27375e-13
66.265	-6.82124e-13
66.27	-6.82124e-13
66.275	-6.82124e-13
66.28	-6.82124e-13
66.285	-6.82124e-13
66.29	-6.82124e-13
66.295	-1.13688e-12
66.3	-1.36425e-12
66.305	-4.54751e-13
66.31	0.0
66.315	0.0
66.32	0.0
66.325	1.13688e-12
66.33	1.819e-12
66.335	1.819e-12
66.34	2.7285e-12
66.345	3.18325e-12
66.35	3.63801e-12
66.355	4.32013e-12
66.36	4.77487e-12
66.365	5.68437e-12
66.37	5.457e-12
66.375	5.00225e-12
66.38	6.13912e-12
66.385	5.68437e-12
66.39	5.457e-12
66.395	5.457e-12
66.4	5.68437e-12
66.405	5.91174e-12
66.41	4.77487e-12
66.415	4.77487e-12
66.42	4.32013e-12
66.425	3.86538e-12
66.43	2.95587e-12
66.435	2.27375e-12
66.44	1.819e-12
66.445	1.819e-12
66.45	1.819e-12
66.455	1.13688e-12
66.46	0.0
66.465	0.0
66.47	0.0
66.475	0.0
66.48	0.0
66.485	-6.82124e-13
66.49	-1.36425e-12
66.495	-2.04638e-12
66.5	-1.59162e-12
66.505	-1.36425e-12
66.51	-2.04638e-12
66.515	-1.13688e-12
66.52	-1.13688e-12
66.525	-2.27375e-13
66.53	-2.27375e-13
66.535	2.27375e-13
66.54	-4.54751e-13
66.545	0.0
66.55	1.36425e-12
66.555	1.819e-12
66.56	2.7285e-12
66.565	3.18325e-12
66.57	3.18325e-12
66.575	3.86538e-12
66.58	4.77487e-12
66.585	5.457e-12
66.59	5.457e-12
66.595	5.00225e-12
66.6	5.00225e-12
66.605	5.91174e-12
66.61	5.68437e-12
66.615	5.91174e-12
66.62	5.22962e-12
66.625	5.00225e-12
66.63	5.457e-12
66.635	5.457e-12
66.64	5.457e-12
66.645	5.457e-12
66.65	4.77487e-12
66.655	3.41062e-12
66.66	2.7285e-12
66.665	2.27375e-12
66.67	2.27375e-12
66.675	1.819e-12
66.68	4.54751e-13
66.685	0.0
66.69	0.0
66.695	-4.54751e-13
66.7	-1.13688e-12
66.705	-1.819e-12
66.71	-1.36425e-12
66.715	-2.27375e-12
66.72	-1.819e-12
66.725	-1.819e-12
66.73	-1.36425e-12
66.735	-2.04638e-12
66.74	-9.09502e-13
66.745	-1.36425e-12
66.75	-1.59162e-12
66.755	-2.27375e-13
66.76	-4.54751e-13
66.765	4.54751e-13
66.77	1.13688e-12
66.775	1.13688e-12
66.78	1.36425e-12
66.785	2.04638e-12
66.79	2.27375e-12
66.795	2.50112e-12
66.8	2.7285e-12
66.805	2.7285e-12
66.81	2.50112e-12
66.815	2.95587e-12
66.82	2.95587e-12
66.825	3.18325e-12
66.83	1.819e-12
66.835	1.13688e-12
66.84	1.36425e-12
66.845	1.13688e-12
66.85	1.13688e-12
66.855	1.13688e-12
66.86	0.0
66.865	-4.54751e-13
66.87	-6.82124e-13
66.875	-9.09502e-13
66.88	-2.04638e-12
66.885	-6.82124e-13
66.89	-1.59162e-12
66.895	-2.04638e-12
66.9	-2.50112e-12
66.905	-1.13688e-12
66.91	-1.13688e-12
66.915	-6.82124e-13
66.92	-1.36425e-12
66.925	-1.13688e-12
66.93	-6.82124e-13
66.935	-6.82124e-13
66.94	0.0
66.945	2.27375e-13
66.95	-2.27375e-13
66.955	-2.27375e-13
66.96	-9.09502e-13
66.965	0.0
66.97	0.0
66.975	4.54751e-13
66.98	4.54751e-13
66.985	6.82124e-13
66.99	2.27375e-13
66.995	6.82124e-13
67.0	1.13688e-12
67.005	1.36425e-12
67.01	1.59162e-12
67.015	1.819e-12
67.02	2.95587e-12
67.025	2.7285e-12
67.03	2.7285e-12
67.035	2.27375e-12
67.04	2.27375e-12
67.045	3.18325e-12
67.05	3.41062e-12
67.055	2.95587e-12
67.06	3.63801e-12
67.065	3.41062e-12
67.07	2.7285e-12
67.075	2.95587e-12
67.08	3.41062e-12
67.085	2.27375e-12
67.09	2.27375e-12
67.095	2.04638e-12
67.1	2.27375e-12
67.105	1.819e-12
67.11	1.13688e-12
67.115	9.09502e-13
67.12	6.82124e-13
67.125	2.27375e-13
67.13	4.54751e-13
67.135	1.13688e-12
67.14	2.27375e-13
67.145	4.54751e-13
67.15	6.82124e-13
67.155	4.54751e-13
67.16	0.0
67.165	-2.27375e-13
67.17	4.54751e-13
67.175	2.27375e-13
67.18	6.82124e-13
67.185	0.0
67.19	2.27375e-13
67.195	6.82124e-13
67.2	9.09502e-13
67.205	9.09502e-13
67.21	4.54751e-13
67.215	2.27375e-13
67.22	2.27375e-13
67.225	-6.82124e-13
67.23	-1.13688e-12
67.235	-1.59162e-12
67.24	-2.27375e-12
67.245	-1.819e-12
67.25	-1.819e-12
67.255	-2.04638e-12
67.26	-2.04638e-12
67.265	-2.27375e-12
67.27	-2.7285e-12
67.275	-2.50112e-12
67.28	-1.819e-12
67.285	-1.36425e-12
67.29	-1.13688e-12
67.295	-2.27375e-13
67.3	4.54751e-13
67.305	4.54751e-13
67.31	2.04638e-12
67.315	2.7285e-12
67.32	2.95587e-12
67.325	3.63801e-12
67.33	4.32013e-12
67.335	5.22962e-12
67.34	5.457e-12
67.345	5.457e-12
67.35	5.22962e-12
67.355	5.457e-12
67.36	5.68437e-12
67.365	5.00225e-12
67.37	4.77487e-12
67.375	4.77487e-12
67.38	4.77487e-12
67.385	4.09275e-12
67.39	3.63801e-12
67.395	3.63801e-12
67.4	2.27375e-12
67.405	2.27375e-12
67.41	2.7285e-12
67.415	1.13688e-12
67.42	1.13688e-12
67.425	1.13688e-12
67.43	4.54751e-13
67.435	9.09502e-13
67.44	0.0
67.445	-2.27375e-13
67.45	-6.82124e-13
67.455	0.0
67.46	-2.27375e-13
67.465	-4.54751e-13
67.47	0.0
67.475	-4.54751e-13
67.48	0.0
67.485	-4.54751e-13
67.49	-9.09502e-13
67.495	-2.04638e-12
67.5	-2.04638e-12
67.505	-1.819e-12
67.51	-1.36425e-12
67.515	-2.04638e-12
67.52	-2.95587e-12
67.525	-3.41062e-12
67.53	-4.5475e-12
67.535	-4.5475e-12
67.54	-4.09275e-12
67.545	-4.77487e-12
67.55	-5.00225e-12
67.555	-4.77487e-12
67.56	-5.00225e-12
67.565	-5.68437e-12
67.57	-6.13912e-12
67.575	-5.68437e-12
67.58	-5.68437e-12
67.585	-5.00225e-12
67.59	-4.09275e-12
67.595	-4.09275e-12
67.6	-3.18325e-12
67.605	-2.27375e-12
67.61	-1.59162e-12
67.615	-2.04638e-12
67.62	-9.09502e-13
67.625	-4.54751e-13
67.63	1.13688e-12
67.635	4.54751e-13
67.64	-6.82124e-13
67.645	0.0
67.65	4.54751e-13
67.655	1.13688e-12
67.66	9.09502e-13
67.665	1.13688e-12
67.67	1.13688e-12
67.675	1.59162e-12
67.68	2.27375e-12
67.685	1.819e-12
67.69	1.819e-12
67.695	2.95587e-12
67.7	2.27375e-12
67.705	3.18325e-12
67.71	2.95587e-12
67.715	3.18325e-12
67.72	2.95587e-12
67.725	3.63801e-12
67.73	3.86538e-12
67.735	3.41062e-12
67.74	3.86538e-12
67.745	3.86538e-12
67.75	4.32013e-12
67.755	2.95587e-12
67.76	2.95587e-12
67.765	2.27375e-12
67.77	2.27375e-12
67.775	2.27375e-12
67.78	1.819e-12
67.785	1.36425e-12
67.79	0.0
67.795	-6.82124e-13
67.8	-1.819e-12
67.805	-1.13688e-12
67.81	-1.819e-12
67.815	-1.819e-12
67.82	-2.27375e-12
67.825	-2.04638e-12
67.83	-1.59162e-12
67.835	-1.13688e-12
67.84	-1.59162e-12
67.845	-1.36425e-12
67.85	-1.36425e-12
67.855	-1.13688e-12
67.86	-4.54751e-13
67.865	-6.82124e-13
67.87	-4.54751e-13
67.875	-6.82124e-13
67.88	0.0
67.885	-2.27375e-13
67.89	2.27375e-13
67.895	2.27375e-13
67.9	-4.54751e-13
67.905	-6.82124e-13
67.91	-6.82124e-13
67.915	0.0
67.92	1.13688e-12
67.925	0.0
67.93	-4.54751e-13
67.935	-2.27375e-13
67.94	-6.82124e-13
67.945	0.0
67.95	-4.54751e-13
67.955	-2.27375e-13
67.96	-2.27375e-13
67.965	0.0
67.97	0.0
67.975	4.54751e-13
67.98	9.09502e-13
67.985	4.54751e-13
67.99	4.54751e-13
67.995	6.82124e-13
68.0	1.36425e-12
68.005	4.54751e-13
68.01	6.82124e-13
68.015	4.54751e-13
68.02	4.54751e-13
68.025	6.82124e-13
68.03	2.27375e-13
68.035	0.0
68.04	2.27375e-13
68.045	0.0
68.05	0.0
68.055	4.54751e-13
68.06	9.09502e-13
68.065	4.54751e-13
68.07	2.27375e-13
68.075	9.09502e-13
68.08	9.09502e-13
68.085	1.13688e-12
68.09	2.04638e-12
68.095	2.50112e-12
68.1	2.7285e-12
68.105	3.41062e-12
68.11	3.18325e-12
68.115	3.63801e-12
68.12	4.09275e-12
68.125	4.77487e-12
68.13	3.86538e-12
68.135	3.86538e-12
68.14	4.32013e-12
68.145	3.18325e-12
68.15	3.41062e-12
68.155	2.50112e-12
68.16	2.04638e-12
68.165	1.819e-12
68.17	2.27375e-13
68.175	0.0
68.18	4.54751e-13
68.185	0.0
68.19	-6.82124e-13
68.195	-1.36425e-12
68.2	-1.819e-12
68.205	-1.36425e-12
68.21	-2.95587e-12
68.215	-2.27375e-12
68.22	-2.27375e-12
68.225	-2.04638e-12
68.23	-2.04638e-12
68.235	-2.04638e-12
68.24	-1.59162e-12
68.245	-1.59162e-12
68.25	-2.04638e-12
68.255	-1.36425e-12
68.26	-1.36425e-12
68.265	-1.13688e-12
68.27	-6.82124e-13
68.275	-2.27375e-13
68.28	-4.54751e-13
68.285	4.54751e-13
68.29	-4.54751e-13
68.295	0.0
68.3	-4.54751e-13
68.305	-6.82124e-13
68.31	-4.54751e-13
68.315	-9.09502e-13
68.32	-6.82124e-13
68.325	-9.09502e-13
68.33	-1.36425e-12
68.335	-6.82124e-13
68.34	-9.09502e-13
68.345	-6.82124e-13
68.35	-2.27375e-13
68.355	-6.82124e-13
68.36	2.27375e-13
68.365	4.54751e-13
68.37	0.0
68.375	4.54751e-13
68.38	1.13688e-12
68.385	2.27375e-12
68.39	2.50112e-12
68.395	2.7285e-12
68.4	2.95587e-12
68.405	2.95587e-12
68.41	2.50112e-12
68.415	2.50112e-12
68.42	2.50112e-12
68.425	3.41062e-12
68.43	3.63801e-12
68.435	3.41062e-12
68.44	3.18325e-12
68.445	3.86538e-12
68.45	3.41062e-12
68.455	4.5475e-12
68.46	4.32013e-12
68.465	4.32013e-12
68.47	3.63801e-12
68.475	3.86538e-12
68.48	3.63801e-12
68.485	3.86538e-12
68.49	3.63801e-12
68.495	4.32013e-12
68.5	4.5475e-12
68.505	5.00225e-12
68.51	5.22962e-12
68.515	4.77487e-12
68.52	4.77487e-12
68.525	4.77487e-12
68.53	4.32013e-12
68.535	4.32013e-12
68.54	4.09275e-12
68.545	2.95587e-12
68.55	3.18325e-12
68.555	2.95587e-12
68.56	2.50112e-12
68.565	2.27375e-12
68.57	1.13688e-12
68.575	6.82124e-13
68.58	0.0
68.585	0.0
68.59	0.0
68.595	-6.82124e-13
68.6	-1.819e-12
68.605	-1.819e-12
68.61	-1.819e-12
68.615	-2.27375e-12
68.62	-3.18325e-12
68.625	-3.18325e-12
68.63	-3.18325e-12
68.635	-3.18325e-12
68.64	-3.41062e-12
68.645	-3.41062e-12
68.65	-2.95587e-12
68.655	-2.95587e-12
68.66	-2.50112e-12
68.665	-2.50112e-12
68.67	-2.04638e-12
68.675	-2.27375e-12
68.68	-1.36425e-12
68.685	-6.82124e-13
68.69	-1.36425e-12
68.695	-2.27375e-13
68.7	4.54751e-13
68.705	0.0
68.71	0.0
68.715	0.0
68.72	9.09502e-13
68.725	4.54751e-13
68.73	1.36425e-12
68.735	1.36425e-12
68.74	1.13688e-12
68.745	1.819e-12
68.75	1.819e-12
68.755	1.819e-12
68.76	2.27375e-12
68.765	2.27375e-12
68.77	1.819e-12
68.775	1.59162e-12
68.78	1.819e-12
68.785	2.04638e-12
68.79	2.04638e-12
68.795	1.13688e-12
68.8	1.59162e-12
68.805	6.82124e-13
68.81	0.0
68.815	-2.27375e-13
68.82	0.0
68.825	-6.82124e-13
68.83	-1.36425e-12
68.835	-1.59162e-12
68.84	-1.36425e-12
68.845	-1.59162e-12
68.85	-1.819e-12
68.855	-1.36425e-12
68.86	-1.36425e-12
68.865	-1.36425e-12
68.87	-6.82124e-13
68.875	0.0
68.88	4.54751e-13
68.885	1.13688e-12
68.89	2.04638e-12
68.895	2.95587e-12
68.9	3.86538e-12
68.905	5.22962e-12
68.91	5.457e-12
68.915	6.82124e-12
68.92	6.59386e-12
68.925	7.95813e-12
68.93	7.27601e-12
68.935	7.73076e-12
68.94	7.95813e-12
68.945	7.73076e-12
68.95	7.73076e-12
68.955	7.50339e-12
68.96	7.27601e-12
68.965	7.27601e-12
68.97	6.82124e-12
68.975	6.36649e-12
68.98	6.13912e-12
68.985	5.457e-12
68.99	5.457e-12
68.995	4.09275e-12
69.0	4.09275e-12
69.005	2.95587e-12
69.01	2.50112e-12
69.015	1.13688e-12
69.02	6.82124e-13
69.025	2.27375e-13
69.03	0.0
69.035	-6.82124e-13
69.04	-1.36425e-12
69.045	-6.82124e-13
69.05	-6.82124e-13
69.055	-1.59162e-12
69.06	-2.04638e-12
69.065	-9.09502e-13
69.07	-4.54751e-13
69.075	-2.27375e-13
69.08	4.54751e-13
69.085	4.54751e-13
69.09	6.82124e-13
69.095	1.819e-12
69.1	2.27375e-12
69.105	2.95587e-12
69.11	2.7285e-12
69.115	3.18325e-12
69.12	2.95587e-12
69.125	4.32013e-12
69.13	3.63801e-12
69.135	4.32013e-12
69.14	3.63801e-12
69.145	3.18325e-12
69.15	3.86538e-12
69.155	3.41062e-12
69.16	2.27375e-12
69.165	2.50112e-12
69.17	2.7285e-12
69.175	2.04638e-12
69.18	2.04638e-12
69.185	1.13688e-12
69.19	1.13688e-12
69.195	6.82124e-13
69.2	4.54751e-13
69.205	2.27375e-13
69.21	9.09502e-13
69.215	0.0
69.22	0.0
69.225	6.82124e-13
69.23	6.82124e-13
69.235	6.82124e-13
69.24	6.82124e-13
69.245	1.59162e-12
69.25	9.09502e-13
69.255	4.54751e-13
69.26	1.819e-12
69.265	9.09502e-13
69.27	4.54751e-13
69.275	1.819e-12
69.28	9.09502e-13
69.285	9.09502e-13
69.29	6.82124e-13
69.295	1.13688e-12
69.3	9.09502e-13
69.305	4.54751e-13
69.31	4.54751e-13
69.315	2.27375e-13
69.32	4.54751e-13
69.325	-2.27375e-13
69.33	2.27375e-13
69.335	0.0
69.34	0.0
69.345	4.54751e-13
69.35	2.27375e-13
69.355	0.0
69.36	2.27375e-13
69.365	0.0
69.37	-2.27375e-13
69.375	2.27375e-13
69.38	6.82124e-13
69.385	1.13688e-12
69.39	9.09502e-13
69.395	9.09502e-13
69.4	1.13688e-12
69.405	9.09502e-13
69.41	6.82124e-13
69.415	1.819e-12
69.42	1.819e-12
69.425	1.819e-12
69.43	1.13688e-12
69.435	1.36425e-12
69.44	1.819e-12
69.445	1.36425e-12
69.45	1.819e-12
69.455	2.7285e-12
69.46	2.27375e-12
69.465	1.819e-12
69.47	2.27375e-12
69.475	2.50112e-12
69.48	2.50112e-12
69.485	2.50112e-12
69.49	2.27375e-12
69.495	3.86538e-12
69.5	2.95587e-12
69.505	2.95587e-12
69.51	2.27375e-12
69.515	2.7285e-12
69.52	2.7285e-12
69.525	2.95587e-12
69.53	2.7285e-12
69.535	2.50112e-12
69.54	1.819e-12
69.545	2.27375e-12
69.55	1.819e-12
69.555	4.54751e-13
69.56	0.0
69.565	-2.27375e-13
69.57	-9.09502e-13
69.575	-2.50112e-12
69.58	-2.50112e-12
69.585	-2.50112e-12
69.59	-3.18325e-12
69.595	-3.41062e-12
69.6	-3.18325e-12
69.605	-4.5475e-12
69.61	-4.09275e-12
69.615	-3.41062e-12
69.62	-3.18325e-12
69.625	-3.41062e-12
69.63	-3.18325e-12
69.635	-2.04638e-12
69.64	-2.50112e-12
69.645	-1.36425e-12
69.65	-6.82124e-13
69.655	-2.27375e-13
69.66	-2.27375e-13
69.665	2.27375e-13
69.67	1.13688e-12
69.675	1.36425e-12
69.68	1.819e-12
69.685	1.819e-12
69.69	2.27375e-12
69.695	3.18325e-12
69.7	2.95587e-12
69.705	2.7285e-12
69.71	2.95587e-12
69.715	3.86538e-12
69.72	3.18325e-12
69.725	2.50112e-12
69.73	2.7285e-12
69.735	3.63801e-12
69.74	2.7285e-12
69.745	2.27375e-12
69.75	2.95587e-12
69.755	2.7285e-12
69.76	2.27375e-12
69.765	2.04638e-12
69.77	2.27375e-12
69.775	1.819e-12
69.78	2.27375e-12
69.785	1.819e-12
69.79	1.13688e-12
69.795	4.54751e-13
69.8	1.13688e-12
69.805	2.27375e-13
69.81	0.0
69.815	0.0
69.82	0.0
69.825	-1.36425e-12
69.83	-1.13688e-12
69.835	-1.36425e-12
69.84	-1.36425e-12
69.845	-1.36425e-12
69.85	-9.09502e-13
69.855	-6.82124e-13
69.86	-2.27375e-13
69.865	-6.82124e-13
69.87	-9.09502e-13
69.875	-6.82124e-13
69.88	-6.82124e-13
69.885	-4.54751e-13
69.89	2.27375e-13
69.895	4.54751e-13
69.9	2.27375e-13
69.905	9.09502e-13
69.91	1.13688e-12
69.915	1.36425e-12
69.92	1.13688e-12
69.925	1.36425e-12
69.93	4.54751e-13
69.935	0.0
69.94	1.13688e-12
69.945	6.82124e-13
69.95	4.54751e-13
69.955	4.54751e-13
69.96	9.09502e-13
69.965	9.09502e-13
69.97	0.0
69.975	9.09502e-13
69.98	6.82124e-13
69.985	0.0
69.99	-4.54751e-13
69.995	2.27375e-13
70.0	-4.54751e-13
