pos	X
57.0	4.54751e-13
57.005	6.82124e-13
57.01	4.54751e-13
57.015	9.09502e-13
57.02	1.13688e-12
57.025	0.0
57.03	1.13688e-12
57.035	4.54751e-13
57.04	1.13688e-12
57.045	6.82124e-13
57.05	1.36425e-12
57.055	6.82124e-13
57.06	6.82124e-13
57.065	1.13688e-12
57.07	4.54751e-13
57.075	4.54751e-13
57.08	9.09502e-13
57.085	9.09502e-13
57.09	0.0
57.095	4.54751e-13
57.1	4.54751e-13
57.105	6.82124e-13
57.11	2.27375e-13
57.115	4.54751e-13
57.12	9.09502e-13
57.125	-2.27375e-13
57.13	2.27375e-13
57.135	2.27375e-13
57.14	9.09502e-13
57.145	4.54751e-13
57.15	0.0
57.155	9.09502e-13
57.16	0.0
57.165	9.09502e-13
57.17	4.54751e-13
57.175	-2.27375e-13
57.18	0.0
57.185	4.54751e-13
57.19	2.27375e-13
57.195	0.0
57.2	2.27375e-13
57.205	4.54751e-13
57.21	4.54751e-13
57.215	-4.54751e-13
57.22	4.54751e-13
57.225	-2.27375e-13
57.23	4.54751e-13
57.235	6.82124e-13
57.24	0.0
57.245	0.0
57.25	0.0
57.255	0.0
57.26	4.54751e-13
57.265	0.0
57.27	-2.27375e-13
57.275	-9.09502e-13
57.28	0.0
57.285	2.27375e-13
57.29	4.54751e-13
57.295	0.0
57.3	-4.54751e-13
57.305	0.0
57.31	2.27375e-13
57.315	-6.82124e-13
57.32	-4.54751e-13
57.325	0.0
57.33	-4.54751e-13
57.335	-2.27375e-13
57.34	0.0
57.345	0.0
57.35	0.0
57.355	-9.09502e-13
57.36	-2.27375e-13
57.365	-9.09502e-13
57.37	-1.13688e-12
57.375	-6.82124e-13
57.38	0.0
57.385	-4.54751e-13
57.39	0.0
57.395	0.0
57.4	2.27375e-13
57.405	0.0
57.41	2.27375e-13
57.415	-9.09502e-13
57.42	-4.54751e-13
57.425	-6.82124e-13
57.43	-2.27375e-13
57.435	-4.54751e-13
57.44	-2.27375e-13
57.445	-6.82124e-13
57.45	-1.13688e-12
57.455	6.82124e-13
57.46	0.0
57.465	0.0
57.47	0.0
57.475	-1.13688e-12
57.48	-6.82124e-13
57.485	2.27375e-13
57.49	-4.54751e-13
57.495	-4.54751e-13
57.5	2.27375e-13
57.505	0.0
57.51	2.27375e-13
57.515	4.54751e-13
57.52	0.0
57.525	-6.82124e-13
57.53	-4.54751e-13
57.535	-4.54751e-13
57.54	0.0
57.545	2.27375e-13
57.55	-2.27375e-13
57.555	9.09502e-13
57.56	-4.54751e-13
57.565	2.27375e-13
57.57	-4.54751e-13
57.575	-2.27375e-13
57.58	-6.82124e-13
57.585	0.0
57.59	-2.27375e-13
57.595	-4.54751e-13
57.6	-4.54751e-13
57.605	-2.27375e-13
57.61	2.27375e-13
57.615	-2.27375e-13
57.62	-4.54751e-13
57.625	-6.82124e-13
57.63	-6.82124e-13
57.635	0.0
57.64	0.0
57.645	4.54751e-13
57.65	-4.54751e-13
57.655	0.0
57.66	0.0
57.665	-4.54751e-13
57.67	0.0
57.675	0.0
57.68	0.0
57.685	0.0
57.69	0.0
57.695	0.0
57.7	-6.82124e-13
57.705	0.0
57.71	4.54751e-13
57.715	6.82124e-13
57.72	-2.27375e-13
57.725	0.0
57.73	0.0
57.735	0.0
57.74	0.0
57.745	4.54751e-13
57.75	-2.27375e-13
57.755	4.54751e-13
57.76	6.82124e-13
57.765	-2.27375e-13
57.77	0.0
57.775	-2.27375e-13
57.78	0.0
57.785	0.0
57.79	0.0
57.795	0.0
57.8	0.0
57.805	2.27375e-13
57.81	-6.82124e-13
57.815	2.27375e-13
57.82	1.36425e-12
57.825	9.09502e-13
57.83	2.27375e-13
57.835	4.54751e-13
57.84	6.82124e-13
57.845	6.82124e-13
57.85	2.27375e-13
57.855	0.0
57.86	2.27375e-13
57.865	4.54751e-13
57.87	4.54751e-13
57.875	9.09502e-13
57.88	6.82124e-13
57.885	4.54751e-13
57.89	9.09502e-13
57.895	1.13688e-12
57.9	1.13688e-12
57.905	1.36425e-12
57.91	1.13688e-12
57.915	1.13688e-12
57.92	1.13688e-12
57.925	1.13688e-12
57.93	9.09502e-13
57.935	1.13688e-12
57.94	4.54751e-13
57.945	1.13688e-12
57.95	1.13688e-12
57.955	9.09502e-13
57.96	6.82124e-13
57.965	6.82124e-13
57.97	1.59162e-12
57.975	1.13688e-12
57.98	1.819e-12
57.985	6.82124e-13
57.99	1.13688e-12
57.995	1.59162e-12
58.0	1.13688e-12
58.005	1.13688e-12
58.01	1.819e-12
58.015	4.54751e-13
58.02	6.82124e-13
58.025	1.13688e-12
58.03	1.819e-12
58.035	9.09502e-13
58.04	1.13688e-12
58.045	6.82124e-13
58.05	9.09502e-13
58.055	9.09502e-13
58.06	1.13688e-12
58.065	1.819e-12
58.07	1.13688e-12
58.075	1.13688e-12
58.08	1.59162e-12
58.085	1.13688e-12
58.09	1.36425e-12
58.095	1.13688e-12
58.1	6.82124e-13
58.105	4.54751e-13
58.11	1.13688e-12
58.115	1.13688e-12
58.12	1.13688e-12
58.125	1.36425e-12
58.13	1.13688e-12
58.135	1.36425e-12
58.14	9.09502e-13
58.145	6.82124e-13
58.15	1.59162e-12
58.155	1.59162e-12
58.16	1.13688e-12
58.165	1.59162e-12
58.17	1.36425e-12
58.175	1.819e-12
58.18	9.09502e-13
58.185	9.09502e-13
58.19	1.36425e-12
58.195	9.09502e-13
58.2	1.13688e-12
58.205	1.13688e-12
58.21	6.82124e-13
58.215	1.13688e-12
58.22	1.819e-12
58.225	9.09502e-13
58.23	1.13688e-12
58.235	9.09502e-13
58.24	1.13688e-12
58.245	1.36425e-12
58.25	9.09502e-13
58.255	4.54751e-13
58.26	4.54751e-13
58.265	4.54751e-13
58.27	2.27375e-13
58.275	0.0
58.28	1.13688e-12
58.285	1.13688e-12
58.29	4.54751e-13
58.295	4.54751e-13
58.3	6.82124e-13
58.305	4.54751e-13
58.31	4.54751e-13
58.315	4.54751e-13
58.32	4.54751e-13
58.325	4.54751e-13
58.33	6.82124e-13
58.335	6.82124e-13
58.34	9.09502e-13
58.345	6.82124e-13
58.35	9.09502e-13
58.355	6.82124e-13
58.36	1.819e-12
58.365	2.04638e-12
58.37	1.36425e-12
58.375	1.13688e-12
58.38	4.54751e-13
58.385	1.13688e-12
58.39	4.54751e-13
58.395	6.82124e-13
58.4	1.36425e-12
58.405	1.819e-12
58.41	1.13688e-12
58.415	1.36425e-12
58.42	1.13688e-12
58.425	4.54751e-13
58.43	6.82124e-13
58.435	1.13688e-12
58.44	6.82124e-13
58.445	1.13688e-12
58.45	0.0
58.455	0.0
58.46	2.27375e-13
58.465	4.54751e-13
58.47	6.82124e-13
58.475	0.0
58.48	4.54751e-13
58.485	-2.27375e-13
58.49	-6.82124e-13
58.495	-9.09502e-13
58.5	-4.54751e-13
58.505	0.0
58.51	0.0
58.515	0.0
58.52	0.0
58.525	0.0
58.53	0.0
58.535	0.0
58.54	4.54751e-13
58.545	4.54751e-13
58.55	-4.54751e-13
58.555	4.54751e-13
58.56	-2.27375e-13
58.565	0.0
58.57	2.27375e-13
58.575	4.54751e-13
58.58	0.0
58.585	2.27375e-13
58.59	2.27375e-13
58.595	4.54751e-13
58.6	6.82124e-13
58.605	0.0
58.61	0.0
58.615	4.54751e-13
58.62	9.09502e-13
58.625	4.54751e-13
58.63	0.0
58.635	2.27375e-13
58.64	0.0
58.645	4.54751e-13
58.65	6.82124e-13
58.655	2.27375e-13
58.66	1.13688e-12
58.665	9.09502e-13
58.67	1.36425e-12
58.675	1.36425e-12
58.68	1.13688e-12
58.685	1.819e-12
58.69	1.13688e-12
58.695	1.819e-12
58.7	1.819e-12
58.705	1.819e-12
58.71	2.27375e-12
58.715	1.59162e-12
58.72	1.819e-12
58.725	2.27375e-12
58.73	1.59162e-12
58.735	1.819e-12
58.74	2.50112e-12
58.745	2.50112e-12
58.75	2.95587e-12
58.755	2.50112e-12
58.76	2.7285e-12
58.765	2.7285e-12
58.77	2.7285e-12
58.775	2.95587e-12
58.78	2.95587e-12
58.785	3.18325e-12
58.79	2.95587e-12
58.795	2.27375e-12
58.8	2.95587e-12
58.805	3.63801e-12
58.81	3.41062e-12
58.815	2.27375e-12
58.82	2.7285e-12
58.825	2.95587e-12
58.83	2.7285e-12
58.835	1.59162e-12
58.84	2.04638e-12
58.845	1.59162e-12
58.85	1.13688e-12
58.855	1.59162e-12
58.86	1.36425e-12
58.865	6.82124e-13
58.87	9.09502e-13
58.875	4.54751e-13
58.88	6.82124e-13
58.885	1.59162e-12
58.89	6.82124e-13
58.895	4.54751e-13
58.9	1.13688e-12
58.905	9.09502e-13
58.91	6.82124e-13
58.915	1.13688e-12
58.92	4.54751e-13
58.925	9.09502e-13
58.93	4.54751e-13
58.935	4.54751e-13
58.94	1.13688e-12
58.945	1.13688e-12
58.95	6.82124e-13
58.955	2.04638e-12
58.96	4.54751e-13
58.965	1.13688e-12
58.97	9.09502e-13
58.975	6.82124e-13
58.98	4.54751e-13
58.985	4.54751e-13
58.99	1.13688e-12
58.995	1.59162e-12
59.0	1.59162e-12
59.005	9.09502e-13
59.01	1.13688e-12
59.015	1.13688e-12
59.02	1.59162e-12
59.025	1.36425e-12
59.03	1.59162e-12
59.035	1.36425e-12
59.04	1.36425e-12
59.045	1.36425e-12
59.05	1.13688e-12
59.055	1.13688e-12
59.06	1.13688e-12
59.065	1.819e-12
59.07	1.819e-12
59.075	1.59162e-12
59.08	9.09502e-13
59.085	1.13688e-12
59.09	1.13688e-12
59.095	1.13688e-12
59.1	9.09502e-13
59.105	4.54751e-13
59.11	1.13688e-12
59.115	9.09502e-13
59.12	1.59162e-12
59.125	1.36425e-12
59.13	1.59162e-12
59.135	2.04638e-12
59.14	1.13688e-12
59.145	1.819e-12
59.15	1.36425e-12
59.155	1.36425e-12
59.16	1.819e-12
59.165	9.09502e-13
59.17	1.819e-12
59.175	1.13688e-12
59.18	1.36425e-12
59.185	1.13688e-12
59.19	1.819e-12
59.195	1.819e-12
59.2	2.04638e-12
59.205	1.36425e-12
59.21	1.13688e-12
59.215	2.04638e-12
59.22	2.04638e-12
59.225	1.59162e-12
59.23	1.36425e-12
59.235	1.13688e-12
59.24	1.59162e-12
59.245	1.819e-12
59.25	1.59162e-12
59.255	1.59162e-12
59.26	1.59162e-12
59.265	1.59162e-12
59.27	1.59162e-12
59.275	1.819e-12
59.28	1.13688e-12
59.285	9.09502e-13
59.29	1.13688e-12
59.295	1.13688e-12
59.3	1.13688e-12
59.305	1.59162e-12
59.31	4.54751e-13
59.315	0.0
59.32	1.13688e-12
59.325	9.09502e-13
59.33	4.54751e-13
59.335	6.82124e-13
59.34	6.82124e-13
59.345	4.54751e-13
59.35	2.27375e-13
59.355	4.54751e-13
59.36	0.0
59.365	-6.82124e-13
59.37	-4.54751e-13
59.375	-2.27375e-13
59.38	-6.82124e-13
59.385	0.0
59.39	-6.82124e-13
59.395	-6.82124e-13
59.4	-6.82124e-13
59.405	-1.13688e-12
59.41	-2.27375e-13
59.415	-1.36425e-12
59.42	-1.36425e-12
59.425	-1.36425e-12
59.43	-9.09502e-13
59.435	-1.36425e-12
59.44	-1.36425e-12
59.445	-1.36425e-12
59.45	-1.59162e-12
59.455	-1.59162e-12
59.46	-2.04638e-12
59.465	-1.59162e-12
59.47	-1.819e-12
59.475	-1.13688e-12
59.48	-1.13688e-12
59.485	-9.09502e-13
59.49	-1.59162e-12
59.495	-6.82124e-13
59.5	-1.13688e-12
59.505	-6.82124e-13
59.51	-1.36425e-12
59.515	-9.09502e-13
59.52	-9.09502e-13
59.525	0.0
59.53	-6.82124e-13
59.535	-6.82124e-13
59.54	-6.82124e-13
59.545	-1.36425e-12
59.55	-1.36425e-12
59.555	-1.36425e-12
59.56	-2.27375e-13
59.565	-6.82124e-13
59.57	-4.54751e-13
59.575	-9.09502e-13
59.58	-1.13688e-12
59.585	-9.09502e-13
59.59	-6.82124e-13
59.595	-2.27375e-13
59.6	-9.09502e-13
59.605	-9.09502e-13
59.61	-4.54751e-13
59.615	-6.82124e-13
59.62	-4.54751e-13
59.625	-1.13688e-12
59.63	-1.13688e-12
59.635	-1.36425e-12
59.64	-1.819e-12
59.645	-6.82124e-13
59.65	-1.13688e-12
59.655	-1.36425e-12
59.66	-9.09502e-13
59.665	2.27375e-13
59.67	-2.27375e-13
59.675	-2.27375e-13
59.68	0.0
59.685	-2.27375e-13
59.69	0.0
59.695	0.0
59.7	-4.54751e-13
59.705	-6.82124e-13
59.71	-6.82124e-13
59.715	-4.54751e-13
59.72	-6.82124e-13
59.725	2.27375e-13
59.73	4.54751e-13
59.735	2.27375e-13
59.74	-2.27375e-13
59.745	2.27375e-13
59.75	-2.27375e-13
59.755	-4.54751e-13
59.76	-2.27375e-13
59.765	-4.54751e-13
59.77	-6.82124e-13
59.775	-6.82124e-13
59.78	0.0
59.785	-2.27375e-13
59.79	0.0
59.795	4.54751e-13
59.8	-4.54751e-13
59.805	0.0
59.81	-6.82124e-13
59.815	0.0
59.82	0.0
59.825	-6.82124e-13
59.83	-2.27375e-13
59.835	-9.09502e-13
59.84	0.0
59.845	0.0
59.85	-2.27375e-13
59.855	-4.54751e-13
59.86	-2.27375e-13
59.865	-4.54751e-13
59.87	2.27375e-13
59.875	-6.82124e-13
59.88	-2.27375e-13
59.885	-4.54751e-13
59.89	-2.27375e-13
59.895	0.0
59.9	-4.54751e-13
59.905	0.0
59.91	-2.27375e-13
59.915	-4.54751e-13
59.92	-2.27375e-13
59.925	-4.54751e-13
59.93	0.0
59.935	-1.36425e-12
59.94	-4.54751e-13
59.945	-6.82124e-13
59.95	-6.82124e-13
59.955	-4.54751e-13
59.96	-2.27375e-13
59.965	0.0
59.97	-2.27375e-13
59.975	0.0
59.98	-6.82124e-13
59.985	-2.27375e-13
59.99	0.0
59.995	-1.13688e-12
60.0	-4.54751e-13
60.005	-2.27375e-13
60.01	-2.27375e-13
60.015	4.54751e-13
60.02	-6.82124e-13
60.025	2.27375e-13
60.03	-2.27375e-13
60.035	0.0
60.04	-6.82124e-13
60.045	-4.54751e-13
60.05	0.0
60.055	0.0
60.06	0.0
60.065	0.0
60.07	0.0
60.075	0.0
60.08	0.0
60.085	0.0
60.09	2.27375e-13
60.095	2.27375e-13
60.1	0.0
60.105	0.0
60.11	0.0
60.115	-4.54751e-13
60.12	2.27375e-13
60.125	9.09502e-13
60.13	0.0
60.135	0.0
60.14	0.0
60.145	4.54751e-13
60.15	4.54751e-13
60.155	2.27375e-13
60.16	4.54751e-13
60.165	4.54751e-13
60.17	4.54751e-13
60.175	2.27375e-13
60.18	-2.27375e-13
60.185	4.54751e-13
60.19	0.0
60.195	0.0
60.2	0.0
60.205	0.0
60.21	9.09502e-13
60.215	4.54751e-13
60.22	4.54751e-13
60.225	4.54751e-13
60.23	2.27375e-13
60.235	6.82124e-13
60.24	2.27375e-13
60.245	0.0
60.25	2.27375e-13
60.255	0.0
60.26	2.27375e-13
60.265	-2.27375e-13
60.27	0.0
60.275	-4.54751e-13
60.28	4.54751e-13
60.285	6.82124e-13
60.29	1.13688e-12
60.295	4.54751e-13
60.3	0.0
60.305	2.27375e-13
60.31	4.54751e-13
60.315	6.82124e-13
60.32	4.54751e-13
60.325	0.0
60.33	4.54751e-13
60.335	0.0
60.34	9.09502e-13
60.345	9.09502e-13
60.35	4.54751e-13
60.355	2.27375e-13
60.36	4.54751e-13
60.365	1.13688e-12
60.37	4.54751e-13
60.375	9.09502e-13
60.38	4.54751e-13
60.385	4.54751e-13
60.39	0.0
60.395	4.54751e-13
60.4	9.09502e-13
60.405	0.0
60.41	6.82124e-13
60.415	0.0
60.42	4.54751e-13
60.425	2.27375e-13
60.43	4.54751e-13
60.435	2.27375e-13
60.44	6.82124e-13
60.445	6.82124e-13
60.45	1.36425e-12
60.455	1.13688e-12
60.46	6.82124e-13
60.465	6.82124e-13
60.47	4.54751e-13
60.475	6.82124e-13
60.48	0.0
60.485	4.54751e-13
60.49	2.27375e-13
60.495	4.54751e-13
60.5	4.54751e-13
60.505	2.27375e-13
60.51	4.54751e-13
60.515	0.0
60.52	4.54751e-13
60.525	6.82124e-13
60.53	4.54751e-13
60.535	4.54751e-13
60.54	4.54751e-13
60.545	4.54751e-13
60.55	6.82124e-13
60.555	1.13688e-12
60.56	4.54751e-13
60.565	2.27375e-13
60.57	0.0
60.575	-4.54751e-13
60.58	4.54751e-13
60.585	1.13688e-12
60.59	6.82124e-13
60.595	-2.27375e-13
60.6	9.09502e-13
60.605	1.13688e-12
60.61	0.0
60.615	1.13688e-12
60.62	6.82124e-13
60.625	4.54751e-13
60.63	4.54751e-13
60.635	1.13688e-12
60.64	2.27375e-13
60.645	2.27375e-13
60.65	0.0
60.655	-2.27375e-13
60.66	-2.27375e-13
60.665	4.54751e-13
60.67	2.27375e-13
60.675	0.0
60.68	4.54751e-13
60.685	2.27375e-13
60.69	2.27375e-13
60.695	2.27375e-13
60.7	0.0
60.705	-2.27375e-13
60.71	-6.82124e-13
60.715	-2.27375e-13
60.72	0.0
60.725	-6.82124e-13
60.73	2.27375e-13
60.735	0.0
60.74	-2.27375e-13
60.745	-6.82124e-13
60.75	-4.54751e-13
60.755	-2.27375e-13
60.76	-2.27375e-13
60.765	-4.54751e-13
60.77	2.27375e-13
60.775	-6.82124e-13
60.78	-6.82124e-13
60.785	2.27375e-13
60.79	4.54751e-13
60.795	4.54751e-13
60.8	0.0
60.805	2.27375e-13
60.81	2.27375e-13
60.815	2.27375e-13
60.82	4.54751e-13
60.825	4.54751e-13
60.83	1.13688e-12
60.835	6.82124e-13
60.84	1.36425e-12
60.845	1.59162e-12
60.85	1.13688e-12
60.855	9.09502e-13
60.86	6.82124e-13
60.865	4.54751e-13
60.87	1.13688e-12
60.875	1.59162e-12
60.88	1.36425e-12
60.885	6.82124e-13
60.89	1.819e-12
60.895	1.13688e-12
60.9	1.59162e-12
60.905	1.13688e-12
60.91	4.54751e-13
60.915	1.13688e-12
60.92	1.59162e-12
60.925	4.54751e-13
60.93	4.54751e-13
60.935	6.82124e-13
60.94	2.27375e-13
60.945	4.54751e-13
60.95	2.27375e-13
60.955	4.54751e-13
60.96	0.0
60.965	-4.54751e-13
60.97	4.54751e-13
60.975	4.54751e-13
60.98	4.54751e-13
60.985	0.0
60.99	9.09502e-13
60.995	2.27375e-13
61.0	-4.54751e-13
61.005	-6.82124e-13
61.01	0.0
61.015	4.54751e-13
61.02	0.0
61.025	4.54751e-13
61.03	4.54751e-13
61.035	4.54751e-13
61.04	0.0
61.045	4.54751e-13
61.05	2.27375e-13
61.055	4.54751e-13
61.06	4.54751e-13
61.065	4.54751e-13
61.07	6.82124e-13
61.075	2.27375e-13
61.08	2.27375e-13
61.085	6.82124e-13
61.09	6.82124e-13
61.095	4.54751e-13
61.1	4.54751e-13
61.105	1.13688e-12
61.11	1.13688e-12
61.115	6.82124e-13
61.12	4.54751e-13
61.125	4.54751e-13
61.13	4.54751e-13
61.135	6.82124e-13
61.14	4.54751e-13
61.145	2.27375e-13
61.15	4.54751e-13
61.155	0.0
61.16	4.54751e-13
61.165	2.27375e-13
61.17	4.54751e-13
61.175	2.27375e-13
61.18	4.54751e-13
61.185	9.09502e-13
61.19	0.0
61.195	-2.27375e-13
61.2	0.0
61.205	9.09502e-13
61.21	0.0
61.215	-2.27375e-13
61.22	9.09502e-13
61.225	9.09502e-13
61.23	2.27375e-13
61.235	4.54751e-13
61.24	6.82124e-13
61.245	1.13688e-12
61.25	4.54751e-13
61.255	9.09502e-13
61.26	2.27375e-13
61.265	4.54751e-13
61.27	9.09502e-13
61.275	9.09502e-13
61.28	1.13688e-12
61.285	1.13688e-12
61.29	4.54751e-13
61.295	4.54751e-13
61.3	1.13688e-12
61.305	6.82124e-13
61.31	6.82124e-13
61.315	6.82124e-13
61.32	9.09502e-13
61.325	4.54751e-13
61.33	4.54751e-13
61.335	9.09502e-13
61.34	6.82124e-13
61.345	0.0
61.35	0.0
61.355	4.54751e-13
61.36	1.13688e-12
61.365	1.13688e-12
61.37	1.13688e-12
61.375	4.54751e-13
61.38	0.0
61.385	0.0
61.39	6.82124e-13
61.395	0.0
61.4	4.54751e-13
61.405	4.54751e-13
61.41	6.82124e-13
61.415	4.54751e-13
61.42	1.13688e-12
61.425	9.09502e-13
61.43	4.54751e-13
61.435	6.82124e-13
61.44	9.09502e-13
61.445	0.0
61.45	9.09502e-13
61.455	1.13688e-12
61.46	9.09502e-13
61.465	1.36425e-12
61.47	1.36425e-12
61.475	4.54751e-13
61.48	1.13688e-12
61.485	4.54751e-13
61.49	1.13688e-12
61.495	4.54751e-13
61.5	2.27375e-13
61.505	4.54751e-13
61.51	1.13688e-12
61.515	4.54751e-13
61.52	4.54751e-13
61.525	0.0
61.53	4.54751e-13
61.535	1.13688e-12
61.54	1.13688e-12
61.545	4.54751e-13
61.55	6.82124e-13
61.555	4.54751e-13
61.56	6.82124e-13
61.565	2.27375e-13
61.57	1.13688e-12
61.575	4.54751e-13
61.58	1.13688e-12
61.585	9.09502e-13
61.59	4.54751e-13
61.595	1.13688e-12
61.6	4.54751e-13
61.605	1.13688e-12
61.61	0.0
61.615	6.82124e-13
61.62	1.13688e-12
61.625	4.54751e-13
61.63	2.27375e-13
61.635	2.27375e-13
61.64	0.0
61.645	-2.27375e-13
61.65	6.82124e-13
61.655	4.54751e-13
61.66	0.0
61.665	4.54751e-13
61.67	2.27375e-13
61.675	6.82124e-13
61.68	1.13688e-12
61.685	4.54751e-13
61.69	-6.82124e-13
61.695	4.54751e-13
61.7	0.0
61.705	2.27375e-13
61.71	-6.82124e-13
61.715	-4.54751e-13
61.72	6.82124e-13
61.725	6.82124e-13
61.73	6.82124e-13
61.735	0.0
61.74	4.54751e-13
61.745	0.0
61.75	4.54751e-13
61.755	9.09502e-13
61.76	0.0
61.765	2.27375e-13
61.77	9.09502e-13
61.775	2.27375e-13
61.78	4.54751e-13
61.785	6.82124e-13
61.79	2.27375e-13
61.795	2.27375e-13
61.8	4.54751e-13
61.805	6.82124e-13
61.81	2.27375e-13
61.815	-6.82124e-13
61.82	2.27375e-13
61.825	4.54751e-13
61.83	4.54751e-13
61.835	4.54751e-13
61.84	4.54751e-13
61.845	6.82124e-13
61.85	4.54751e-13
61.855	-4.54751e-13
61.86	6.82124e-13
61.865	2.27375e-13
61.87	4.54751e-13
61.875	2.27375e-13
61.88	0.0
61.885	4.54751e-13
61.89	4.54751e-13
61.895	4.54751e-13
61.9	6.82124e-13
61.905	6.82124e-13
61.91	1.13688e-12
61.915	9.09502e-13
61.92	1.59162e-12
61.925	6.82124e-13
61.93	4.54751e-13
61.935	-2.27375e-13
61.94	9.09502e-13
61.945	9.09502e-13
61.95	4.54751e-13
61.955	2.27375e-13
61.96	1.13688e-12
61.965	6.82124e-13
61.97	1.36425e-12
61.975	1.59162e-12
61.98	1.819e-12
61.985	1.36425e-12
61.99	1.819e-12
61.995	2.27375e-12
62.0	2.27375e-12
62.005	2.04638e-12
62.01	1.819e-12
62.015	2.50112e-12
62.02	2.27375e-12
62.025	2.95587e-12
62.03	2.27375e-12
62.035	2.95587e-12
62.04	3.18325e-12
62.045	2.7285e-12
62.05	3.86538e-12
62.055	3.63801e-12
62.06	3.41062e-12
62.065	4.5475e-12
62.07	4.09275e-12
62.075	4.5475e-12
62.08	5.00225e-12
62.085	5.22962e-12
62.09	4.77487e-12
62.095	4.77487e-12
62.1	4.77487e-12
62.105	4.77487e-12
62.11	6.36649e-12
62.115	6.13912e-12
62.12	6.13912e-12
62.125	6.82124e-12
62.13	7.04861e-12
62.135	6.82124e-12
62.14	7.50339e-12
62.145	6.82124e-12
62.15	7.04861e-12
62.155	7.04861e-12
62.16	6.36649e-12
62.165	6.36649e-12
62.17	6.82124e-12
62.175	5.457e-12
62.18	4.77487e-12
62.185	5.457e-12
62.19	4.5475e-12
62.195	4.32013e-12
62.2	3.41062e-12
62.205	2.04638e-12
62.21	1.13688e-12
62.215	0.0
62.22	-1.36425e-12
62.225	-2.50112e-12
62.23	-3.86538e-12
62.235	-6.13912e-12
62.24	-8.18551e-12
62.245	-1.02319e-11
62.25	-1.18235e-11
62.255	-1.38698e-11
62.26	-1.70531e-11
62.265	-2.0009e-11
62.27	-2.31922e-11
62.275	-2.66028e-11
62.28	-2.88766e-11
62.285	-3.25147e-11
62.29	-3.61526e-11
62.295	-3.88811e-11
62.3	-4.22917e-11
62.305	-4.57023e-11
62.31	-4.97951e-11
62.315	-5.32057e-11
62.32	-5.68436e-11
62.325	-6.09366e-11
62.33	-6.36651e-11
62.335	-6.57114e-11
62.34	-6.82125e-11
62.345	-7.11684e-11
62.35	-7.36695e-11
62.355	-7.43516e-11
62.36	-7.57159e-11
62.365	-7.57159e-11
62.37	-7.54885e-11
62.375	-7.38969e-11
62.38	-7.276e-11
62.385	-7.02589e-11
62.39	-6.63936e-11
62.395	-6.32103e-11
62.4	-5.82081e-11
62.405	-5.25235e-11
62.41	-4.47928e-11
62.415	-3.75169e-11
62.42	-2.91041e-11
62.425	-1.88721e-11
62.43	-7.95813e-12
62.435	3.63801e-12
62.44	1.54615e-11
62.445	2.86492e-11
62.45	4.25191e-11
62.455	5.61615e-11
62.46	7.07137e-11
62.465	8.52656e-11
62.47	1.00954e-10
62.475	1.14142e-10
62.48	1.29604e-10
62.485	1.43246e-10
62.49	1.57798e-10
62.495	1.70759e-10
62.5	1.8099e-10
62.505	1.92132e-10
62.51	2.00999e-10
62.515	2.08503e-10
62.52	2.11458e-10
62.525	2.12823e-10
62.53	2.13732e-10
62.535	2.12823e-10
62.54	2.09185e-10
62.545	2.04637e-10
62.55	1.97134e-10
62.555	1.87129e-10
62.56	1.75306e-10
62.565	1.59617e-10
62.57	1.41882e-10
62.575	1.21418e-10
62.58	9.91354e-11
62.585	7.48064e-11
62.59	5.04772e-11
62.595	2.38743e-11
62.6	-6.82124e-13
62.605	-2.97862e-11
62.61	-5.43425e-11
62.615	-8.16276e-11
62.62	-1.05047e-10
62.625	-1.2733e-10
62.63	-1.4984e-10
62.635	-1.71895e-10
62.64	-1.88721e-10
62.645	-2.04182e-10
62.65	-2.16233e-10
62.655	-2.24419e-10
62.66	-2.31695e-10
62.665	-2.33742e-10
62.67	-2.31467e-10
62.675	-2.24419e-10
62.68	-2.17597e-10
62.685	-2.04865e-10
62.69	-1.89858e-10
62.695	-1.7235e-10
62.7	-1.50977e-10
62.705	-1.28694e-10
62.71	-1.05729e-10
62.715	-8.0036e-11
62.72	-5.29783e-11
62.725	-2.70576e-11
62.73	-6.82124e-13
62.735	2.31922e-11
62.74	4.57023e-11
62.745	6.79852e-11
62.75	8.73119e-11
62.755	1.02773e-10
62.76	1.16416e-10
62.765	1.2733e-10
62.77	1.33697e-10
62.775	1.38471e-10
62.78	1.39608e-10
62.785	1.36652e-10
62.79	1.31423e-10
62.795	1.2301e-10
62.8	1.11641e-10
62.805	1.00045e-10
62.81	8.41287e-11
62.815	6.77578e-11
62.82	5.22962e-11
62.825	3.38789e-11
62.83	1.79626e-11
62.835	4.54751e-13
62.84	-1.6371e-11
62.845	-3.13778e-11
62.85	-4.43381e-11
62.855	-5.68436e-11
62.86	-6.66209e-11
62.865	-7.54885e-11
62.87	-8.02634e-11
62.875	-8.34466e-11
62.88	-8.64024e-11
62.885	-8.77667e-11
62.89	-8.48108e-11
62.895	-8.1855e-11
62.9	-7.61706e-11
62.905	-6.93494e-11
62.91	-6.18461e-11
62.915	-5.32057e-11
62.92	-4.5475e-11
62.925	-3.72895e-11
62.93	-2.84218e-11
62.935	-2.02364e-11
62.94	-1.29604e-11
62.945	-6.82124e-12
62.95	0.0
62.955	4.5475e-12
62.96	1.04592e-11
62.965	1.38698e-11
62.97	1.70531e-11
62.975	1.93269e-11
62.98	2.02364e-11
62.985	2.13732e-11
62.99	2.16006e-11
62.995	2.1828e-11
63.0	2.11459e-11
63.005	1.95542e-11
63.01	1.79626e-11
63.015	1.72805e-11
63.02	1.6371e-11
63.025	1.47794e-11
63.03	1.36425e-11
63.035	1.18235e-11
63.04	1.04592e-11
63.045	9.095e-12
63.05	7.95813e-12
63.055	6.59386e-12
63.06	4.77487e-12
63.065	4.32013e-12
63.07	3.18325e-12
63.075	1.13688e-12
63.08	2.27375e-13
63.085	-1.59162e-12
63.09	-2.95587e-12
63.095	-3.41062e-12
63.1	-5.00225e-12
63.105	-5.68437e-12
63.11	-7.04861e-12
63.115	-7.95813e-12
63.12	-8.86763e-12
63.125	-9.095e-12
63.13	-8.86763e-12
63.135	-9.32238e-12
63.14	-8.86763e-12
63.145	-8.64026e-12
63.15	-7.27601e-12
63.155	-7.04861e-12
63.16	-6.36649e-12
63.165	-4.77487e-12
63.17	-3.86538e-12
63.175	-2.04638e-12
63.18	-1.36425e-12
63.185	4.54751e-13
63.19	1.13688e-12
63.195	2.50112e-12
63.2	4.09275e-12
63.205	4.5475e-12
63.21	5.00225e-12
63.215	6.13912e-12
63.22	6.82124e-12
63.225	7.73076e-12
63.23	7.95813e-12
63.235	8.64026e-12
63.24	7.95813e-12
63.245	8.41288e-12
63.25	8.64026e-12
63.255	8.64026e-12
63.26	9.095e-12
63.265	9.32238e-12
63.27	7.95813e-12
63.275	8.64026e-12
63.28	9.32238e-12
63.285	8.64026e-12
63.29	8.64026e-12
63.295	9.32238e-12
63.3	9.54975e-12
63.305	9.32238e-12
63.31	8.18551e-12
63.315	8.64026e-12
63.32	7.95813e-12
63.325	7.73076e-12
63.33	7.73076e-12
63.335	8.18551e-12
63.34	6.82124e-12
63.345	6.82124e-12
63.35	6.13912e-12
63.355	5.457e-12
63.36	5.00225e-12
63.365	4.32013e-12
63.37	4.77487e-12
63.375	4.32013e-12
63.38	4.09275e-12
63.385	3.63801e-12
63.39	3.18325e-12
63.395	4.32013e-12
63.4	2.95587e-12
63.405	2.95587e-12
63.41	2.27375e-12
63.415	2.7285e-12
63.42	1.59162e-12
63.425	1.59162e-12
63.43	1.36425e-12
63.435	9.09502e-13
63.44	9.09502e-13
63.445	4.54751e-13
63.45	1.13688e-12
63.455	0.0
63.46	6.82124e-13
63.465	9.09502e-13
63.47	4.54751e-13
63.475	9.09502e-13
63.48	4.54751e-13
63.485	6.82124e-13
63.49	2.27375e-13
63.495	1.13688e-12
63.5	9.09502e-13
63.505	6.82124e-13
63.51	1.36425e-12
63.515	1.13688e-12
63.52	2.04638e-12
63.525	1.13688e-12
63.53	2.04638e-12
63.535	1.36425e-12
63.54	1.819e-12
63.545	1.13688e-12
63.55	1.819e-12
63.555	2.27375e-12
63.56	2.27375e-12
63.565	2.27375e-12
63.57	2.04638e-12
63.575	2.04638e-12
63.58	1.819e-12
63.585	2.50112e-12
63.59	2.50112e-12
63.595	1.59162e-12
63.6	1.819e-12
63.605	2.50112e-12
63.61	2.7285e-12
63.615	2.50112e-12
63.62	1.59162e-12
63.625	1.13688e-12
63.63	2.50112e-12
63.635	1.819e-12
63.64	2.27375e-12
63.645	2.27375e-12
63.65	1.13688e-12
63.655	2.04638e-12
63.66	2.04638e-12
63.665	2.50112e-12
63.67	2.04638e-12
63.675	1.819e-12
63.68	2.04638e-12
63.685	2.27375e-12
63.69	2.04638e-12
63.695	2.04638e-12
63.7	2.04638e-12
63.705	1.13688e-12
63.71	2.27375e-12
63.715	1.59162e-12
63.72	1.59162e-12
63.725	1.36425e-12
63.73	1.13688e-12
63.735	6.82124e-13
63.74	9.09502e-13
63.745	1.13688e-12
63.75	4.54751e-13
63.755	1.13688e-12
63.76	6.82124e-13
63.765	4.54751e-13
63.77	-2.27375e-13
63.775	4.54751e-13
63.78	4.54751e-13
63.785	0.0
63.79	4.54751e-13
63.795	-2.27375e-13
63.8	-4.54751e-13
63.805	0.0
63.81	9.09502e-13
63.815	0.0
63.82	0.0
63.825	2.27375e-13
63.83	2.27375e-13
63.835	-4.54751e-13
63.84	2.27375e-13
63.845	4.54751e-13
63.85	4.54751e-13
63.855	4.54751e-13
63.86	4.54751e-13
63.865	2.27375e-13
63.87	9.09502e-13
63.875	2.04638e-12
63.88	1.13688e-12
63.885	6.82124e-13
63.89	1.13688e-12
63.895	1.36425e-12
63.9	1.819e-12
63.905	2.04638e-12
63.91	1.819e-12
63.915	1.819e-12
63.92	1.819e-12
63.925	2.27375e-12
63.93	2.27375e-12
63.935	1.819e-12
63.94	2.27375e-12
63.945	2.95587e-12
63.95	2.95587e-12
63.955	2.95587e-12
63.96	2.95587e-12
63.965	2.7285e-12
63.97	2.95587e-12
63.975	2.7285e-12
63.98	1.819e-12
63.985	2.27375e-12
63.99	1.36425e-12
63.995	1.13688e-12
64.0	9.09502e-13
64.005	1.13688e-12
64.01	6.82124e-13
64.015	0.0
64.02	-9.09502e-13
64.025	0.0
64.03	-2.27375e-13
64.035	-6.82124e-13
64.04	-2.27375e-12
64.045	-2.04638e-12
64.05	-2.50112e-12
64.055	-3.18325e-12
64.06	-3.41062e-12
64.065	-4.09275e-12
64.07	-3.63801e-12
64.075	-4.5475e-12
64.08	-5.22962e-12
64.085	-7.04861e-12
64.09	-6.82124e-12
64.095	-6.36649e-12
64.1	-7.95813e-12
64.105	-7.73076e-12
64.11	-8.18551e-12
64.115	-8.18551e-12
64.12	-9.095e-12
64.125	-8.86763e-12
64.13	-8.18551e-12
64.135	-9.32238e-12
64.14	-9.095e-12
64.145	-8.86763e-12
64.15	-8.41288e-12
64.155	-9.32238e-12
64.16	-8.64026e-12
64.165	-7.50339e-12
64.17	-7.50339e-12
64.175	-7.04861e-12
64.18	-6.36649e-12
64.185	-5.457e-12
64.19	-5.00225e-12
64.195	-5.00225e-12
64.2	-3.86538e-12
64.205	-3.18325e-12
64.21	-2.27375e-12
64.215	-1.13688e-12
64.22	-6.82124e-13
64.225	2.27375e-13
64.23	0.0
64.235	1.13688e-12
64.24	2.27375e-12
64.245	2.95587e-12
64.25	3.41062e-12
64.255	4.32013e-12
64.26	4.09275e-12
64.265	4.32013e-12
64.27	4.09275e-12
64.275	4.77487e-12
64.28	4.77487e-12
64.285	3.86538e-12
64.29	3.63801e-12
64.295	4.09275e-12
64.3	4.32013e-12
64.305	3.63801e-12
64.31	2.50112e-12
64.315	2.7285e-12
64.32	2.27375e-12
64.325	1.59162e-12
64.33	0.0
64.335	-4.54751e-13
64.34	-4.54751e-13
64.345	-6.82124e-13
64.35	-1.13688e-12
64.355	-9.09502e-13
64.36	-2.04638e-12
64.365	-2.7285e-12
64.37	-3.18325e-12
64.375	-2.95587e-12
64.38	-4.09275e-12
64.385	-3.63801e-12
64.39	-3.63801e-12
64.395	-3.63801e-12
64.4	-3.41062e-12
64.405	-3.41062e-12
64.41	-2.50112e-12
64.415	-2.50112e-12
64.42	-2.27375e-12
64.425	-2.04638e-12
64.43	-1.36425e-12
64.435	-6.82124e-13
64.44	0.0
64.445	-4.54751e-13
64.45	1.36425e-12
64.455	1.36425e-12
64.46	1.36425e-12
64.465	1.36425e-12
64.47	1.819e-12
64.475	2.04638e-12
64.48	2.95587e-12
64.485	3.18325e-12
64.49	2.50112e-12
64.495	2.50112e-12
64.5	1.819e-12
64.505	2.7285e-12
64.51	3.63801e-12
64.515	3.18325e-12
64.52	2.27375e-12
64.525	2.27375e-12
64.53	2.27375e-12
64.535	2.27375e-12
64.54	1.59162e-12
64.545	2.04638e-12
64.55	1.819e-12
64.555	1.59162e-12
64.56	1.59162e-12
64.565	1.13688e-12
64.57	6.82124e-13
64.575	9.09502e-13
64.58	4.54751e-13
64.585	1.13688e-12
64.59	6.82124e-13
64.595	4.54751e-13
64.6	1.13688e-12
64.605	4.54751e-13
64.61	4.54751e-13
64.615	1.36425e-12
64.62	1.36425e-12
64.625	1.819e-12
64.63	1.59162e-12
64.635	1.819e-12
64.64	1.36425e-12
64.645	1.819e-12
64.65	2.27375e-12
64.655	2.04638e-12
64.66	1.59162e-12
64.665	2.04638e-12
64.67	2.04638e-12
64.675	1.819e-12
64.68	2.04638e-12
64.685	1.59162e-12
64.69	2.27375e-12
64.695	2.95587e-12
64.7	2.95587e-12
64.705	2.27375e-12
64.71	2.04638e-12
64.715	2.27375e-12
64.72	2.27375e-12
64.725	1.819e-12
64.73	2.27375e-12
64.735	2.50112e-12
64.74	1.59162e-12
64.745	2.27375e-12
64.75	1.819e-12
64.755	1.819e-12
64.76	1.819e-12
64.765	6.82124e-13
64.77	9.09502e-13
64.775	0.0
64.78	9.09502e-13
64.785	1.13688e-12
64.79	2.27375e-13
64.795	-4.54751e-13
64.8	4.54751e-13
64.805	-6.82124e-13
64.81	-4.54751e-13
64.815	-1.13688e-12
64.82	-1.36425e-12
64.825	-1.13688e-12
64.83	-1.36425e-12
64.835	-2.27375e-12
64.84	-2.04638e-12
64.845	-2.27375e-12
64.85	-2.50112e-12
64.855	-2.27375e-12
64.86	-1.819e-12
64.865	-2.50112e-12
64.87	-2.95587e-12
64.875	-2.50112e-12
64.88	-1.819e-12
64.885	-2.50112e-12
64.89	-2.27375e-12
64.895	-2.27375e-12
64.9	-2.50112e-12
64.905	-2.04638e-12
64.91	-1.59162e-12
64.915	-6.82124e-13
64.92	-6.82124e-13
64.925	-2.27375e-13
64.93	-6.82124e-13
64.935	-6.82124e-13
64.94	0.0
64.945	4.54751e-13
64.95	4.54751e-13
64.955	1.13688e-12
64.96	4.54751e-13
64.965	0.0
64.97	0.0
64.975	1.13688e-12
64.98	1.59162e-12
64.985	1.36425e-12
64.99	1.819e-12
64.995	1.59162e-12
65.0	1.819e-12
65.005	1.59162e-12
65.01	1.819e-12
65.015	1.13688e-12
65.02	1.13688e-12
65.025	9.09502e-13
65.03	1.13688e-12
65.035	1.13688e-12
65.04	1.59162e-12
65.045	4.54751e-13
65.05	1.13688e-12
65.055	-2.27375e-13
65.06	0.0
65.065	-2.27375e-13
65.07	-6.82124e-13
65.075	0.0
65.08	-2.27375e-13
65.085	-4.54751e-13
65.09	-6.82124e-13
65.095	-6.82124e-13
65.1	-1.36425e-12
65.105	-1.13688e-12
65.11	-1.59162e-12
65.115	-1.819e-12
65.12	-1.36425e-12
65.125	-9.09502e-13
65.13	-4.54751e-13
65.135	-2.27375e-13
65.14	-4.54751e-13
65.145	-6.82124e-13
65.15	0.0
65.155	0.0
65.16	2.27375e-13
65.165	9.09502e-13
65.17	1.36425e-12
65.175	4.54751e-13
65.18	0.0
65.185	4.54751e-13
65.19	1.13688e-12
65.195	1.819e-12
65.2	2.04638e-12
65.205	2.27375e-12
65.21	2.04638e-12
65.215	2.27375e-12
65.22	2.7285e-12
65.225	2.7285e-12
65.23	2.95587e-12
65.235	2.95587e-12
65.24	3.63801e-12
65.245	3.63801e-12
65.25	4.32013e-12
65.255	4.32013e-12
65.26	4.09275e-12
65.265	3.86538e-12
65.27	4.32013e-12
65.275	4.32013e-12
65.28	3.63801e-12
65.285	4.32013e-12
65.29	4.09275e-12
65.295	3.63801e-12
65.3	3.63801e-12
65.305	3.63801e-12
65.31	3.63801e-12
65.315	2.95587e-12
65.32	2.95587e-12
65.325	1.13688e-12
65.33	1.13688e-12
65.335	9.09502e-13
65.34	9.09502e-13
65.345	6.82124e-13
65.35	0.0
65.355	-4.54751e-13
65.36	-9.09502e-13
65.365	-6.82124e-13
65.37	-1.36425e-12
65.375	-4.54751e-13
65.38	-2.04638e-12
65.385	-2.04638e-12
65.39	-2.04638e-12
65.395	-2.27375e-12
65.4	-2.04638e-12
65.405	-2.04638e-12
65.41	-2.50112e-12
65.415	-2.50112e-12
65.42	-2.50112e-12
65.425	-2.27375e-12
65.43	-1.36425e-12
65.435	-9.09502e-13
65.44	-1.819e-12
65.445	-1.819e-12
65.45	-1.13688e-12
65.455	-1.36425e-12
65.46	-1.13688e-12
65.465	-1.36425e-12
65.47	-1.13688e-12
65.475	-1.36425e-12
65.48	-9.09502e-13
65.485	0.0
65.49	-6.82124e-13
65.495	0.0
65.5	0.0
65.505	4.54751e-13
65.51	-4.54751e-13
65.515	0.0
65.52	0.0
65.525	4.54751e-13
65.53	2.27375e-13
65.535	4.54751e-13
65.54	9.09502e-13
65.545	9.09502e-13
65.55	1.13688e-12
65.555	1.13688e-12
65.56	6.82124e-13
65.565	1.13688e-12
65.57	1.13688e-12
65.575	1.13688e-12
65.58	1.819e-12
65.585	1.59162e-12
65.59	1.819e-12
65.595	1.819e-12
65.6	1.13688e-12
65.605	1.13688e-12
65.61	1.59162e-12
65.615	2.50112e-12
65.62	2.04638e-12
65.625	2.27375e-12
65.63	2.04638e-12
65.635	1.59162e-12
65.64	1.36425e-12
65.645	1.819e-12
65.65	1.13688e-12
65.655	1.36425e-12
65.66	1.36425e-12
65.665	1.13688e-12
65.67	1.13688e-12
65.675	1.59162e-12
65.68	1.13688e-12
65.685	1.59162e-12
65.69	1.13688e-12
65.695	1.13688e-12
65.7	1.36425e-12
65.705	1.13688e-12
65.71	1.13688e-12
65.715	2.27375e-13
65.72	1.13688e-12
65.725	2.27375e-13
65.73	9.09502e-13
65.735	4.54751e-13
65.74	6.82124e-13
65.745	0.0
65.75	0.0
65.755	0.0
65.76	-6.82124e-13
65.765	0.0
65.77	0.0
65.775	4.54751e-13
65.78	-4.54751e-13
65.785	-2.27375e-13
65.79	-2.27375e-13
65.795	0.0
65.8	-2.27375e-13
65.805	0.0
65.81	-2.27375e-13
65.815	-2.27375e-13
65.82	0.0
65.825	-2.27375e-13
65.83	-4.54751e-13
65.835	0.0
65.84	0.0
65.845	4.54751e-13
65.85	-2.27375e-13
65.855	-2.27375e-13
65.86	-4.54751e-13
65.865	0.0
65.87	4.54751e-13
65.875	4.54751e-13
65.88	6.82124e-13
65.885	0.0
65.89	0.0
65.895	0.0
65.9	0.0
65.905	6.82124e-13
65.91	1.13688e-12
65.915	9.09502e-13
65.92	6.82124e-13
65.925	6.82124e-13
65.93	1.13688e-12
65.935	1.36425e-12
65.94	1.13688e-12
65.945	1.13688e-12
65.95	2.04638e-12
65.955	1.819e-12
65.96	1.36425e-12
65.965	1.36425e-12
65.97	1.13688e-12
65.975	1.13688e-12
65.98	9.09502e-13
65.985	1.13688e-12
65.99	1.13688e-12
65.995	1.36425e-12
66.0	1.59162e-12
66.005	1.13688e-12
66.01	1.59162e-12
66.015	2.04638e-12
66.02	1.59162e-12
66.025	2.27375e-12
66.03	2.04638e-12
66.035	1.819e-12
66.04	1.59162e-12
66.045	1.13688e-12
66.05	1.13688e-12
66.055	1.819e-12
66.06	1.819e-12
66.065	2.04638e-12
66.07	1.36425e-12
66.075	1.819e-12
66.08	1.36425e-12
66.085	1.819e-12
66.09	2.27375e-12
66.095	2.04638e-12
66.1	1.36425e-12
66.105	6.82124e-13
66.11	1.13688e-12
66.115	4.54751e-13
66.12	2.04638e-12
66.125	1.819e-12
66.13	1.13688e-12
66.135	1.13688e-12
66.14	4.54751e-13
66.145	4.54751e-13
66.15	2.27375e-13
66.155	4.54751e-13
66.16	1.13688e-12
66.165	4.54751e-13
66.17	4.54751e-13
66.175	2.27375e-13
66.18	9.09502e-13
66.185	1.13688e-12
66.19	1.13688e-12
66.195	1.13688e-12
66.2	4.54751e-13
66.205	1.13688e-12
66.21	9.09502e-13
66.215	4.54751e-13
66.22	9.09502e-13
66.225	9.09502e-13
66.23	1.59162e-12
66.235	6.82124e-13
66.24	1.13688e-12
66.245	9.09502e-13
66.25	1.13688e-12
66.255	4.54751e-13
66.26	1.13688e-12
66.265	1.13688e-12
66.27	1.13688e-12
66.275	2.27375e-13
66.28	2.27375e-13
66.285	2.27375e-13
66.29	6.82124e-13
66.295	2.27375e-13
66.3	4.54751e-13
66.305	6.82124e-13
66.31	1.13688e-12
66.315	1.13688e-12
66.32	2.27375e-13
66.325	4.54751e-13
66.33	1.13688e-12
66.335	1.59162e-12
66.34	1.13688e-12
66.345	1.13688e-12
66.35	1.36425e-12
66.355	1.13688e-12
66.36	9.09502e-13
66.365	1.819e-12
66.37	1.819e-12
66.375	1.819e-12
66.38	1.36425e-12
66.385	2.27375e-12
66.39	2.27375e-12
66.395	2.7285e-12
66.4	1.819e-12
66.405	2.27375e-12
66.41	2.04638e-12
66.415	2.27375e-12
66.42	2.27375e-12
66.425	1.59162e-12
66.43	1.59162e-12
66.435	4.54751e-13
66.44	1.13688e-12
66.445	4.54751e-13
66.45	4.54751e-13
66.455	1.36425e-12
66.46	9.09502e-13
66.465	4.54751e-13
66.47	0.0
66.475	2.27375e-13
66.48	-6.82124e-13
66.485	-2.27375e-13
66.49	-1.13688e-12
66.495	-1.13688e-12
66.5	-1.36425e-12
66.505	-1.36425e-12
66.51	-6.82124e-13
66.515	-1.36425e-12
66.52	-1.36425e-12
66.525	-1.13688e-12
66.53	-1.59162e-12
66.535	-1.36425e-12
66.54	-1.13688e-12
66.545	-1.13688e-12
66.55	-6.82124e-13
66.555	-9.09502e-13
66.56	-6.82124e-13
66.565	-6.82124e-13
66.57	-6.82124e-13
66.575	-2.27375e-13
66.58	0.0
66.585	4.54751e-13
66.59	4.54751e-13
66.595	1.13688e-12
66.6	1.13688e-12
66.605	1.59162e-12
66.61	1.819e-12
66.615	9.09502e-13
66.62	1.819e-12
66.625	1.59162e-12
66.63	1.59162e-12
66.635	1.13688e-12
66.64	9.09502e-13
66.645	1.819e-12
66.65	1.13688e-12
66.655	1.59162e-12
66.66	1.13688e-12
66.665	1.13688e-12
66.67	9.09502e-13
66.675	4.54751e-13
66.68	6.82124e-13
66.685	0.0
66.69	0.0
66.695	-4.54751e-13
66.7	-1.36425e-12
66.705	-1.13688e-12
66.71	-1.13688e-12
66.715	-1.819e-12
66.72	-2.27375e-12
66.725	-2.04638e-12
66.73	-2.27375e-12
66.735	-2.50112e-12
66.74	-2.7285e-12
66.745	-2.50112e-12
66.75	-2.95587e-12
66.755	-2.27375e-12
66.76	-2.50112e-12
66.765	-2.50112e-12
66.77	-2.04638e-12
66.775	-1.59162e-12
66.78	-1.59162e-12
66.785	-1.36425e-12
66.79	-2.27375e-13
66.795	-2.27375e-13
66.8	4.54751e-13
66.805	0.0
66.81	0.0
66.815	9.09502e-13
66.82	1.819e-12
66.825	2.7285e-12
66.83	3.63801e-12
66.835	4.09275e-12
66.84	4.77487e-12
66.845	4.32013e-12
66.85	4.32013e-12
66.855	5.22962e-12
66.86	5.91174e-12
66.865	5.457e-12
66.87	6.13912e-12
66.875	6.36649e-12
66.88	6.13912e-12
66.885	6.13912e-12
66.89	5.457e-12
66.895	6.13912e-12
66.9	5.68437e-12
66.905	5.00225e-12
66.91	4.77487e-12
66.915	4.32013e-12
66.92	4.32013e-12
66.925	3.63801e-12
66.93	2.27375e-12
66.935	2.95587e-12
66.94	2.27375e-12
66.945	1.819e-12
66.95	6.82124e-13
66.955	4.54751e-13
66.96	4.54751e-13
66.965	0.0
66.97	-9.09502e-13
66.975	-6.82124e-13
66.98	-2.04638e-12
66.985	-2.50112e-12
66.99	-2.95587e-12
66.995	-3.18325e-12
67.0	-3.86538e-12
67.005	-4.5475e-12
67.01	-4.5475e-12
67.015	-4.5475e-12
67.02	-4.5475e-12
67.025	-5.00225e-12
67.03	-6.13912e-12
67.035	-5.22962e-12
67.04	-5.68437e-12
67.045	-5.22962e-12
67.05	-6.13912e-12
67.055	-5.00225e-12
67.06	-4.5475e-12
67.065	-4.09275e-12
67.07	-4.09275e-12
67.075	-4.32013e-12
67.08	-3.41062e-12
67.085	-2.95587e-12
67.09	-2.27375e-12
67.095	-2.04638e-12
67.1	-1.36425e-12
67.105	-2.27375e-13
67.11	0.0
67.115	4.54751e-13
67.12	1.59162e-12
67.125	2.04638e-12
67.13	2.95587e-12
67.135	2.95587e-12
67.14	3.63801e-12
67.145	4.77487e-12
67.15	4.77487e-12
67.155	5.00225e-12
67.16	4.77487e-12
67.165	5.22962e-12
67.17	5.457e-12
67.175	5.68437e-12
67.18	6.13912e-12
67.185	6.36649e-12
67.19	5.91174e-12
67.195	5.68437e-12
67.2	5.457e-12
67.205	4.77487e-12
67.21	4.5475e-12
67.215	4.77487e-12
67.22	4.09275e-12
67.225	3.63801e-12
67.23	2.50112e-12
67.235	2.27375e-12
67.24	1.819e-12
67.245	1.13688e-12
67.25	1.13688e-12
67.255	1.13688e-12
67.26	1.13688e-12
67.265	0.0
67.27	-2.27375e-13
67.275	-2.27375e-13
67.28	-2.27375e-13
67.285	-9.09502e-13
67.29	-6.82124e-13
67.295	-2.04638e-12
67.3	-1.36425e-12
67.305	-2.27375e-13
67.31	-1.36425e-12
67.315	-6.82124e-13
67.32	-1.36425e-12
67.325	-1.13688e-12
67.33	-9.09502e-13
67.335	-6.82124e-13
67.34	0.0
67.345	0.0
67.35	-2.27375e-13
67.355	2.27375e-13
67.36	4.54751e-13
67.365	4.54751e-13
67.37	1.13688e-12
67.375	9.09502e-13
67.38	1.59162e-12
67.385	1.819e-12
67.39	1.819e-12
67.395	1.59162e-12
67.4	1.36425e-12
67.405	1.36425e-12
67.41	1.819e-12
67.415	1.13688e-12
67.42	0.0
67.425	1.13688e-12
67.43	1.13688e-12
67.435	2.27375e-13
67.44	9.09502e-13
67.445	4.54751e-13
67.45	4.54751e-13
67.455	2.27375e-13
67.46	-4.54751e-13
67.465	-6.82124e-13
67.47	-6.82124e-13
67.475	-6.82124e-13
67.48	-9.09502e-13
67.485	-9.09502e-13
67.49	-1.13688e-12
67.495	-6.82124e-13
67.5	0.0
67.505	-9.09502e-13
67.51	-9.09502e-13
67.515	-2.27375e-13
67.52	-4.54751e-13
67.525	-6.82124e-13
67.53	-4.54751e-13
67.535	0.0
67.54	2.27375e-13
67.545	4.54751e-13
67.55	0.0
67.555	-6.82124e-13
67.56	0.0
67.565	1.13688e-12
67.57	4.54751e-13
67.575	4.54751e-13
67.58	0.0
67.585	6.82124e-13
67.59	1.819e-12
67.595	2.04638e-12
67.6	1.13688e-12
67.605	2.04638e-12
67.61	1.59162e-12
67.615	1.59162e-12
67.62	1.59162e-12
67.625	1.819e-12
67.63	1.13688e-12
67.635	1.819e-12
67.64	9.09502e-13
67.645	1.13688e-12
67.65	6.82124e-13
67.655	4.54751e-13
67.66	1.36425e-12
67.665	6.82124e-13
67.67	1.59162e-12
67.675	1.36425e-12
67.68	9.09502e-13
67.685	1.13688e-12
67.69	4.54751e-13
67.695	4.54751e-13
67.7	6.82124e-13
67.705	1.13688e-12
67.71	1.59162e-12
67.715	4.54751e-13
67.72	4.54751e-13
67.725	6.82124e-13
67.73	0.0
67.735	-2.27375e-13
67.74	-4.54751e-13
67.745	-2.27375e-13
67.75	-2.27375e-13
67.755	0.0
67.76	4.54751e-13
67.765	0.0
67.77	-6.82124e-13
67.775	0.0
67.78	6.82124e-13
67.785	-2.27375e-13
67.79	-4.54751e-13
67.795	-6.82124e-13
67.8	-6.82124e-13
67.805	0.0
67.81	-6.82124e-13
67.815	-6.82124e-13
67.82	0.0
67.825	-4.54751e-13
67.83	-1.36425e-12
67.835	-1.36425e-12
67.84	-6.82124e-13
67.845	-4.54751e-13
67.85	-2.27375e-13
67.855	-4.54751e-13
67.86	0.0
67.865	4.54751e-13
67.87	2.27375e-13
67.875	1.13688e-12
67.88	2.27375e-13
67.885	6.82124e-13
67.89	6.82124e-13
67.895	1.36425e-12
67.9	1.13688e-12
67.905	1.59162e-12
67.91	1.36425e-12
67.915	6.82124e-13
67.92	6.82124e-13
67.925	1.13688e-12
67.93	1.59162e-12
67.935	1.36425e-12
67.94	9.09502e-13
67.945	1.13688e-12
67.95	1.59162e-12
67.955	1.13688e-12
67.96	9.09502e-13
67.965	6.82124e-13
67.97	6.82124e-13
67.975	9.09502e-13
67.98	1.13688e-12
67.985	4.54751e-13
67.99	9.09502e-13
67.995	4.54751e-13
68.0	1.36425e-12
68.005	1.13688e-12
68.01	4.54751e-13
68.015	-2.27375e-13
68.02	9.09502e-13
68.025	1.13688e-12
68.03	2.27375e-13
68.035	4.54751e-13
68.04	0.0
68.045	0.0
68.05	-4.54751e-13
68.055	-6.82124e-13
68.06	2.27375e-13
68.065	0.0
68.07	0.0
68.075	4.54751e-13
68.08	0.0
68.085	0.0
68.09	-2.27375e-13
68.095	-2.27375e-13
68.1	-4.54751e-13
68.105	-2.27375e-13
68.11	2.27375e-13
68.115	0.0
68.12	0.0
68.125	0.0
68.13	9.09502e-13
68.135	4.54751e-13
68.14	6.82124e-13
68.145	1.13688e-12
68.15	6.82124e-13
68.155	9.09502e-13
68.16	1.59162e-12
68.165	1.36425e-12
68.17	1.59162e-12
68.175	2.04638e-12
68.18	2.27375e-12
68.185	1.819e-12
68.19	2.04638e-12
68.195	2.27375e-12
68.2	2.50112e-12
68.205	2.27375e-12
68.21	3.18325e-12
68.215	2.95587e-12
68.22	2.04638e-12
68.225	2.7285e-12
68.23	3.41062e-12
68.235	3.18325e-12
68.24	2.95587e-12
68.245	3.63801e-12
68.25	2.95587e-12
68.255	3.18325e-12
68.26	2.7285e-12
68.265	3.41062e-12
68.27	3.41062e-12
68.275	2.95587e-12
68.28	3.63801e-12
68.285	3.41062e-12
68.29	3.63801e-12
68.295	4.09275e-12
68.3	2.95587e-12
68.305	3.18325e-12
68.31	2.50112e-12
68.315	2.95587e-12
68.32	3.63801e-12
68.325	3.18325e-12
68.33	2.95587e-12
68.335	2.95587e-12
68.34	2.27375e-12
68.345	2.27375e-12
68.35	2.04638e-12
68.355	1.819e-12
68.36	2.04638e-12
68.365	2.27375e-12
68.37	1.13688e-12
68.375	1.819e-12
68.38	1.59162e-12
68.385	1.59162e-12
68.39	1.819e-12
68.395	1.59162e-12
68.4	1.36425e-12
68.405	2.04638e-12
68.41	1.59162e-12
68.415	1.819e-12
68.42	6.82124e-13
68.425	1.59162e-12
68.43	2.27375e-13
68.435	4.54751e-13
68.44	1.13688e-12
68.445	1.13688e-12
68.45	4.54751e-13
68.455	0.0
68.46	4.54751e-13
68.465	6.82124e-13
68.47	4.54751e-13
68.475	1.13688e-12
68.48	9.09502e-13
68.485	9.09502e-13
68.49	4.54751e-13
68.495	6.82124e-13
68.5	6.82124e-13
68.505	4.54751e-13
68.51	1.36425e-12
68.515	4.54751e-13
68.52	6.82124e-13
68.525	9.09502e-13
68.53	1.13688e-12
68.535	2.27375e-13
68.54	0.0
68.545	4.54751e-13
68.55	4.54751e-13
68.555	4.54751e-13
68.56	0.0
68.565	0.0
68.57	2.27375e-13
68.575	2.27375e-13
68.58	4.54751e-13
68.585	1.13688e-12
68.59	0.0
68.595	4.54751e-13
68.6	2.27375e-13
68.605	2.27375e-13
68.61	0.0
68.615	-2.27375e-13
68.62	0.0
68.625	0.0
68.63	0.0
68.635	-2.27375e-13
68.64	-2.27375e-13
68.645	0.0
68.65	-4.54751e-13
68.655	4.54751e-13
68.66	-2.27375e-13
68.665	-4.54751e-13
68.67	0.0
68.675	4.54751e-13
68.68	4.54751e-13
68.685	2.27375e-13
68.69	-2.27375e-13
68.695	0.0
68.7	0.0
68.705	9.09502e-13
68.71	1.36425e-12
68.715	9.09502e-13
68.72	4.54751e-13
68.725	6.82124e-13
68.73	1.59162e-12
68.735	1.59162e-12
68.74	1.36425e-12
68.745	9.09502e-13
68.75	1.36425e-12
68.755	1.13688e-12
68.76	1.13688e-12
68.765	1.13688e-12
68.77	1.13688e-12
68.775	1.13688e-12
68.78	1.13688e-12
68.785	1.13688e-12
68.79	1.13688e-12
68.795	1.36425e-12
68.8	1.13688e-12
68.805	1.13688e-12
68.81	1.36425e-12
68.815	1.36425e-12
68.82	6.82124e-13
68.825	9.09502e-13
68.83	6.82124e-13
68.835	4.54751e-13
68.84	1.13688e-12
68.845	4.54751e-13
68.85	2.27375e-13
68.855	0.0
68.86	2.27375e-13
68.865	0.0
68.87	0.0
68.875	-4.54751e-13
68.88	-4.54751e-13
68.885	0.0
68.89	-6.82124e-13
68.895	-4.54751e-13
68.9	0.0
68.905	-4.54751e-13
68.91	-6.82124e-13
68.915	-4.54751e-13
68.92	-6.82124e-13
68.925	-1.13688e-12
68.93	-9.09502e-13
68.935	-6.82124e-13
68.94	-4.54751e-13
68.945	-6.82124e-13
68.95	-6.82124e-13
68.955	4.54751e-13
68.96	0.0
68.965	0.0
68.97	4.54751e-13
68.975	4.54751e-13
68.98	4.54751e-13
68.985	2.27375e-13
68.99	1.13688e-12
68.995	4.54751e-13
69.0	1.13688e-12
69.005	1.36425e-12
69.01	1.819e-12
69.015	9.09502e-13
69.02	1.59162e-12
69.025	1.13688e-12
69.03	1.36425e-12
69.035	2.27375e-12
69.04	1.36425e-12
69.045	1.13688e-12
69.05	1.819e-12
69.055	2.27375e-12
69.06	1.819e-12
69.065	1.819e-12
69.07	1.36425e-12
69.075	1.59162e-12
69.08	1.36425e-12
69.085	6.82124e-13
69.09	6.82124e-13
69.095	1.36425e-12
69.1	1.59162e-12
69.105	1.36425e-12
69.11	6.82124e-13
69.115	9.09502e-13
69.12	1.59162e-12
69.125	1.13688e-12
69.13	9.09502e-13
69.135	9.09502e-13
69.14	4.54751e-13
69.145	1.13688e-12
69.15	1.13688e-12
69.155	6.82124e-13
69.16	1.59162e-12
69.165	4.54751e-13
69.17	0.0
69.175	6.82124e-13
69.18	9.09502e-13
69.185	4.54751e-13
69.19	1.13688e-12
69.195	1.13688e-12
69.2	9.09502e-13
69.205	9.09502e-13
69.21	1.13688e-12
69.215	4.54751e-13
69.22	1.13688e-12
69.225	1.13688e-12
69.23	1.13688e-12
69.235	1.59162e-12
69.24	1.36425e-12
69.245	6.82124e-13
69.25	4.54751e-13
69.255	2.27375e-13
69.26	1.13688e-12
69.265	1.13688e-12
69.27	6.82124e-13
69.275	6.82124e-13
69.28	1.13688e-12
69.285	1.13688e-12
69.29	9.09502e-13
69.295	6.82124e-13
69.3	9.09502e-13
69.305	4.54751e-13
69.31	4.54751e-13
69.315	9.09502e-13
69.32	4.54751e-13
69.325	6.82124e-13
69.33	9.09502e-13
69.335	4.54751e-13
69.34	4.54751e-13
69.345	-2.27375e-13
69.35	0.0
69.355	4.54751e-13
69.36	1.13688e-12
69.365	9.09502e-13
69.37	1.36425e-12
69.375	6.82124e-13
69.38	4.54751e-13
69.385	6.82124e-13
69.39	9.09502e-13
69.395	9.09502e-13
69.4	1.13688e-12
69.405	6.82124e-13
69.41	1.13688e-12
69.415	9.09502e-13
69.42	9.09502e-13
69.425	9.09502e-13
69.43	1.13688e-12
69.435	4.54751e-13
69.44	2.27375e-13
69.445	0.0
69.45	2.27375e-13
69.455	1.13688e-12
69.46	4.54751e-13
69.465	2.27375e-13
69.47	0.0
69.475	-4.54751e-13
69.48	0.0
69.485	0.0
69.49	2.27375e-13
69.495	4.54751e-13
69.5	0.0
69.505	2.27375e-13
69.51	0.0
69.515	0.0
69.52	0.0
69.525	0.0
69.53	0.0
69.535	0.0
69.54	6.82124e-13
69.545	2.27375e-13
69.55	9.09502e-13
69.555	9.09502e-13
69.56	9.09502e-13
69.565	2.27375e-13
69.57	1.13688e-12
69.575	1.36425e-12
69.58	1.59162e-12
69.585	2.04638e-12
69.59	2.27375e-12
69.595	2.7285e-12
69.6	3.18325e-12
69.605	2.95587e-12
69.61	2.50112e-12
69.615	2.7285e-12
69.62	2.95587e-12
69.625	3.63801e-12
69.63	3.41062e-12
69.635	2.95587e-12
69.64	3.18325e-12
69.645	2.95587e-12
69.65	3.86538e-12
69.655	2.95587e-12
69.66	3.41062e-12
69.665	2.95587e-12
69.67	2.7285e-12
69.675	2.7285e-12
69.68	2.50112e-12
69.685	2.7285e-12
69.69	2.27375e-12
69.695	1.819e-12
69.7	2.04638e-12
69.705	1.36425e-12
69.71	4.54751e-13
69.715	1.13688e-12
69.72	1.13688e-12
69.725	6.82124e-13
69.73	4.54751e-13
69.735	0.0
69.74	-4.54751e-13
69.745	-6.82124e-13
69.75	0.0
69.755	0.0
69.76	-4.54751e-13
69.765	-6.82124e-13
69.77	-6.82124e-13
69.775	-1.36425e-12
69.78	-1.13688e-12
69.785	-9.09502e-13
69.79	-1.13688e-12
69.795	-2.27375e-13
69.8	-1.13688e-12
69.805	-1.36425e-12
69.81	-6.82124e-13
69.815	-4.54751e-13
69.82	-2.27375e-13
69.825	-2.27375e-13
69.83	-1.59162e-12
69.835	0.0
69.84	-6.82124e-13
69.845	-2.27375e-13
69.85	-6.82124e-13
69.855	-2.27375e-13
69.86	0.0
69.865	0.0
69.87	-6.82124e-13
69.875	0.0
69.88	2.27375e-13
69.885	0.0
69.89	4.54751e-13
69.895	2.27375e-13
69.9	4.54751e-13
69.905	4.54751e-13
69.91	9.09502e-13
69.915	1.36425e-12
69.92	1.59162e-12
69.925	1.13688e-12
69.93	6.82124e-13
69.935	4.54751e-13
69.94	1.59162e-12
69.945	2.04638e-12
69.95	2.27375e-12
69.955	1.819e-12
69.96	2.27375e-12
69.965	1.819e-12
69.97	1.819e-12
69.975	1.36425e-12
69.98	2.04638e-12
69.985	1.819e-12
69.99	6.82124e-13
69.995	6.82124e-13
70.0	1.36425e-12
