pos	X
57.0	0.0
57.005	-4.54751e-13
57.01	-6.82124e-13
57.015	0.0
57.02	-4.54751e-13
57.025	0.0
57.03	-9.09502e-13
57.035	-9.09502e-13
57.04	-6.82124e-13
57.045	0.0
57.05	-6.82124e-13
57.055	4.54751e-13
57.06	0.0
57.065	-6.82124e-13
57.07	-4.54751e-13
57.075	-1.36425e-12
57.08	-1.13688e-12
57.085	-9.09502e-13
57.09	-9.09502e-13
57.095	-4.54751e-13
57.1	-6.82124e-13
57.105	-4.54751e-13
57.11	-6.82124e-13
57.115	-6.82124e-13
57.12	4.54751e-13
57.125	0.0
57.13	0.0
57.135	0.0
57.14	-2.27375e-13
57.145	4.54751e-13
57.15	1.13688e-12
57.155	-4.54751e-13
57.16	-6.82124e-13
57.165	-6.82124e-13
57.17	-4.54751e-13
57.175	0.0
57.18	-6.82124e-13
57.185	-6.82124e-13
57.19	6.82124e-13
57.195	4.54751e-13
57.2	-1.36425e-12
57.205	4.54751e-13
57.21	0.0
57.215	0.0
57.22	4.54751e-13
57.225	0.0
57.23	-1.36425e-12
57.235	2.27375e-13
57.24	4.54751e-13
57.245	-2.27375e-13
57.25	0.0
57.255	0.0
57.26	-6.82124e-13
57.265	0.0
57.27	6.82124e-13
57.275	1.59162e-12
57.28	1.13688e-12
57.285	-2.27375e-13
57.29	-6.82124e-13
57.295	-2.27375e-13
57.3	0.0
57.305	0.0
57.31	-2.27375e-13
57.315	-2.27375e-13
57.32	4.54751e-13
57.325	-4.54751e-13
57.33	-1.36425e-12
57.335	-6.82124e-13
57.34	-9.09502e-13
57.345	0.0
57.35	-6.82124e-13
57.355	-4.54751e-13
57.36	-9.09502e-13
57.365	-6.82124e-13
57.37	-6.82124e-13
57.375	-6.82124e-13
57.38	-4.54751e-13
57.385	4.54751e-13
57.39	0.0
57.395	-6.82124e-13
57.4	-6.82124e-13
57.405	2.27375e-13
57.41	-1.36425e-12
57.415	2.27375e-13
57.42	-4.54751e-13
57.425	-2.27375e-13
57.43	0.0
57.435	2.27375e-13
57.44	-6.82124e-13
57.445	-1.13688e-12
57.45	4.54751e-13
57.455	4.54751e-13
57.46	1.36425e-12
57.465	-1.36425e-12
57.47	0.0
57.475	2.27375e-13
57.48	9.09502e-13
57.485	1.13688e-12
57.49	-9.09502e-13
57.495	-4.54751e-13
57.5	6.82124e-13
57.505	4.54751e-13
57.51	6.82124e-13
57.515	-4.54751e-13
57.52	2.27375e-13
57.525	6.82124e-13
57.53	4.54751e-13
57.535	1.13688e-12
57.54	0.0
57.545	4.54751e-13
57.55	0.0
57.555	0.0
57.56	4.54751e-13
57.565	1.59162e-12
57.57	1.36425e-12
57.575	0.0
57.58	2.27375e-13
57.585	2.27375e-13
57.59	6.82124e-13
57.595	1.13688e-12
57.6	4.54751e-13
57.605	-6.82124e-13
57.61	-4.54751e-13
57.615	-1.36425e-12
57.62	-1.13688e-12
57.625	9.09502e-13
57.63	2.27375e-13
57.635	0.0
57.64	-9.09502e-13
57.645	-4.54751e-13
57.65	-2.27375e-13
57.655	-1.13688e-12
57.66	0.0
57.665	-6.82124e-13
57.67	-1.819e-12
57.675	-6.82124e-13
57.68	-2.04638e-12
57.685	-6.82124e-13
57.69	-1.59162e-12
57.695	-3.86538e-12
57.7	-3.86538e-12
57.705	-3.18325e-12
57.71	-3.63801e-12
57.715	-5.00225e-12
57.72	-4.32013e-12
57.725	-4.5475e-12
57.73	-6.36649e-12
57.735	-7.73076e-12
57.74	-1.06866e-11
57.745	-1.00045e-11
57.75	-1.11414e-11
57.755	-1.22782e-11
57.76	-1.31877e-11
57.765	-1.34151e-11
57.77	-1.52341e-11
57.775	-1.59163e-11
57.78	-1.59163e-11
57.785	-1.70531e-11
57.79	-1.88721e-11
57.795	-1.79626e-11
57.8	-1.86448e-11
57.805	-1.56889e-11
57.81	-1.47794e-11
57.815	-1.25056e-11
57.82	-1.20509e-11
57.825	-9.54975e-12
57.83	-5.68437e-12
57.835	-2.50112e-12
57.84	1.36425e-12
57.845	6.59386e-12
57.85	1.13687e-11
57.855	1.43246e-11
57.86	2.04637e-11
57.865	2.27375e-11
57.87	2.79671e-11
57.875	3.04683e-11
57.88	3.38789e-11
57.885	3.41063e-11
57.89	3.4561e-11
57.895	3.47884e-11
57.9	3.41063e-11
57.905	3.36515e-11
57.91	2.91041e-11
57.915	2.56933e-11
57.92	2.1828e-11
57.925	1.819e-11
57.93	1.22782e-11
57.935	6.59386e-12
57.94	2.95587e-12
57.945	6.82124e-13
57.95	-2.7285e-12
57.955	-5.00225e-12
57.96	-6.59386e-12
57.965	-6.36649e-12
57.97	-5.00225e-12
57.975	-4.09275e-12
57.98	-2.50112e-12
57.985	-2.27375e-13
57.99	2.7285e-12
57.995	5.457e-12
58.0	7.50339e-12
58.005	9.095e-12
58.01	1.11414e-11
58.015	1.29604e-11
58.02	1.29604e-11
58.025	1.4552e-11
58.03	1.52341e-11
58.035	1.72805e-11
58.04	1.61436e-11
58.045	1.31877e-11
58.05	1.25056e-11
58.055	1.22782e-11
58.06	1.02319e-11
58.065	7.95813e-12
58.07	5.457e-12
58.075	1.819e-12
58.08	2.27375e-13
58.085	-2.04638e-12
58.09	-4.5475e-12
58.095	-8.18551e-12
58.1	-9.32238e-12
58.105	-1.11414e-11
58.11	-1.2733e-11
58.115	-1.52341e-11
58.12	-1.6371e-11
58.125	-1.75079e-11
58.13	-1.88721e-11
58.135	-1.95542e-11
58.14	-2.06911e-11
58.145	-2.04637e-11
58.15	-2.1828e-11
58.155	-2.20554e-11
58.16	-2.22827e-11
58.165	-2.29649e-11
58.17	-2.25101e-11
58.175	-2.25101e-11
58.18	-2.20554e-11
58.185	-2.34196e-11
58.19	-2.25101e-11
58.195	-2.20554e-11
58.2	-2.11459e-11
58.205	-1.97816e-11
58.21	-1.95542e-11
58.215	-1.75079e-11
58.22	-1.6371e-11
58.225	-1.4552e-11
58.23	-1.43246e-11
58.235	-1.22782e-11
58.24	-1.00045e-11
58.245	-8.86763e-12
58.25	-7.50339e-12
58.255	-7.04861e-12
58.26	-5.91174e-12
58.265	-3.86538e-12
58.27	-2.27375e-12
58.275	-6.82124e-13
58.28	4.54751e-13
58.285	1.36425e-12
58.29	3.63801e-12
58.295	4.32013e-12
58.3	5.00225e-12
58.305	6.82124e-12
58.31	6.13912e-12
58.315	8.18551e-12
58.32	7.50339e-12
58.325	8.64026e-12
58.33	7.95813e-12
58.335	8.64026e-12
58.34	9.32238e-12
58.345	8.64026e-12
58.35	1.06866e-11
58.355	1.02319e-11
58.36	9.77712e-12
58.365	1.18235e-11
58.37	1.11414e-11
58.375	1.02319e-11
58.38	1.00045e-11
58.385	1.18235e-11
58.39	1.0914e-11
58.395	1.04592e-11
58.4	1.00045e-11
58.405	1.0914e-11
58.41	9.77712e-12
58.415	1.0914e-11
58.42	9.77712e-12
58.425	1.00045e-11
58.43	7.95813e-12
58.435	6.82124e-12
58.44	6.82124e-12
58.445	6.36649e-12
58.45	6.36649e-12
58.455	5.457e-12
58.46	5.457e-12
58.465	5.00225e-12
58.47	3.63801e-12
58.475	3.18325e-12
58.48	2.50112e-12
58.485	2.50112e-12
58.49	2.04638e-12
58.495	6.82124e-13
58.5	-2.27375e-13
58.505	-1.13688e-12
58.51	-1.36425e-12
58.515	-2.50112e-12
58.52	-3.86538e-12
58.525	-3.18325e-12
58.53	-5.00225e-12
58.535	-4.32013e-12
58.54	-5.457e-12
58.545	-5.00225e-12
58.55	-5.68437e-12
58.555	-5.68437e-12
58.56	-5.91174e-12
58.565	-5.68437e-12
58.57	-4.77487e-12
58.575	-5.22962e-12
58.58	-4.5475e-12
58.585	-4.77487e-12
58.59	-4.5475e-12
58.595	-5.00225e-12
58.6	-5.00225e-12
58.605	-5.00225e-12
58.61	-4.32013e-12
58.615	-5.00225e-12
58.62	-4.09275e-12
58.625	-4.5475e-12
58.63	-4.77487e-12
58.635	-4.32013e-12
58.64	-3.18325e-12
58.645	-3.63801e-12
58.65	-3.86538e-12
58.655	-2.50112e-12
58.66	-3.18325e-12
58.665	-2.04638e-12
58.67	-2.7285e-12
58.675	-3.41062e-12
58.68	-1.36425e-12
58.685	-1.36425e-12
58.69	-4.54751e-13
58.695	-6.82124e-13
58.7	0.0
58.705	-6.82124e-13
58.71	-6.82124e-13
58.715	-1.13688e-12
58.72	4.54751e-13
58.725	1.13688e-12
58.73	6.82124e-13
58.735	4.54751e-13
58.74	9.09502e-13
58.745	4.54751e-13
58.75	1.13688e-12
58.755	1.819e-12
58.76	2.27375e-13
58.765	9.09502e-13
58.77	2.27375e-12
58.775	1.819e-12
58.78	1.36425e-12
58.785	1.13688e-12
58.79	2.04638e-12
58.795	1.13688e-12
58.8	1.36425e-12
58.805	1.36425e-12
58.81	2.27375e-12
58.815	2.04638e-12
58.82	1.59162e-12
58.825	3.63801e-12
58.83	3.63801e-12
58.835	2.50112e-12
58.84	2.50112e-12
58.845	2.95587e-12
58.85	4.09275e-12
58.855	3.18325e-12
58.86	3.41062e-12
58.865	4.32013e-12
58.87	3.63801e-12
58.875	3.86538e-12
58.88	4.77487e-12
58.885	5.22962e-12
58.89	6.13912e-12
58.895	5.91174e-12
58.9	6.13912e-12
58.905	6.36649e-12
58.91	5.68437e-12
58.915	6.13912e-12
58.92	6.13912e-12
58.925	6.59386e-12
58.93	6.13912e-12
58.935	5.457e-12
58.94	5.22962e-12
58.945	4.77487e-12
58.95	3.86538e-12
58.955	2.27375e-12
58.96	9.09502e-13
58.965	-2.27375e-13
58.97	-6.82124e-13
58.975	-3.41062e-12
58.98	-3.41062e-12
58.985	-4.32013e-12
58.99	-7.50339e-12
58.995	-8.18551e-12
59.0	-1.06866e-11
59.005	-1.13687e-11
59.01	-1.25056e-11
59.015	-1.43246e-11
59.02	-1.4552e-11
59.025	-1.54615e-11
59.03	-1.4552e-11
59.035	-1.40972e-11
59.04	-1.25056e-11
59.045	-1.20509e-11
59.05	-1.11414e-11
59.055	-1.04592e-11
59.06	-9.095e-12
59.065	-5.91174e-12
59.07	-4.5475e-12
59.075	-3.41062e-12
59.08	-1.13688e-12
59.085	4.54751e-13
59.09	9.09502e-13
59.095	2.7285e-12
59.1	4.32013e-12
59.105	4.32013e-12
59.11	3.18325e-12
59.115	1.13688e-12
59.12	2.04638e-12
59.125	-6.82124e-13
59.13	-9.09502e-13
59.135	-2.04638e-12
59.14	-4.32013e-12
59.145	-5.22962e-12
59.15	-5.91174e-12
59.155	-7.50339e-12
59.16	-6.36649e-12
59.165	-7.04861e-12
59.17	-5.91174e-12
59.175	-7.50339e-12
59.18	-6.59386e-12
59.185	-4.32013e-12
59.19	-2.04638e-12
59.195	-9.09502e-13
59.2	0.0
59.205	4.54751e-13
59.21	2.27375e-12
59.215	3.86538e-12
59.22	6.13912e-12
59.225	6.82124e-12
59.23	8.64026e-12
59.235	6.82124e-12
59.24	8.86763e-12
59.245	1.04592e-11
59.25	1.06866e-11
59.255	1.04592e-11
59.26	1.06866e-11
59.265	1.11414e-11
59.27	1.06866e-11
59.275	1.02319e-11
59.28	1.06866e-11
59.285	1.11414e-11
59.29	1.04592e-11
59.295	1.11414e-11
59.3	1.11414e-11
59.305	9.77712e-12
59.31	9.32238e-12
59.315	9.54975e-12
59.32	7.73076e-12
59.325	7.95813e-12
59.33	8.41288e-12
59.335	8.18551e-12
59.34	6.59386e-12
59.345	5.22962e-12
59.35	5.68437e-12
59.355	5.22962e-12
59.36	5.457e-12
59.365	5.00225e-12
59.37	4.5475e-12
59.375	3.63801e-12
59.38	3.63801e-12
59.385	2.04638e-12
59.39	4.54751e-13
59.395	1.13688e-12
59.4	0.0
59.405	-1.36425e-12
59.41	-2.7285e-12
59.415	-2.27375e-12
59.42	-2.95587e-12
59.425	-2.50112e-12
59.43	-3.86538e-12
59.435	-4.32013e-12
59.44	-5.68437e-12
59.445	-5.68437e-12
59.45	-6.36649e-12
59.455	-6.82124e-12
59.46	-7.04861e-12
59.465	-7.73076e-12
59.47	-6.82124e-12
59.475	-7.50339e-12
59.48	-8.18551e-12
59.485	-8.64026e-12
59.49	-8.41288e-12
59.495	-8.64026e-12
59.5	-8.41288e-12
59.505	-8.18551e-12
59.51	-8.18551e-12
59.515	-8.18551e-12
59.52	-6.36649e-12
59.525	-7.50339e-12
59.53	-6.59386e-12
59.535	-6.13912e-12
59.54	-6.59386e-12
59.545	-5.00225e-12
59.55	-5.00225e-12
59.555	-4.09275e-12
59.56	-3.18325e-12
59.565	-4.5475e-12
59.57	-3.86538e-12
59.575	-2.04638e-12
59.58	-2.04638e-12
59.585	-1.819e-12
59.59	-2.04638e-12
59.595	-1.13688e-12
59.6	-9.09502e-13
59.605	4.54751e-13
59.61	9.09502e-13
59.615	1.36425e-12
59.62	1.13688e-12
59.625	1.819e-12
59.63	1.36425e-12
59.635	1.819e-12
59.64	2.95587e-12
59.645	1.13688e-12
59.65	1.819e-12
59.655	2.27375e-12
59.66	1.59162e-12
59.665	2.27375e-12
59.67	1.13688e-12
59.675	4.54751e-13
59.68	2.04638e-12
59.685	2.04638e-12
59.69	2.27375e-12
59.695	2.27375e-12
59.7	2.7285e-12
59.705	6.82124e-13
59.71	9.09502e-13
59.715	2.50112e-12
59.72	1.13688e-12
59.725	1.36425e-12
59.73	1.819e-12
59.735	4.54751e-13
59.74	1.13688e-12
59.745	6.82124e-13
59.75	1.819e-12
59.755	1.36425e-12
59.76	4.54751e-13
59.765	4.54751e-13
59.77	4.54751e-13
59.775	2.27375e-13
59.78	1.59162e-12
59.785	1.819e-12
59.79	9.09502e-13
59.795	2.27375e-13
59.8	1.59162e-12
59.805	6.82124e-13
59.81	-1.36425e-12
59.815	6.82124e-13
59.82	-4.54751e-13
59.825	0.0
59.83	2.27375e-13
59.835	0.0
59.84	-6.82124e-13
59.845	-6.82124e-13
59.85	-1.13688e-12
59.855	-2.27375e-13
59.86	-1.36425e-12
59.865	-1.36425e-12
59.87	-2.50112e-12
59.875	-6.82124e-13
59.88	-9.09502e-13
59.885	-1.13688e-12
59.89	-1.36425e-12
59.895	-1.13688e-12
59.9	-1.36425e-12
59.905	-1.59162e-12
59.91	-2.04638e-12
59.915	-2.50112e-12
59.92	-1.36425e-12
59.925	-2.50112e-12
59.93	-2.50112e-12
59.935	-2.04638e-12
59.94	-2.27375e-13
59.945	-1.36425e-12
59.95	2.27375e-13
59.955	-1.59162e-12
59.96	-4.54751e-13
59.965	-2.04638e-12
59.97	-2.04638e-12
59.975	-6.82124e-13
59.98	-2.04638e-12
59.985	-1.13688e-12
59.99	-6.82124e-13
59.995	-1.59162e-12
60.0	-1.13688e-12
