pos	X
57.0	-9.09502e-13
57.005	-6.82124e-13
57.01	-1.36425e-12
57.015	-2.04638e-12
57.02	-2.27375e-13
57.025	-4.54751e-13
57.03	0.0
57.035	4.54751e-13
57.04	6.82124e-13
57.045	-6.82124e-13
57.05	-2.27375e-13
57.055	0.0
57.06	-2.27375e-13
57.065	0.0
57.07	-4.54751e-13
57.075	-6.82124e-13
57.08	0.0
57.085	-2.27375e-13
57.09	-6.82124e-13
57.095	-4.54751e-13
57.1	-9.09502e-13
57.105	0.0
57.11	-2.27375e-13
57.115	0.0
57.12	-2.27375e-13
57.125	0.0
57.13	-2.27375e-13
57.135	-6.82124e-13
57.14	-1.36425e-12
57.145	4.54751e-13
57.15	-4.54751e-13
57.155	2.27375e-13
57.16	-9.09502e-13
57.165	-2.27375e-13
57.17	0.0
57.175	2.27375e-13
57.18	2.27375e-13
57.185	0.0
57.19	-6.82124e-13
57.195	-1.819e-12
57.2	2.27375e-13
57.205	-9.09502e-13
57.21	-1.36425e-12
57.215	-1.36425e-12
57.22	-2.27375e-13
57.225	-1.36425e-12
57.23	-1.13688e-12
57.235	0.0
57.24	0.0
57.245	-2.27375e-13
57.25	0.0
57.255	2.27375e-13
57.26	2.27375e-13
57.265	-4.54751e-13
57.27	-6.82124e-13
57.275	-4.54751e-13
57.28	-6.82124e-13
57.285	-6.82124e-13
57.29	-1.13688e-12
57.295	-6.82124e-13
57.3	4.54751e-13
57.305	-9.09502e-13
57.31	2.27375e-13
57.315	9.09502e-13
57.32	-2.27375e-13
57.325	4.54751e-13
57.33	4.54751e-13
57.335	-6.82124e-13
57.34	-9.09502e-13
57.345	-6.82124e-13
57.35	4.54751e-13
57.355	-6.82124e-13
57.36	4.54751e-13
57.365	-6.82124e-13
57.37	0.0
57.375	-4.54751e-13
57.38	-4.54751e-13
57.385	-4.54751e-13
57.39	4.54751e-13
57.395	4.54751e-13
57.4	6.82124e-13
57.405	4.54751e-13
57.41	4.54751e-13
57.415	6.82124e-13
57.42	6.82124e-13
57.425	-2.27375e-13
57.43	4.54751e-13
57.435	6.82124e-13
57.44	0.0
57.445	9.09502e-13
57.45	9.09502e-13
57.455	6.82124e-13
57.46	2.27375e-13
57.465	-6.82124e-13
57.47	2.27375e-13
57.475	1.13688e-12
57.48	4.54751e-13
57.485	-4.54751e-13
57.49	1.13688e-12
57.495	2.27375e-13
57.5	0.0
57.505	2.27375e-13
57.51	0.0
57.515	2.27375e-13
57.52	-4.54751e-13
57.525	0.0
57.53	1.13688e-12
57.535	1.13688e-12
57.54	1.13688e-12
57.545	6.82124e-13
57.55	1.13688e-12
57.555	4.54751e-13
57.56	1.59162e-12
57.565	1.13688e-12
57.57	1.819e-12
57.575	1.36425e-12
57.58	0.0
57.585	9.09502e-13
57.59	4.54751e-13
57.595	6.82124e-13
57.6	2.27375e-13
57.605	2.27375e-13
57.61	4.54751e-13
57.615	-2.27375e-13
57.62	6.82124e-13
57.625	2.27375e-13
57.63	6.82124e-13
57.635	1.13688e-12
57.64	-2.27375e-13
57.645	0.0
57.65	-1.36425e-12
57.655	-6.82124e-13
57.66	-6.82124e-13
57.665	-6.82124e-13
57.67	-2.50112e-12
57.675	-2.50112e-12
57.68	-1.59162e-12
57.685	-2.50112e-12
57.69	-1.819e-12
57.695	-1.13688e-12
57.7	-2.95587e-12
57.705	-4.5475e-12
57.71	-5.68437e-12
57.715	-5.68437e-12
57.72	-7.04861e-12
57.725	-7.27601e-12
57.73	-8.64026e-12
57.735	-1.00045e-11
57.74	-1.06866e-11
57.745	-1.20509e-11
57.75	-1.25056e-11
57.755	-1.43246e-11
57.76	-1.65984e-11
57.765	-1.77353e-11
57.77	-1.93269e-11
57.775	-1.90995e-11
57.78	-2.16006e-11
57.785	-2.04637e-11
57.79	-2.20554e-11
57.795	-2.25101e-11
57.8	-2.31922e-11
57.805	-2.47838e-11
57.81	-2.13732e-11
57.815	-2.04637e-11
57.82	-1.79626e-11
57.825	-1.47794e-11
57.83	-1.2733e-11
57.835	-7.27601e-12
57.84	-3.63801e-12
57.845	1.13688e-12
57.85	6.36649e-12
57.855	1.18235e-11
57.86	1.75079e-11
57.865	2.41017e-11
57.87	2.79671e-11
57.875	3.34242e-11
57.88	3.61526e-11
57.885	4.16096e-11
57.89	4.47928e-11
57.895	4.11549e-11
57.9	4.3656e-11
57.905	3.79716e-11
57.91	4.09275e-11
57.915	3.56979e-11
57.92	3.2742e-11
57.925	2.75123e-11
57.93	2.22827e-11
57.935	1.84174e-11
57.94	1.31877e-11
57.945	1.04592e-11
57.95	8.64026e-12
57.955	4.32013e-12
57.96	2.7285e-12
57.965	3.41062e-12
57.97	2.27375e-12
57.975	4.77487e-12
57.98	4.77487e-12
57.985	6.59386e-12
57.99	8.41288e-12
57.995	1.06866e-11
58.0	1.38698e-11
58.005	1.54615e-11
58.01	1.72805e-11
58.015	1.86448e-11
58.02	1.86448e-11
58.025	1.88721e-11
58.03	1.86448e-11
58.035	1.70531e-11
58.04	1.61436e-11
58.045	1.4552e-11
58.05	1.25056e-11
58.055	1.0914e-11
58.06	7.50339e-12
58.065	5.457e-12
58.07	1.13688e-12
58.075	-9.09502e-13
58.08	-4.5475e-12
58.085	-9.32238e-12
58.09	-1.34151e-11
58.095	-1.52341e-11
58.1	-1.819e-11
58.105	-2.02364e-11
58.11	-2.20554e-11
58.115	-2.38743e-11
58.12	-2.63755e-11
58.125	-2.79671e-11
58.13	-2.95588e-11
58.135	-3.06957e-11
58.14	-3.00135e-11
58.145	-3.31968e-11
58.15	-3.36515e-11
58.155	-3.13778e-11
58.16	-3.06957e-11
58.165	-2.81944e-11
58.17	-3.04683e-11
58.175	-2.75123e-11
58.18	-2.75123e-11
58.185	-2.70576e-11
58.19	-2.52386e-11
58.195	-2.45565e-11
58.2	-2.1828e-11
58.205	-2.13732e-11
58.21	-1.95542e-11
58.215	-1.88721e-11
58.22	-1.54615e-11
58.225	-1.43246e-11
58.23	-1.29604e-11
58.235	-1.0914e-11
58.24	-7.50339e-12
58.245	-5.00225e-12
58.25	-3.86538e-12
58.255	-1.13688e-12
58.26	0.0
58.265	1.59162e-12
58.27	4.54751e-13
58.275	5.22962e-12
58.28	6.13912e-12
58.285	8.64026e-12
58.29	9.095e-12
58.295	9.32238e-12
58.3	1.11414e-11
58.305	1.02319e-11
58.31	1.18235e-11
58.315	1.18235e-11
58.32	1.18235e-11
58.325	1.2733e-11
58.33	1.40972e-11
58.335	1.38698e-11
58.34	1.34151e-11
58.345	1.2733e-11
58.35	1.22782e-11
58.355	1.22782e-11
58.36	1.22782e-11
58.365	1.18235e-11
58.37	1.04592e-11
58.375	1.00045e-11
58.38	1.04592e-11
58.385	9.095e-12
58.39	8.64026e-12
58.395	8.41288e-12
58.4	8.64026e-12
58.405	8.18551e-12
58.41	6.82124e-12
58.415	6.36649e-12
58.42	6.59386e-12
58.425	5.22962e-12
58.43	4.09275e-12
58.435	5.00225e-12
58.44	2.95587e-12
58.445	3.86538e-12
58.45	1.819e-12
58.455	1.819e-12
58.46	-6.82124e-13
58.465	-6.82124e-13
58.47	-2.27375e-13
58.475	-4.54751e-13
58.48	-1.59162e-12
58.485	-2.95587e-12
58.49	-3.18325e-12
58.495	-2.50112e-12
58.5	-2.50112e-12
58.505	-3.41062e-12
58.51	-4.5475e-12
58.515	-4.32013e-12
58.52	-5.00225e-12
58.525	-5.457e-12
58.53	-4.77487e-12
58.535	-4.5475e-12
58.54	-5.68437e-12
58.545	-5.22962e-12
58.55	-5.457e-12
58.555	-5.91174e-12
58.56	-5.91174e-12
58.565	-5.22962e-12
58.57	-5.00225e-12
58.575	-3.63801e-12
58.58	-4.32013e-12
58.585	-5.00225e-12
58.59	-3.18325e-12
58.595	-2.50112e-12
58.6	-3.63801e-12
58.605	-1.36425e-12
58.61	-9.09502e-13
58.615	2.27375e-13
58.62	-9.09502e-13
58.625	2.27375e-13
58.63	2.27375e-13
58.635	-4.54751e-13
58.64	-4.54751e-13
58.645	4.54751e-13
58.65	-1.36425e-12
58.655	6.82124e-13
58.66	4.54751e-13
58.665	2.27375e-13
58.67	2.27375e-13
58.675	6.82124e-13
58.68	1.13688e-12
58.685	1.819e-12
58.69	1.819e-12
58.695	1.59162e-12
58.7	1.819e-12
58.705	4.54751e-13
58.71	2.27375e-13
58.715	4.54751e-13
58.72	2.27375e-13
58.725	6.82124e-13
58.73	9.09502e-13
58.735	1.13688e-12
58.74	1.13688e-12
58.745	1.13688e-12
58.75	9.09502e-13
58.755	0.0
58.76	0.0
58.765	2.27375e-13
58.77	6.82124e-13
58.775	4.54751e-13
58.78	-2.27375e-13
58.785	2.27375e-12
58.79	1.59162e-12
58.795	6.82124e-13
58.8	6.82124e-13
58.805	2.27375e-12
58.81	2.04638e-12
58.815	1.59162e-12
58.82	2.27375e-12
58.825	2.27375e-12
58.83	2.04638e-12
58.835	2.7285e-12
58.84	2.7285e-12
58.845	2.50112e-12
58.85	3.18325e-12
58.855	2.04638e-12
58.86	2.50112e-12
58.865	3.41062e-12
58.87	3.63801e-12
58.875	4.32013e-12
58.88	5.00225e-12
58.885	4.77487e-12
58.89	5.91174e-12
58.895	6.13912e-12
58.9	7.27601e-12
58.905	6.82124e-12
58.91	7.95813e-12
58.915	7.27601e-12
58.92	7.27601e-12
58.925	8.64026e-12
58.93	7.27601e-12
58.935	7.50339e-12
58.94	7.27601e-12
58.945	6.59386e-12
58.95	6.13912e-12
58.955	4.09275e-12
58.96	2.95587e-12
58.965	2.27375e-12
58.97	0.0
58.975	-2.27375e-12
58.98	-3.63801e-12
58.985	-5.91174e-12
58.99	-7.27601e-12
58.995	-9.54975e-12
59.0	-1.00045e-11
59.005	-1.29604e-11
59.01	-1.56889e-11
59.015	-1.59163e-11
59.02	-1.72805e-11
59.025	-1.6371e-11
59.03	-1.88721e-11
59.035	-1.68258e-11
59.04	-1.70531e-11
59.045	-1.70531e-11
59.05	-1.4552e-11
59.055	-1.38698e-11
59.06	-1.20509e-11
59.065	-1.11414e-11
59.07	-9.095e-12
59.075	-7.73076e-12
59.08	-4.77487e-12
59.085	-3.18325e-12
59.09	-1.36425e-12
59.095	-6.82124e-13
59.1	6.82124e-13
59.105	6.82124e-13
59.11	1.59162e-12
59.115	9.09502e-13
59.12	-2.27375e-13
59.125	-6.82124e-13
59.13	-2.04638e-12
59.135	-2.50112e-12
59.14	-3.63801e-12
59.145	-4.5475e-12
59.15	-5.68437e-12
59.155	-6.82124e-12
59.16	-6.36649e-12
59.165	-6.36649e-12
59.17	-6.82124e-12
59.175	-5.00225e-12
59.18	-3.86538e-12
59.185	-2.95587e-12
59.19	-1.13688e-12
59.195	6.82124e-13
59.2	2.95587e-12
59.205	4.32013e-12
59.21	6.36649e-12
59.215	7.27601e-12
59.22	9.32238e-12
59.225	9.77712e-12
59.23	1.25056e-11
59.235	1.29604e-11
59.24	1.2733e-11
59.245	1.40972e-11
59.25	1.40972e-11
59.255	1.59163e-11
59.26	1.40972e-11
59.265	1.59163e-11
59.27	1.52341e-11
59.275	1.43246e-11
59.28	1.43246e-11
59.285	1.22782e-11
59.29	1.2733e-11
59.295	1.20509e-11
59.3	1.18235e-11
59.305	1.11414e-11
59.31	1.11414e-11
59.315	7.95813e-12
59.32	7.50339e-12
59.325	7.27601e-12
59.33	7.95813e-12
59.335	6.82124e-12
59.34	6.82124e-12
59.345	5.457e-12
59.35	4.77487e-12
59.355	2.95587e-12
59.36	1.819e-12
59.365	1.36425e-12
59.37	1.36425e-12
59.375	6.82124e-13
59.38	2.27375e-13
59.385	-1.36425e-12
59.39	-6.82124e-13
59.395	-2.27375e-12
59.4	-2.95587e-12
59.405	-3.63801e-12
59.41	-4.32013e-12
59.415	-5.00225e-12
59.42	-7.04861e-12
59.425	-7.04861e-12
59.43	-8.64026e-12
59.435	-7.04861e-12
59.44	-7.50339e-12
59.445	-7.50339e-12
59.45	-7.73076e-12
59.455	-7.27601e-12
59.46	-7.73076e-12
59.465	-7.73076e-12
59.47	-7.95813e-12
59.475	-8.64026e-12
59.48	-7.50339e-12
59.485	-6.82124e-12
59.49	-6.82124e-12
59.495	-7.50339e-12
59.5	-7.50339e-12
59.505	-6.36649e-12
59.51	-7.04861e-12
59.515	-5.68437e-12
59.52	-6.36649e-12
59.525	-5.22962e-12
59.53	-4.32013e-12
59.535	-3.86538e-12
59.54	-4.5475e-12
59.545	-3.41062e-12
59.55	-2.50112e-12
59.555	-2.04638e-12
59.56	-1.36425e-12
59.565	-1.59162e-12
59.57	-1.36425e-12
59.575	-4.54751e-13
59.58	0.0
59.585	6.82124e-13
59.59	6.82124e-13
59.595	-6.82124e-13
59.6	1.36425e-12
59.605	1.59162e-12
59.61	1.36425e-12
59.615	1.13688e-12
59.62	2.27375e-12
59.625	2.04638e-12
59.63	9.09502e-13
59.635	1.819e-12
59.64	1.819e-12
59.645	2.04638e-12
59.65	4.54751e-13
59.655	1.819e-12
59.66	1.13688e-12
59.665	9.09502e-13
59.67	2.04638e-12
59.675	9.09502e-13
59.68	1.36425e-12
59.685	0.0
59.69	9.09502e-13
59.695	1.13688e-12
59.7	-4.54751e-13
59.705	4.54751e-13
59.71	-6.82124e-13
59.715	-1.36425e-12
59.72	-6.82124e-13
59.725	-4.54751e-13
59.73	-1.36425e-12
59.735	-1.13688e-12
59.74	0.0
59.745	-6.82124e-13
59.75	0.0
59.755	-6.82124e-13
59.76	-2.27375e-13
59.765	2.27375e-13
59.77	6.82124e-13
59.775	-9.09502e-13
59.78	-2.27375e-13
59.785	-4.54751e-13
59.79	0.0
59.795	0.0
59.8	-2.27375e-13
59.805	-2.27375e-13
59.81	-4.54751e-13
59.815	-2.27375e-13
59.82	-4.54751e-13
59.825	0.0
59.83	-4.54751e-13
59.835	-9.09502e-13
59.84	-2.27375e-13
59.845	-1.13688e-12
59.85	-1.36425e-12
59.855	-2.7285e-12
59.86	-1.819e-12
59.865	-6.82124e-13
59.87	-4.54751e-13
59.875	-2.04638e-12
59.88	-1.13688e-12
59.885	-6.82124e-13
59.89	-6.82124e-13
59.895	-1.13688e-12
59.9	-1.819e-12
59.905	-6.82124e-13
59.91	-2.27375e-13
59.915	0.0
59.92	-4.54751e-13
59.925	-1.819e-12
59.93	-1.13688e-12
59.935	-1.819e-12
59.94	-1.819e-12
59.945	-6.82124e-13
59.95	-9.09502e-13
59.955	-2.27375e-13
59.96	-1.36425e-12
59.965	-1.13688e-12
59.97	-2.04638e-12
59.975	-1.36425e-12
59.98	-1.59162e-12
59.985	-1.59162e-12
59.99	-1.59162e-12
59.995	-2.50112e-12
60.0	-2.7285e-12
