pos X
390.26999138183794 1.819e-12
390.3033477913578 1.819e-12
390.33670420087753 2.27375e-12
390.3700606103974 2.27375e-12
390.40341701991724 2.04638e-12
390.436773429437 2.04638e-12
390.47012983895684 2.27375e-12
390.50348624847663 2.27375e-12
390.5368426579965 2.27375e-12
390.5701990675163 2.27375e-12
390.6035554770361 1.819e-12
390.63691188655594 1.819e-12
390.67026829607573 2.27375e-12
390.70362470559553 2.04638e-12
390.7369811151154 2.04638e-12
390.7703375246352 2.04638e-12
390.803693934155 2.27375e-12
390.83705034367483 2.27375e-12
390.87040675319463 2.04638e-12
390.9037631627144 2.27375e-12
390.9371195722343 2.27375e-12
390.970475981754 2.27375e-12
391.0038323912739 2.04638e-12
391.03718880079373 2.04638e-12
391.07054521031347 2.04638e-12
391.1039016198333 2.27375e-12
391.1372580293532 2.7285e-12
391.1706144388729 2.50112e-12
391.20397084839277 2.7285e-12
391.2373272579126 2.50112e-12
391.27068366743237 2.27375e-12
391.3040400769522 2.50112e-12
391.337396486472 2.27375e-12
391.3707528959918 2.27375e-12
391.40410930551167 2.27375e-12
391.43746571503146 1.819e-12
391.47082212455126 1.819e-12
391.5041785340711 2.04638e-12
391.5375349435909 2.27375e-12
391.57089135311077 2.50112e-12
391.60424776263056 2.27375e-12
391.63760417215036 1.819e-12
391.6709605816702 2.04638e-12
391.70431699119 2.04638e-12
391.7376734007098 1.819e-12
391.77102981022966 2.27375e-12
391.8043862197494 2.27375e-12
391.83774262926926 2.27375e-12
391.8710990387891 2.27375e-12
391.90445544830885 2.27375e-12
391.9378118578287 2.27375e-12
391.97116826734856 2.04638e-12
392.0045246768683 1.819e-12
392.03788108638815 2.04638e-12
392.071237495908 2.27375e-12
392.10459390542775 2.27375e-12
392.1379503149476 2.04638e-12
392.1713067244674 1.819e-12
392.2046631339872 1.819e-12
392.23801954350705 2.04638e-12
392.27137595302685 2.27375e-12
392.30473236254664 2.27375e-12
392.3380887720665 2.27375e-12
392.3714451815863 
392.4048015911061 
392.43815800062595 
392.47151441014574 
392.50487081966554 
392.5382272291854 
392.5715836387052 
392.604940048225 
392.6382964577448 
392.67165286726464 
392.7050092767845 
392.73836568630423 
392.7717220958241 
392.80507850534394 
392.8384349148637 
392.87179132438354 
392.9051477339034 
392.93850414342313 
392.971860552943 
393.0052169624628 
393.0385733719826 
393.07192978150243 
393.10528619102223 
393.138642600542 
393.1719990100619 
393.2053554195817 
393.2387118291015 
393.27206823862133 
393.3054246481411 
393.3387810576609 
393.3721374671808 
393.4054938767006 
393.4388502862204 
393.47220669574017 
393.50556310526 
393.5389195147798 
393.5722759242996 
393.60563233381947 
393.63898874333927 
393.67234515285907 
393.7057015623789 
393.7390579718988 
393.7724143814185 
393.80577079093837 
393.83912720045817 
393.87248360997796 
393.9058400194978 
393.9391964290176 
393.9725528385374 
394.00590924805726 
394.03926565757706 
394.07262206709686 
394.1059784766167 
394.1393348861365 
394.1726912956563 
394.20604770517616 
394.23940411469596 
394.27276052421576 
394.30611693373555 
394.3394733432554 
394.3728297527752 
394.406186162295 
394.43954257181485 
394.47289898133465 
394.50625539085445 
394.5396118003743 
394.5729682098941 
394.6063246194139 
394.63968102893375 
394.67303743845355 
394.70639384797335 
394.7397502574932 
394.773106667013 
394.8064630765328 
394.83981948605265 
394.87317589557244 
394.90653230509224 
394.9398887146121 
394.9732451241319 
395.0066015336517 
395.03995794317154 
395.07331435269134 
395.10667076221114 
395.14002717173094 
395.1733835812508 
395.2067399907706 
395.2400964002904 
395.27345280981024 
395.30680921933003 
395.34016562884983 
395.3735220383697 
395.4068784478895 
395.4402348574093 
395.47359126692913 
395.50694767644893 
395.5403040859687 
395.5736604954886 
395.6070169050084 
395.6403733145282 
395.67372972404803 
395.7070861335678 
395.7404425430876 
395.7737989526075 
395.8071553621273 
395.8405117716471 
395.8738681811669 
395.9072245906867 
395.9405810002065 
395.9739374097263 
396.0072938192462 
396.04065022876597 
396.07400663828577 
396.1073630478056 
396.1407194573254 
396.1740758668452 
396.20743227636507 
396.24078868588487 
396.27414509540466 
396.3075015049245 
396.3408579144443 
396.3742143239641 
396.40757073348396 
396.44092714300376 
396.47428355252356 
396.5076399620434 
396.5409963715632 
396.574352781083 
396.60770919060286 
396.64106560012266 
396.67442200964246 
396.7077784191623 
396.7411348286821 
396.7744912382019 
396.8078476477217 
396.84120405724155 
396.87456046676135 
396.90791687628115 
396.941273285801 
396.9746296953208 
397.0079861048406 
397.04134251436045 
397.07469892388025 
397.10805533340005 
397.1414117429199 
397.1747681524397 
397.2081245619595 
397.24148097147935 
397.27483738099914 
397.30819379051894 
397.3415502000388 
397.3749066095586 
397.4082630190784 
397.44161942859824 
397.47497583811804 
397.50833224763784 
397.5416886571577 
397.5750450666775 
397.6084014761973 
397.6417578857171 
397.67511429523694 
397.70847070475673 
397.74182711427653 
397.7751835237964 
397.8085399333162 
397.841896342836 
397.87525275235583 
397.90860916187563 
397.94196557139543 
397.9753219809153 
398.008678390435 
398.0420347999549 
398.07539120947473 
398.10874761899447 
398.1421040285143 
398.1754604380342 
398.208816847554 
398.2421732570738 
398.2755296665936 
398.3088860761134 
398.3422424856332 
398.3755988951531 
398.4089553046729 
398.44231171419267 
398.47566812371247 
398.5090245332323 
398.5423809427521 
398.5757373522719 
398.60909376179177 
398.64245017131157 
398.67580658083136 
398.7091629903512 
398.742519399871 
398.7758758093908 
398.80923221891067 
398.8425886284304 
398.87594503795026 
398.9093014474701 
398.94265785698985 
398.9760142665097 
399.00937067602956 
399.0427270855493 
399.07608349506916 
399.109439904589 
399.14279631410875 
399.1761527236286 
399.20950913314846 
399.24286554266826 
399.27622195218805 
399.30957836170785 
399.3429347712277 
399.3762911807475 
399.4096475902673 
399.44300399978715 
399.47636040930695 
399.50971681882675 
399.5430732283466 
399.5764296378664 
399.6097860473862 
399.64314245690605 
399.6764988664258 
399.70985527594564 
399.7432116854655 
399.77656809498524 
399.8099245045051 
399.84328091402494 
399.8766373235447 
399.90999373306454 
399.9433501425844 
399.97670655210413 
400.010062961624 
400.04341937114384 
400.0767757806636 
400.11013219018344 
400.14348859970323 
400.17684500922303 
400.2102014187429 
400.2435578282627 
400.27691423778253 
400.31027064730233 
400.34362705682213 
400.376983466342 
400.4103398758618 
400.4436962853816 
400.47705269490143 
400.51040910442117 
400.543765513941 
400.5771219234609 
400.6104783329806 
400.6438347425005 
400.6771911520203 
400.71054756154007 
400.7439039710599 
400.7772603805798 
400.8106167900995 
400.84397319961937 
400.8773296091392 
400.91068601865896 
400.9440424281788 
400.9773988376986 
401.0107552472184 
401.04411165673827 
401.07746806625806 
401.11082447577786 
401.1441808852977 
401.1775372948175 
401.2108937043373 
401.24425011385716 
401.27760652337696 
401.31096293289676 
401.34431934241655 
401.3776757519364 
401.41103216145626 
401.444388570976 
401.47774498049586 
401.5111013900157 
401.54445779953545 
401.5778142090553 
401.61117061857516 
401.6445270280949 
401.67788343761475 
401.7112398471346 
401.74459625665435 
401.7779526661742 
401.811309075694 
401.8446654852138 
401.87802189473365 
401.91137830425345 
401.94473471377324 
401.9780911232931 
402.0114475328129 
402.0448039423327 
402.07816035185255 
402.11151676137234 
402.14487317089214 
402.17822958041194 
402.2115859899318 
402.2449423994516 
402.2782988089714 
402.31165521849124 
402.34501162801104 
402.37836803753083 
402.4117244470507 
402.44508085657054 
402.4784372660903 
402.51179367561014 
402.54515008513 
402.57850649464973 
402.6118629041696 
402.6452193136894 
402.6785757232092 
402.71193213272903 
402.74528854224883 
402.7786449517686 
402.8120013612885 
402.8453577708083 
402.8787141803281 
402.91207058984793 
402.9454269993677 
402.9787834088875 
403.0121398184073 
403.0454962279272 
403.07885263744697 
403.11220904696677 
403.1455654564866 
403.1789218660064 
403.2122782755262 
403.24563468504607 
403.27899109456587 
403.31234750408566 
403.3457039136055 
403.3790603231253 
403.4124167326451 
403.44577314216497 
403.47912955168476 
403.51248596120456 
403.5458423707244 
403.5791987802442 
403.612555189764 
403.64591159928386 
403.67926800880366 
403.71262441832346 
403.7459808278433 
403.7793372373631 
403.8126936468829 
403.8460500564027 
403.87940646592256 
403.91276287544235 
403.94611928496215 
403.979475694482 
404.0128321040018 
404.0461885135216 
404.07954492304145 
404.11290133256125 
404.14625774208105 
404.1796141516009 
404.2129705611207 
404.2463269706405 
404.27968338016035 
404.31303978968015 
404.34639619919994 
404.3797526087198 
404.4131090182396 
404.4464654277594 
404.47982183727925 
404.51317824679904 
404.54653465631884 
404.5798910658387 
404.6132474753585 
404.6466038848783 
404.6799602943981 
404.71331670391794 
404.74667311343774 
404.78002952295753 
404.8133859324774 
404.8467423419972 
404.880098751517 
404.91345516103684 
404.94681157055663 
404.98016798007643 
405.0135243895963 
405.0468807991161 
405.0802372086359 
405.11359361815573 
405.14695002767553 
405.1803064371953 
405.2136628467152 
405.247019256235 
405.2803756657548 
405.31373207527463 
405.3470884847944 
405.3804448943142 
405.4138013038341 
405.4471577133539 
405.48051412287367 
405.51387053239347 
405.5472269419133 
405.5805833514331 
405.6139397609529 
405.64729617047277 
405.68065257999257 
405.71400898951237 
405.7473653990322 
405.780721808552 
405.8140782180718 
405.84743462759167 
405.88079103711146 
405.91414744663126 
405.9475038561511 
405.9808602656709 
406.0142166751907 
406.04757308471056 
406.08092949423036 
406.11428590375016 
406.14764231327 
406.1809987227898 
406.2143551323096 
406.24771154182946 
406.28106795134926 
406.31442436086905 
406.34778077038885 
406.3811371799087 
406.4144935894285 
406.4478499989483 
406.48120640846815 
406.51456281798795 
406.54791922750775 
406.5812756370276 
406.6146320465474 
406.6479884560672 
406.68134486558705 
406.71470127510685 
406.74805768462664 
406.7814140941465 
406.81477050366624 
406.8481269131861 
406.88148332270595 
406.91483973222574 
406.94819614174554 
406.9815525512654 
407.0149089607852 
407.048265370305 
407.08162177982484 
407.11497818934464 
407.14833459886444 
407.18169100838423 
407.2150474179041 
407.2484038274239 
407.2817602369437 
407.31511664646354 
407.34847305598333 
407.38182946550313 
407.415185875023 
407.4485422845428 
407.4818986940626 
407.51525510358243 
407.54861151310223 
407.581967922622 
407.6153243321419 
407.6486807416616 
407.6820371511815 
407.71539356070133 
407.74874997022107 
407.7821063797409 
407.8154627892608 
407.8488191987805 
407.8821756083004 
407.9155320178202 
407.94888842734 
407.9822448368598 
408.0156012463796 
408.04895765589947 
408.08231406541927 
408.11567047493907 
408.1490268844589 
408.1823832939787 
408.2157397034985 
408.24909611301837 
408.28245252253816 
408.31580893205796 
408.3491653415778 
408.3825217510976 
408.4158781606174 
408.44923457013726 
408.482590979657 
408.51594738917686 
408.5493037986967 
408.58266020821645 
408.6160166177363 
408.64937302725616 
408.6827294367759 
408.71608584629575 
408.7494422558156 
408.78279866533535 
408.8161550748552 
408.849511484375 
408.8828678938948 
408.91622430341465 
408.94958071293445 
408.98293712245425 
409.0162935319741 
409.0496499414939 
409.08300635101375 
409.11636276053355 
409.14971917005334 
409.1830755795732 
409.216431989093 
409.2497883986128 
409.28314480813265 
409.3165012176524 
409.34985762717224 
409.3832140366921 
409.41657044621184 
409.4499268557317 
409.48328326525154 
409.5166396747713 
409.54999608429114 
409.583352493811 
409.61670890333073 
409.6500653128506 
409.6834217223704 
409.7167781318902 
409.75013454141003 
409.78349095092983 
409.81684736044963 
409.8502037699695 
409.8835601794893 
409.9169165890091 
409.95027299852893 
409.9836294080487 
410.0169858175685 
410.0503422270884 
410.0836986366082 
410.11705504612803 
410.15041145564777 
410.1837678651676 
410.2171242746875 
410.2504806842072 
410.2838370937271 
410.3171935032469 
410.35054991276667 
410.3839063222865 
410.4172627318064 
410.4506191413261 
410.48397555084597 
410.51733196036577 
410.55068836988556 
410.5840447794054 
410.6174011889252 
410.650757598445 
410.68411400796487 
410.71747041748466 
410.75082682700446 
410.7841832365243 
410.8175396460441 
410.8508960555639 
410.88425246508376 
410.91760887460356 
410.95096528412336 
410.98432169364315 
411.017678103163 
411.0510345126828 
411.0843909222026 
411.11774733172246 
411.1511037412423 
411.18446015076205 
411.2178165602819 
411.25117296980176 
411.2845293793215 
411.31788578884135 
411.35124219836115 
411.38459860788095 
411.4179550174008 
411.4513114269206 
411.4846678364404 
411.51802424596025 
411.55138065548005 
411.58473706499984 
411.6180934745197 
411.6514498840395 
411.6848062935593 
411.71816270307914 
411.75151911259894 
411.78487552211874 
411.81823193163854 
411.8515883411584 
411.8849447506782 
411.918301160198 
411.95165756971784 
411.98501397923764 
412.01837038875743 
412.0517267982773 
412.0850832077971 
412.1184396173169 
412.15179602683673 
412.18515243635653 
412.21850884587633 
412.2518652553962 
412.285221664916 
412.3185780744358 
412.35193448395563 
412.3852908934754 
412.4186473029952 
412.4520037125151 
412.4853601220349 
412.5187165315547 
412.5520729410745 
412.5854293505943 
412.6187857601141 
412.6521421696339 
412.6854985791538 
412.71885498867357 
412.75221139819337 
412.7855678077132 
412.818924217233 
412.8522806267528 
412.88563703627267 
412.91899344579247 
412.95234985531226 
412.9857062648321 
413.0190626743519 
413.0524190838717 
413.08577549339157 
413.11913190291136 
413.15248831243116 
413.185844721951 
413.2192011314708 
413.2525575409906 
413.28591395051046 
413.31927036003026 
413.35262676955006 
413.3859831790699 
413.4193395885897 
413.4526959981095 
413.4860524076293 
413.51940881714916 
413.55276522666895 
413.58612163618875 
413.6194780457086 
413.6528344552284 
413.6861908647482 
413.71954727426805 
413.75290368378785 
413.78626009330765 
413.8196165028275 
413.8529729123473 
413.8863293218671 
413.91968573138695 
413.95304214090675 
413.98639855042654 
414.0197549599464 
414.0531113694662 
414.086467778986 
414.11982418850585 
414.15318059802564 
414.18653700754544 
414.2198934170653 
414.2532498265851 
414.2866062361049 
414.3199626456247 
414.35331905514454 
414.38667546466434 
414.42003187418413 
414.453388283704 
414.4867446932238 
414.5201011027436 
414.55345751226344 
414.58681392178323 
414.62017033130303 
414.6535267408229 
414.6868831503427 
414.7202395598625 
414.75359596938233 
414.78695237890213 
414.8203087884219 
414.8536651979418 
414.8870216074616 
414.9203780169814 
414.9537344265012 
414.987090836021 
415.0204472455408 
415.0538036550607 
415.0871600645805 
415.12051647410027 
415.15387288362007 
415.1872292931399 
415.2205857026597 
415.2539421121795 
415.28729852169937 
415.32065493121917 
415.35401134073896 
415.3873677502588 
415.4207241597786 
415.4540805692984 
415.48743697881827 
415.520793388338 
415.55414979785786 
415.5875062073777 
415.6208626168975 
415.6542190264173 
415.68757543593716 
415.72093184545696 
415.75428825497676 
415.7876446644966 
415.8210010740164 
415.8543574835362 
415.88771389305606 
415.92107030257586 
415.95442671209565 
415.98778312161545 
416.0211395311353 
416.0544959406551 
416.0878523501749 
416.12120875969475 
416.15456516921455 
416.18792157873435 
416.2212779882542 
416.254634397774 
416.2879908072938 
416.32134721681365 
416.3547036263334 
416.38806003585324 
416.4214164453731 
416.45477285489284 
416.4881292644127 
416.52148567393255 
416.5548420834523 
416.58819849297214 
416.621554902492 
416.65491131201173 
416.6882677215316 
416.72162413105144 
416.75498054057124 
416.78833695009104 
416.82169335961083 
416.8550497691307 
416.8884061786505 
416.9217625881703 
416.95511899769014 
416.98847540720993 
417.02183181672973 
417.0551882262496 
417.0885446357694 
417.1219010452892 
417.15525745480903 
417.1886138643288 
417.2219702738486 
417.2553266833685 
417.2886830928882 
417.3220395024081 
417.3553959119279 
417.38875232144767 
417.4221087309675 
417.4554651404874 
417.4888215500071 
417.52217795952697 
417.5555343690468 
417.58889077856657 
417.6222471880864 
417.6556035976062 
417.688960007126 
417.72231641664587 
417.75567282616566 
417.7890292356855 
417.8223856452053 
417.8557420547251 
417.88909846424497 
417.92245487376476 
417.95581128328456 
417.9891676928044 
418.02252410232416 
418.055880511844 
418.08923692136386 
418.1225933308836 
418.15594974040346 
418.1893061499233 
418.22266255944305 
418.2560189689629 
418.28937537848276 
418.3227317880025 
418.35608819752235 
418.3894446070422 
418.42280101656195 
418.4561574260818 
418.4895138356016 
418.5228702451214 
418.55622665464125 
418.58958306416105 
418.62293947368084 
418.6562958832007 
418.6896522927205 
418.7230087022403 
418.75636511176015 
418.78972152127994 
418.8230779307998 
418.85643434031954 
418.8897907498394 
418.92314715935925 
418.956503568879 
418.98985997839884 
419.0232163879187 
419.05657279743843 
419.0899292069583 
419.12328561647814 
419.1566420259979 
419.18999843551774 
419.2233548450376 
419.25671125455733 
419.2900676640772 
419.323424073597 
419.3567804831168 
419.39013689263663 
419.42349330215643 
419.4568497116762 
419.4902061211961 
419.5235625307159 
419.5569189402357 
419.59027534975553 
419.6236317592753 
419.6569881687951 
419.6903445783149 
419.7237009878348 
419.7570573973546 
419.79041380687437 
419.8237702163942 
419.8571266259141 
419.8904830354338 
419.92383944495367 
419.9571958544735 
419.99055226399327 
420.0239086735131 
420.057265083033 
420.0906214925527 
420.12397790207257 
420.15733431159236 
420.19069072111216 
420.224047130632 
420.2574035401518 
420.2907599496716 
420.32411635919146 
420.35747276871126 
420.39082917823106 
420.4241855877509 
420.4575419972707 
420.4908984067905 
420.5242548163103 
420.55761122583016 
420.59096763534995 
420.62432404486975 
420.6576804543896 
420.6910368639094 
420.7243932734292 
420.75774968294905 
420.79110609246885 
420.82446250198865 
420.8578189115085 
420.89117532102836 
420.9245317305481 
420.95788814006795 
420.99124454958775 
421.02460095910754 
421.0579573686274 
421.0913137781472 
421.124670187667 
421.15802659718685 
421.19138300670664 
421.22473941622644 
421.2580958257463 
421.2914522352661 
421.3248086447859 
421.3581650543057 
421.39152146382554 
421.42487787334534 
421.45823428286513 
421.491590692385 
421.5249471019048 
421.5583035114246 
421.59165992094444 
421.62501633046423 
421.65837273998403 
421.6917291495039 
421.7250855590237 
421.7584419685435 
421.79179837806333 
421.82515478758313 
421.8585111971029 
421.8918676066228 
421.9252240161426 
421.9585804256624 
421.99193683518223 
422.025293244702 
422.0586496542218 
422.0920060637417 
422.1253624732615 
422.1587188827813 
422.19207529230107 
422.2254317018209 
422.2587881113407 
422.2921445208605 
422.3255009303804 
422.35885733990017 
422.39221374941997 
422.4255701589398 
422.4589265684596 
422.4922829779794 
422.52563938749927 
422.55899579701907 
422.59235220653886 
422.6257086160587 
422.6590650255785 
422.6924214350983 
422.72577784461816 
422.75913425413796 
422.79249066365776 
422.8258470731776 
422.8592034826974 
422.8925598922172 
422.92591630173706 
422.95927271125686 
422.99262912077666 
423.02598553029645 
423.0593419398163 
423.0926983493361 
423.1260547588559 
423.15941116837575 
423.19276757789555 
423.22612398741535 
423.2594803969352 
423.292836806455 
423.3261932159748 
423.35954962549465 
423.39290603501445 
423.42626244453425 
423.4596188540541 
423.4929752635739 
423.5263316730937 
423.55968808261355 
423.59304449213334 
423.62640090165314 
423.659757311173 
423.6931137206928 
423.7264701302126 
423.75982653973244 
423.79318294925224 
423.82653935877204 
423.85989576829184 
423.8932521778117 
423.9266085873315 
423.9599649968513 
423.99332140637114 
424.02667781589093 
424.06003422541073 
424.0933906349306 
424.1267470444504 
424.1601034539702 
424.19345986349003 
424.22681627300983 
424.2601726825296 
424.2935290920495 
424.3268855015693 
424.3602419110891 
424.39359832060893 
424.4269547301287 
424.4603111396485 
424.4936675491684 
424.5270239586882 
424.560380368208 
424.5937367777278 
424.6270931872476 
424.6604495967674 
424.6938060062872 
424.7271624158071 
424.76051882532687 
424.79387523484667 
424.8272316443665 
424.8605880538863 
424.8939444634061 
424.92730087292597 
424.96065728244577 
424.99401369196556 
425.0273701014854 
425.0607265110052 
425.094082920525 
425.12743933004487 
425.1607957395646 
425.19415214908446 
425.2275085586043 
425.26086496812405 
425.2942213776439 
425.32757778716376 
425.3609341966835 
425.39429060620336 
425.4276470157232 
425.461003425243 
425.4943598347628 
425.5277162442826 
425.56107265380246 
425.59442906332225 
425.62778547284205 
425.6611418823619 
425.6944982918817 
425.7278547014015 
425.76121111092135 
425.79456752044115 
425.82792392996095 
425.8612803394808 
425.8946367490006 
425.9279931585204 
425.96134956804025 
425.99470597756 
426.02806238707984 
426.0614187965997 
426.09477520611944 
426.1281316156393 
426.16148802515914 
426.1948444346789 
426.22820084419874 
426.2615572537186 
426.29491366323833 
426.3282700727582 
426.361626482278 
426.3949828917978 
426.42833930131764 
426.46169571083743 
426.4950521203573 
426.5284085298771 
426.5617649393969 
426.59512134891673 
426.62847775843653 
426.66183416795633 
426.6951905774762 
426.728546986996 
426.7619033965158 
426.79525980603563 
426.82861621555537 
426.8619726250752 
426.8953290345951 
426.9286854441148 
426.9620418536347 
426.99539826315447 
427.0287546726743 
427.0621110821941 
427.0954674917139 
427.1288239012338 
427.16218031075357 
427.19553672027337 
427.2288931297932 
427.262249539313 
427.2956059488328 
427.32896235835267 
427.36231876787247 
427.39567517739226 
427.42903158691206 
427.4623879964319 
427.4957444059517 
427.5291008154715 
427.56245722499136 
427.59581363451116 
427.62917004403096 
427.6625264535508 
427.6958828630706 
427.7292392725904 
427.76259568211026 
427.79595209163006 
427.82930850114985 
427.8626649106697 
427.8960213201895 
427.9293777297093 
427.96273413922916 
427.99609054874895 
428.02944695826875 
428.0628033677886 
428.0961597773084 
428.1295161868282 
428.16287259634805 
428.19622900586785 
428.22958541538765 
428.26294182490744 
428.2962982344273 
428.3296546439471 
428.3630110534669 
428.39636746298675 
428.42972387250654 
428.46308028202634 
428.4964366915462 
428.529793101066 
428.5631495105858 
428.59650592010564 
428.62986232962544 
428.66321873914524 
428.6965751486651 
428.7299315581849 
428.7632879677047 
428.79664437722454 
428.83000078674434 
428.86335719626413 
428.896713605784 
428.9300700153038 
428.9634264248236 
428.99678283434343 
429.03013924386323 
429.06349565338303 
429.0968520629028 
429.1302084724227 
429.1635648819425 
429.1969212914623 
429.2302777009821 
429.2636341105019 
429.2969905200217 
429.3303469295416 
429.3637033390614 
429.39705974858117 
429.430416158101 
429.4637725676208 
429.4971289771406 
429.5304853866605 
429.56384179618027 
429.59719820570007 
429.6305546152199 
429.6639110247397 
429.6972674342595 
429.73062384377937 
429.76398025329917 
429.79733666281896 
429.8306930723388 
429.8640494818586 
429.8974058913784 
429.9307623008982 
429.96411871041806 
429.99747511993786 
430.03083152945766 
430.0641879389775 
430.0975443484973 
430.1309007580171 
430.16425716753696 
430.19761357705676 
430.23096998657655 
430.2643263960964 
430.2976828056162 
430.331039215136 
430.36439562465586 
430.39775203417565 
430.43110844369545 
430.4644648532153 
430.4978212627351 
430.5311776722549 
430.56453408177475 
430.59789049129455 
430.63124690081435 
430.6646033103342 
430.697959719854 
430.7313161293738 
430.76467253889354 
430.79802894841345 
430.83138535793324 
430.864741767453 
430.8980981769729 
430.9314545864927 
430.9648109960125 
430.99816740553234 
431.03152381505214 
431.06488022457194 
431.0982366340918 
431.1315930436116 
431.1649494531314 
431.19830586265124 
431.23166227217104 
431.26501868169083 
431.2983750912107 
431.3317315007305 
431.3650879102503 
431.39844431977014 
431.43180072928993 
431.46515713880973 
431.4985135483296 
431.5318699578494 
431.5652263673692 
431.5985827768889 
431.63193918640883 
431.6652955959286 
431.69865200544837 
431.7320084149683 
431.7653648244881 
431.7987212340078 
431.8320776435277 
431.8654340530475 
431.89879046256726 
431.9321468720872 
431.96550328160697 
431.99885969112677 
432.0322161006466 
432.0655725101664 
432.0989289196862 
432.13228532920607 
432.16564173872587 
432.19899814824566 
432.2323545577655 
432.2657109672853 
432.2990673768051 
432.33242378632497 
432.36578019584476 
432.39913660536456 
432.4324930148843 
432.4658494244042 
432.499205833924 
432.53256224344375 
432.56591865296366 
432.59927506248346 
432.6326314720032 
432.6659878815231 
432.6993442910429 
432.73270070056265 
432.76605711008256 
432.79941351960235 
432.8327699291221 
432.866126338642 
432.8994827481618 
432.93283915768154 
432.96619556720145 
432.99955197672125 
433.032908386241 
433.0662647957609 
433.0996212052807 
433.1329776148005 
433.16633402432035 
433.19969043384015 
433.23304684335994 
433.2664032528797 
433.2997596623996 
433.3331160719194 
433.36647248143913 
433.39982889095904 
433.43318530047884 
433.4665417099986 
433.4998981195185 
433.5332545290383 
433.56661093855803 
433.59996734807794 
433.63332375759774 
433.6666801671175 
433.7000365766374 
433.7333929861572 
433.7667493956769 
433.80010580519684 
433.83346221471663 
433.8668186242364 
433.9001750337563 
433.9335314432761 
433.9668878527958 
434.00024426231573 
434.03360067183553 
434.06695708135527 
434.10031349087507 
434.133669900395 
434.1670263099148 
434.2003827194345 
434.2337391289544 
434.2670955384742 
434.30045194799396 
434.3338083575139 
434.36716476703367 
434.4005211765534 
434.4338775860733 
434.4672339955931 
434.50059040511286 
434.53394681463277 
434.56730322415257 
434.6006596336723 
434.6340160431922 
434.667372452712 
434.70072886223176 
434.73408527175167 
434.76744168127146 
434.8007980907912 
434.8341545003111 
434.8675109098309 
434.90086731935065 
434.93422372887045 
434.96758013839036 
435.0009365479101 
435.0342929574299 
435.0676493669498 
435.10100577646955 
435.13436218598935 
435.16771859550926 
435.20107500502905 
435.2344314145488 
435.2677878240687 
435.3011442335885 
435.33450064310824 
435.36785705262815 
435.40121346214795 
435.4345698716677 
435.4679262811876 
435.5012826907074 
435.53463910022714 
435.56799550974705 
435.60135191926685 
435.6347083287866 
435.6680647383065 
435.7014211478263 
435.73477755734604 
435.76813396686583 
435.80149037638574 
435.8348467859055 
435.8682031954253 
435.9015596049452 
435.93491601446493 
435.96827242398473 
436.00162883350464 
436.0349852430244 
436.0683416525442 
436.1016980620641 
436.1350544715838 
436.1684108811036 
436.20176729062354 
436.23512370014333 
436.2684801096631 
436.301836519183 
436.3351929287028 
436.3685493382225 
436.40190574774243 
436.43526215726223 
436.46861856678197 
436.5019749763019 
436.5353313858217 
436.5686877953414 
436.6020442048612 
436.6354006143811 
436.66875702390087 
436.70211343342066 
436.7354698429406 
436.7688262524603 
436.8021826619801 
436.8355390715 
436.86889548101976 
436.90225189053956 
436.93560830005947 
436.9689647095792 
437.002321119099 
437.0356775286189 
437.06903393813866 
437.10239034765846 
437.13574675717837 
437.1691031666981 
437.2024595762179 
437.2358159857378 
437.2691723952576 
437.30252880477735 
437.33588521429726 
437.36924162381706 
437.4025980333368 
437.4359544428566 
437.4693108523765 
437.50266726189625 
437.53602367141605 
437.56938008093596 
437.6027364904557 
437.6360928999755 
437.6694493094954 
437.70280571901515 
437.73616212853494 
437.76951853805485 
437.8028749475746 
437.8362313570944 
437.8695877666143 
437.90294417613404 
437.93630058565384 
437.96965699517375 
438.0030134046935 
438.0363698142133 
438.0697262237332 
438.10308263325294 
438.13643904277274 
438.16979545229265 
438.2031518618124 
438.2365082713322 
438.269864680852 
438.30322109037184 
438.33657749989163 
438.36993390941143 
438.40329031893134 
438.4366467284511 
438.4700031379709 
438.5033595474908 
438.53671595701053 
438.5700723665303 
438.60342877605024 
438.63678518557 
438.6701415950898 
438.7034980046097 
438.7368544141294 
438.7702108236492 
438.80356723316913 
438.8369236426889 
438.87028005220867 
438.9036364617286 
438.9369928712483 
438.9703492807681 
439.00370569028803 
439.03706209980777 
439.07041850932757 
439.10377491884736 
439.1371313283672 
439.170487737887 
439.2038441474068 
439.23720055692667 
439.27055696644646 
439.30391337596626 
439.3372697854861 
439.3706261950059 
439.4039826045257 
439.4373390140456 
439.47069542356536 
439.50405183308516 
439.53740824260507 
439.5707646521248 
439.6041210616446 
439.6374774711645 
439.67083388068426 
439.70419029020405 
439.73754669972396 
439.7709031092437 
439.8042595187635 
439.8376159282834 
439.87097233780315 
439.90432874732295 
439.93768515684275 
439.9710415663626 
440.0043979758824 
440.0377543854022 
440.07111079492205 
440.10446720444185 
440.13782361396164 
440.1711800234815 
440.2045364330013 
440.2378928425211 
440.27124925204095 
440.30460566156074 
440.33796207108054 
440.3713184806004 
440.4046748901202 
440.43803129964 
440.4713877091599 
440.50474411867964 
440.53810052819944 
440.57145693771935 
440.6048133472391 
440.6381697567589 
440.6715261662788 
440.70488257579854 
440.73823898531833 
440.77159539483813 
440.804951804358 
440.8383082138778 
440.8716646233976 
440.90502103291743 
440.93837744243723 
440.971733851957 
441.0050902614769 
441.0384466709967 
441.0718030805165 
441.1051594900363 
441.1385158995561 
441.1718723090759 
441.2052287185958 
441.2385851281156 
441.27194153763537 
441.3052979471552 
441.338654356675 
441.3720107661948 
441.4053671757147 
441.43872358523447 
441.47207999475427 
441.5054364042742 
441.5387928137939 
441.5721492233137 
441.6055056328335 
441.63886204235337 
441.67221845187316 
441.70557486139296 
441.7389312709128 
441.7722876804326 
441.8056440899524 
441.83900049947226 
441.87235690899206 
441.90571331851186 
441.9390697280317 
441.9724261375515 
442.0057825470713 
442.03913895659116 
442.07249536611096 
442.10585177563075 
442.1392081851506 
442.1725645946704 
442.2059210041902 
442.23927741371006 
442.27263382322985 
442.30599023274965 
442.3393466422695 
442.3727030517893 
442.4060594613091 
442.4394158708289 
442.47277228034875 
442.50612868986855 
442.53948509938834 
442.5728415089082 
442.606197918428 
442.6395543279478 
442.67291073746765 
442.70626714698744 
442.73962355650724 
442.7729799660271 
442.8063363755469 
442.8396927850667 
442.87304919458654 
442.90640560410634 
442.93976201362614 
442.973118423146 
443.0064748326658 
443.0398312421856 
443.07318765170544 
443.10654406122524 
443.13990047074503 
443.1732568802649 
443.2066132897847 
443.2399696993045 
443.2733261088243 
443.30668251834413 
443.34003892786393 
443.3733953373837 
443.4067517469036 
443.4401081564234 
443.4734645659432 
443.50682097546303 
443.5401773849828 
443.5735337945026 
443.6068902040225 
443.6402466135423 
443.67360302306207 
443.7069594325819 
443.7403158421017 
443.7736722516215 
443.8070286611414 
443.84038507066117 
443.87374148018097 
443.9070978897008 
443.9404542992206 
443.9738107087404 
444.00716711826027 
444.04052352778007 
444.07387993729986 
444.10723634681966 
444.1405927563395 
444.1739491658593 
444.2073055753791 
444.24066198489896 
444.27401839441876 
444.30737480393856 
444.3407312134584 
444.3740876229782 
444.407444032498 
444.44080044201786 
444.47415685153766 
444.50751326105745 
444.5408696705773 
444.5742260800971 
444.6075824896169 
444.64093889913676 
444.67429530865655 
444.70765171817635 
444.7410081276962 
444.774364537216 
444.8077209467358 
444.84107735625565 
444.87443376577545 
444.90779017529525 
444.94114658481504 
444.9745029943349 
445.0078594038547 
445.0412158133745 
445.07457222289435 
445.10792863241414 
445.14128504193394 
445.1746414514538 
445.2079978609736 
445.2413542704934 
445.27471068001324 
445.30806708953304 
445.34142349905284 
445.3747799085727 
445.4081363180925 
445.4414927276123 
445.47484913713214 
445.50820554665194 
445.54156195617173 
445.5749183656916 
445.6082747752114 
445.6416311847312 
445.67498759425104 
445.70834400377083 
445.74170041329063 
445.7750568228104 
445.8084132323303 
445.8417696418501 
445.8751260513699 
445.90848246088973 
445.9418388704095 
445.9751952799293 
446.0085516894492 
446.041908098969 
446.0752645084888 
446.1086209180086 
446.1419773275284 
446.1753337370482 
446.2086901465681 
446.24204655608787 
446.27540296560767 
446.3087593751275 
446.3421157846473 
446.3754721941671 
446.40882860368697 
446.44218501320677 
446.47554142272656 
446.5088978322464 
446.5422542417662 
446.575610651286 
446.6089670608058 
446.64232347032566 
446.67567987984546 
446.70903628936526 
446.7423926988851 
446.7757491084049 
446.8091055179247 
446.84246192744456 
446.87581833696436 
446.90917474648415 
446.942531156004 
446.9758875655238 
447.0092439750436 
447.04260038456346 
447.07595679408325 
447.10931320360305 
447.1426696131229 
447.1760260226427 
447.2093824321625 
447.24273884168235 
447.27609525120215 
447.30945166072195 
447.3428080702418 
447.3761644797616 
447.4095208892814 
447.4428772988012 
447.47623370832105 
447.50959011784084 
447.54294652736064 
447.5763029368805 
447.6096593464003 
447.6430157559201 
447.67637216543994 
447.70972857495974 
447.74308498447954 
447.7764413939994 
447.8097978035192 
447.843154213039 
447.87651062255884 
447.90986703207864 
447.94322344159843 
447.9765798511183 
448.0099362606381 
448.0432926701579 
448.07664907967774 
448.11000548919753 
448.14336189871733 
448.1767183082372 
448.210074717757 
448.2434311272768 
448.2767875367965 
448.31014394631643 
448.3435003558362 
448.376856765356 
448.4102131748759 
448.4435695843957 
448.4769259939155 
448.5102824034353 
448.5436388129551 
448.5769952224749 
448.6103516319948 
448.64370804151457 
448.67706445103437 
448.7104208605542 
448.743777270074 
448.7771336795938 
448.81049008911367 
448.84384649863347 
448.87720290815327 
448.9105593176731 
448.9439157271929 
448.9772721367127 
449.01062854623257 
449.04398495575236 
449.07734136527216 
449.1106977747919 
449.1440541843118 
449.1774105938316 
449.21076700335135 
449.24412341287126 
449.27747982239106 
449.3108362319108 
449.3441926414307 
449.3775490509505 
449.41090546047025 
449.44426186999016 
449.47761827950995 
449.51097468902975 
449.5443310985496 
449.5776875080694 
449.6110439175892 
449.64440032710905 
449.67775673662885 
449.71111314614865 
449.7444695556685 
449.7778259651883 
449.8111823747081 
449.84453878422795 
449.87789519374775 
449.91125160326754 
449.9446080127873 
449.9779644223072 
450.011320831827 
450.04467724134673 
450.07803365086664 
450.11139006038644 
450.1447464699062 
450.1781028794261 
450.2114592889459 
450.24481569846563 
450.27817210798554 
450.31152851750534 
450.3448849270251 
450.378241336545 
450.4115977460648 
450.4449541555845 
450.47831056510444 
450.51166697462423 
450.54502338414403 
450.5783797936639 
450.6117362031837 
450.6450926127035 
450.67844902222333 
450.71180543174313 
450.7451618412629 
450.77851825078267 
450.8118746603026 
450.8452310698224 
450.8785874793421 
450.911943888862 
450.9453002983818 
450.97865670790156 
451.0120131174215 
451.0453695269413 
451.078725936461 
451.1120823459809 
451.1454387555007 
451.17879516502046 
451.21215157454037 
451.24550798406017 
451.2788643935799 
451.3122208030998 
451.3455772126196 
451.37893362213936 
451.41229003165927 
451.44564644117906 
451.4790028506988 
451.5123592602187 
451.5457156697385 
451.5790720792583 
451.61242848877805 
451.64578489829796 
451.67914130781776 
451.7124977173375 
451.7458541268574 
451.7792105363772 
451.81256694589695 
451.84592335541686 
451.87927976493665 
451.9126361744564 
451.9459925839763 
451.9793489934961 
452.01270540301584 
452.04606181253575 
452.07941822205555 
452.1127746315753 
452.1461310410952 
452.179487450615 
452.21284386013474 
452.24620026965465 
452.27955667917445 
452.3129130886942 
452.3462694982141 
452.3796259077339 
452.41298231725364 
452.44633872677343 
452.47969513629334 
452.5130515458131 
452.5464079553329 
452.5797643648528 
452.6131207743726 
452.64647718389233 
452.67983359341224 
452.71319000293204 
452.7465464124518 
452.7799028219717 
452.8132592314915 
452.8466156410112 
452.87997205053114 
452.91332846005093 
452.9466848695707 
452.9800412790906 
453.0133976886104 
453.0467540981301 
453.08011050765003 
453.11346691716983 
453.14682332668957 
453.1801797362095 
453.2135361457293 
453.246892555249 
453.2802489647688 
453.3136053742887 
453.34696178380847 
453.38031819332826 
453.4136746028482 
453.4470310123679 
453.4803874218877 
453.5137438314076 
453.54710024092736 
453.58045665044716 
453.6138130599671 
453.6471694694868 
453.6805258790066 
453.7138822885265 
453.7472386980463 
453.78059510756606 
453.81395151708597 
453.84730792660577 
453.8806643361255 
453.9140207456454 
453.9473771551652 
453.98073356468495 
454.01408997420486 
454.04744638372466 
454.0808027932444 
454.1141592027642 
454.1475156122841 
454.18087202180385 
454.21422843132365 
454.24758484084356 
454.2809412503633 
454.3142976598831 
454.347654069403 
454.38101047892275 
454.41436688844254 
454.44772329796245 
454.4810797074822 
454.514436117002 
454.5477925265219 
454.58114893604164 
454.61450534556144 
454.64786175508135 
454.6812181646011 
454.7145745741209 
454.7479309836408 
454.7812873931606 
454.81464380268034 
454.84800021220025 
454.88135662172004 
454.9147130312398 
454.9480694407596 
454.9814258502795 
455.01478225979923 
455.04813866931903 
455.08149507883894 
455.1148514883587 
455.1482078978785 
455.1815643073984 
455.21492071691813 
455.2482771264379 
455.28163353595784 
455.3149899454776 
455.3483463549974 
455.3817027645173 
455.415059174037 
455.4484155835568 
455.48177199307673 
455.5151284025965 
455.54848481211627 
455.5818412216362 
455.6151976311559 
455.6485540406757 
455.68191045019563 
455.71526685971537 
455.74862326923517 
455.78197967875496 
455.8153360882749 
455.8486924977946 
455.8820489073144 
455.9154053168343 
455.94876172635406 
455.98211813587386 
456.0154745453938 
456.0488309549135 
456.0821873644333 
456.1155437739532 
456.14890018347296 
456.18225659299276 
456.21561300251267 
456.2489694120324 
456.2823258215522 
456.3156822310721 
456.34903864059186 
456.38239505011165 
456.41575145963157 
456.4491078691513 
456.4824642786711 
456.515820688191 
456.54917709771075 
456.58253350723055 
456.61588991675035 
456.6492463262702 
456.68260273579 
456.7159591453098 
456.74931555482965 
456.78267196434945 
456.81602837386924 
456.84938478338916 
456.8827411929089 
456.9160976024287 
456.9494540119486 
456.98281042146834 
457.01616683098814 
457.04952324050805 
457.0828796500278 
457.1162360595476 
457.1495924690675 
457.18294887858724 
457.21630528810704 
457.24966169762695 
457.2830181071467 
457.3163745166665 
457.3497309261864 
457.38308733570614 
457.41644374522593 
457.44980015474573 
457.4831565642656 
457.5165129737854 
457.5498693833052 
457.58322579282503 
457.61658220234483 
457.6499386118646 
457.6832950213845 
457.7166514309043 
457.7500078404241 
457.78336424994393 
457.8167206594637 
457.8500770689835 
457.88343347850343 
457.9167898880232 
457.950146297543 
457.9835027070629 
458.0168591165826 
458.0502155261024 
458.08357193562233 
458.11692834514207 
458.15028475466187 
458.1836411641818 
458.2169975737015 
458.2503539832213 
458.2837103927411 
458.31706680226097 
458.35042321178076 
458.38377962130056 
458.4171360308204 
458.4504924403402 
458.48384884986 
458.51720525937986 
458.55056166889966 
458.58391807841946 
458.6172744879393 
458.6506308974591 
458.6839873069789 
458.71734371649876 
458.75070012601856 
458.78405653553835 
458.8174129450582 
458.850769354578 
458.8841257640978 
458.91748217361766 
458.95083858313745 
458.98419499265725 
459.01755140217716 
459.0509078116969 
459.0842642212167 
459.1176206307365 
459.15097704025635 
459.18433344977615 
459.21768985929594 
459.2510462688158 
459.2844026783356 
459.3177590878554 
459.35111549737525 
459.38447190689504 
459.41782831641484 
459.4511847259347 
459.4845411354545 
459.5178975449743 
459.55125395449414 
459.58461036401394 
459.61796677353374 
459.6513231830536 
459.6846795925734 
459.7180360020932 
459.75139241161304 
459.78474882113284 
459.81810523065263 
459.8514616401725 
459.8848180496923 
459.9181744592121 
459.9515308687319 
459.98488727825173 
460.01824368777153 
460.0516000972913 
460.0849565068112 
460.118312916331 
460.1516693258508 
460.18502573537063 
460.2183821448904 
460.2517385544102 
460.2850949639301 
460.3184513734499 
460.3518077829697 
460.3851641924895 
460.4185206020093 
460.4518770115291 
460.485233421049 
460.51858983056877 
460.55194624008857 
460.5853026496084 
460.6186590591282 
460.652015468648 
460.68537187816787 
460.71872828768767 
460.75208469720747 
460.78544110672726 
460.8187975162471 
460.8521539257669 
460.8855103352867 
460.91886674480656 
460.95222315432636 
460.98557956384616 
461.018935973366 
461.0522923828858 
461.0856487924056 
461.11900520192546 
461.15236161144526 
461.18571802096506 
461.2190744304849 
461.2524308400047 
461.2857872495245 
461.31914365904436 
461.35250006856415 
461.38585647808395 
461.4192128876038 
461.4525692971236 
461.4859257066434 
461.51928211616325 
461.55263852568305 
461.58599493520285 
461.61935134472265 
461.6527077542425 
461.6860641637623 
461.7194205732821 
461.75277698280195 
461.78613339232174 
461.81948980184154 
461.8528462113614 
461.8862026208812 
461.919559030401 
461.95291543992084 
461.98627184944064 
462.01962825896044 
462.0529846684803 
462.0863410780001 
462.1196974875199 
462.15305389703974 
462.18641030655954 
462.21976671607933 
462.2531231255992 
462.286479535119 
462.3198359446388 
462.35319235415864 
462.38654876367843 
462.41990517319823 
462.453261582718 
462.4866179922379 
462.5199744017577 
462.5533308112775 
462.58668722079733 
462.6200436303171 
462.6534000398369 
462.6867564493568 
462.7201128588766 
462.7534692683964 
462.7868256779162 
462.820182087436 
462.8535384969558 
462.8868949064757 
462.9202513159955 
462.95360772551527 
462.9869641350351 
463.0203205445549 
463.0536769540747 
463.08703336359457 
463.12038977311437 
463.15374618263417 
463.187102592154 
463.2204590016738 
463.2538154111936 
463.2871718207134 
463.32052823023326 
463.35388463975306 
463.38724104927286 
463.4205974587927 
463.4539538683125 
463.4873102778323 
463.52066668735216 
463.55402309687196 
463.58737950639176 
463.6207359159116 
463.6540923254314 
