pos X
390.26999138183794 2.50112e-12
390.3033477913578 2.04638e-12
390.33670420087753 1.819e-12
390.3700606103974 2.04638e-12
390.40341701991724 2.27375e-12
390.436773429437 2.27375e-12
390.47012983895684 2.04638e-12
390.50348624847663 2.04638e-12
390.5368426579965 2.50112e-12
390.5701990675163 2.27375e-12
390.6035554770361 2.50112e-12
390.63691188655594 2.27375e-12
390.67026829607573 2.27375e-12
390.70362470559553 2.27375e-12
390.7369811151154 2.04638e-12
390.7703375246352 1.819e-12
390.803693934155 1.819e-12
390.83705034367483 2.04638e-12
390.87040675319463 2.27375e-12
390.9037631627144 2.27375e-12
390.9371195722343 2.27375e-12
390.970475981754 2.04638e-12
391.0038323912739 2.27375e-12
391.03718880079373 2.27375e-12
391.07054521031347 2.04638e-12
391.1039016198333 2.27375e-12
391.1372580293532 2.27375e-12
391.1706144388729 2.04638e-12
391.20397084839277 2.27375e-12
391.2373272579126 2.04638e-12
391.27068366743237 2.27375e-12
391.3040400769522 2.04638e-12
391.337396486472 2.50112e-12
391.3707528959918 2.7285e-12
391.40410930551167 2.50112e-12
391.43746571503146 2.50112e-12
391.47082212455126 2.27375e-12
391.5041785340711 2.27375e-12
391.5375349435909 2.27375e-12
391.57089135311077 2.27375e-12
391.60424776263056 2.04638e-12
391.63760417215036 2.27375e-12
391.6709605816702 2.27375e-12
391.70431699119 2.27375e-12
391.7376734007098 2.7285e-12
391.77102981022966 2.7285e-12
391.8043862197494 2.95587e-12
391.83774262926926 2.95587e-12
391.8710990387891 2.50112e-12
391.90445544830885 2.27375e-12
391.9378118578287 2.27375e-12
391.97116826734856 2.50112e-12
392.0045246768683 2.50112e-12
392.03788108638815 2.7285e-12
392.071237495908 2.50112e-12
392.10459390542775 2.50112e-12
392.1379503149476 2.27375e-12
392.1713067244674 2.27375e-12
392.2046631339872 2.7285e-12
392.23801954350705 2.04638e-12
392.27137595302685 2.04638e-12
392.30473236254664 2.27375e-12
392.3380887720665 2.27375e-12
392.3714451815863 2.27375e-12
392.4048015911061 2.27375e-12
392.43815800062595 2.27375e-12
392.47151441014574 2.27375e-12
392.50487081966554 2.27375e-12
392.5382272291854 2.27375e-12
392.5715836387052 2.50112e-12
392.604940048225 2.27375e-12
392.6382964577448 2.27375e-12
392.67165286726464 2.27375e-12
392.7050092767845 2.27375e-12
392.73836568630423 2.50112e-12
392.7717220958241 2.27375e-12
392.80507850534394 2.27375e-12
392.8384349148637 2.27375e-12
392.87179132438354 2.27375e-12
392.9051477339034 2.27375e-12
392.93850414342313 2.50112e-12
392.971860552943 2.27375e-12
393.0052169624628 2.04638e-12
393.0385733719826 1.819e-12
393.07192978150243 2.27375e-12
393.10528619102223 2.04638e-12
393.138642600542 2.04638e-12
393.1719990100619 2.27375e-12
393.2053554195817 2.27375e-12
393.2387118291015 2.04638e-12
393.27206823862133 2.27375e-12
393.3054246481411 2.04638e-12
393.3387810576609 1.819e-12
393.3721374671808 1.819e-12
393.4054938767006 1.819e-12
393.4388502862204 1.36425e-12
393.47220669574017 1.59162e-12
393.50556310526 1.59162e-12
393.5389195147798 2.04638e-12
393.5722759242996 2.04638e-12
393.60563233381947 1.819e-12
393.63898874333927 1.59162e-12
393.67234515285907 1.819e-12
393.7057015623789 1.819e-12
393.7390579718988 1.819e-12
393.7724143814185 2.04638e-12
393.80577079093837 1.819e-12
393.83912720045817 1.819e-12
393.87248360997796 1.819e-12
393.9058400194978 1.819e-12
393.9391964290176 1.59162e-12
393.9725528385374 1.59162e-12
394.00590924805726 1.819e-12
394.03926565757706 1.819e-12
394.07262206709686 1.59162e-12
394.1059784766167 1.819e-12
394.1393348861365 1.59162e-12
394.1726912956563 1.819e-12
394.20604770517616 1.59162e-12
394.23940411469596 1.36425e-12
394.27276052421576 1.59162e-12
394.30611693373555 1.819e-12
394.3394733432554 1.36425e-12
394.3728297527752 1.59162e-12
394.406186162295 1.59162e-12
394.43954257181485 1.59162e-12
394.47289898133465 1.59162e-12
394.50625539085445 1.59162e-12
394.5396118003743 1.59162e-12
394.5729682098941 1.819e-12
394.6063246194139 1.59162e-12
394.63968102893375 1.819e-12
394.67303743845355 1.36425e-12
394.70639384797335 1.36425e-12
394.7397502574932 1.819e-12
394.773106667013 1.819e-12
394.8064630765328 2.04638e-12
394.83981948605265 2.27375e-12
394.87317589557244 2.04638e-12
394.90653230509224 1.819e-12
394.9398887146121 1.59162e-12
394.9732451241319 1.59162e-12
395.0066015336517 1.59162e-12
395.03995794317154 1.819e-12
395.07331435269134 1.819e-12
395.10667076221114 1.819e-12
395.14002717173094 1.819e-12
395.1733835812508 1.819e-12
395.2067399907706 1.36425e-12
395.2400964002904 1.36425e-12
395.27345280981024 1.59162e-12
395.30680921933003 1.819e-12
395.34016562884983 1.819e-12
395.3735220383697 1.59162e-12
395.4068784478895 1.59162e-12
395.4402348574093 1.819e-12
395.47359126692913 1.819e-12
395.50694767644893 1.819e-12
395.5403040859687 1.819e-12
395.5736604954886 1.819e-12
395.6070169050084 1.819e-12
395.6403733145282 1.819e-12
395.67372972404803 1.36425e-12
395.7070861335678 1.36425e-12
395.7404425430876 1.819e-12
395.7737989526075 1.819e-12
395.8071553621273 1.59162e-12
395.8405117716471 1.36425e-12
395.8738681811669 1.36425e-12
395.9072245906867 1.819e-12
395.9405810002065 1.819e-12
395.9739374097263 1.819e-12
396.0072938192462 2.04638e-12
396.04065022876597 2.04638e-12
396.07400663828577 1.819e-12
396.1073630478056 1.819e-12
396.1407194573254 1.819e-12
396.1740758668452 2.04638e-12
396.20743227636507 1.819e-12
396.24078868588487 2.04638e-12
396.27414509540466 2.04638e-12
396.3075015049245 2.27375e-12
396.3408579144443 2.27375e-12
396.3742143239641 2.27375e-12
396.40757073348396 2.04638e-12
396.44092714300376 2.27375e-12
396.47428355252356 1.59162e-12
396.5076399620434 2.04638e-12
396.5409963715632 1.819e-12
396.574352781083 1.819e-12
396.60770919060286 1.819e-12
396.64106560012266 2.04638e-12
396.67442200964246 2.04638e-12
396.7077784191623 1.819e-12
396.7411348286821 2.04638e-12
396.7744912382019 2.04638e-12
396.8078476477217 1.819e-12
396.84120405724155 1.819e-12
396.87456046676135 2.04638e-12
396.90791687628115 2.27375e-12
396.941273285801 2.27375e-12
396.9746296953208 2.27375e-12
397.0079861048406 2.27375e-12
397.04134251436045 2.04638e-12
397.07469892388025 2.27375e-12
397.10805533340005 2.27375e-12
397.1414117429199 2.27375e-12
397.1747681524397 2.27375e-12
397.2081245619595 2.27375e-12
397.24148097147935 2.27375e-12
397.27483738099914 2.27375e-12
397.30819379051894 2.27375e-12
397.3415502000388 2.27375e-12
397.3749066095586 2.7285e-12
397.4082630190784 2.27375e-12
397.44161942859824 2.27375e-12
397.47497583811804 2.27375e-12
397.50833224763784 2.27375e-12
397.5416886571577 2.27375e-12
397.5750450666775 2.50112e-12
397.6084014761973 2.27375e-12
397.6417578857171 2.7285e-12
397.67511429523694 2.50112e-12
397.70847070475673 2.27375e-12
397.74182711427653 2.50112e-12
397.7751835237964 2.7285e-12
397.8085399333162 2.27375e-12
397.841896342836 2.27375e-12
397.87525275235583 2.27375e-12
397.90860916187563 2.27375e-12
397.94196557139543 2.50112e-12
397.9753219809153 2.7285e-12
398.008678390435 2.27375e-12
398.0420347999549 2.50112e-12
398.07539120947473 2.7285e-12
398.10874761899447 2.50112e-12
398.1421040285143 2.7285e-12
398.1754604380342 2.7285e-12
398.208816847554 2.7285e-12
398.2421732570738 2.50112e-12
398.2755296665936 2.50112e-12
398.3088860761134 2.27375e-12
398.3422424856332 2.27375e-12
398.3755988951531 2.50112e-12
398.4089553046729 2.95587e-12
398.44231171419267 2.7285e-12
398.47566812371247 2.95587e-12
398.5090245332323 2.95587e-12
398.5423809427521 2.95587e-12
398.5757373522719 2.95587e-12
398.60909376179177 2.95587e-12
398.64245017131157 3.18325e-12
398.67580658083136 2.95587e-12
398.7091629903512 2.95587e-12
398.742519399871 2.7285e-12
398.7758758093908 2.7285e-12
398.80923221891067 2.95587e-12
398.8425886284304 2.95587e-12
398.87594503795026 3.18325e-12
398.9093014474701 3.41062e-12
398.94265785698985 2.95587e-12
398.9760142665097 2.95587e-12
399.00937067602956 2.50112e-12
399.0427270855493 2.50112e-12
399.07608349506916 2.95587e-12
399.109439904589 2.95587e-12
399.14279631410875 2.95587e-12
399.1761527236286 2.27375e-12
399.20950913314846 2.27375e-12
399.24286554266826 2.7285e-12
399.27622195218805 2.50112e-12
399.30957836170785 2.27375e-12
399.3429347712277 2.27375e-12
399.3762911807475 2.27375e-12
399.4096475902673 2.27375e-12
399.44300399978715 2.7285e-12
399.47636040930695 2.50112e-12
399.50971681882675 2.7285e-12
399.5430732283466 2.7285e-12
399.5764296378664 2.27375e-12
399.6097860473862 2.27375e-12
399.64314245690605 2.27375e-12
399.6764988664258 1.819e-12
399.70985527594564 1.819e-12
399.7432116854655 1.819e-12
399.77656809498524 1.36425e-12
399.8099245045051 1.819e-12
399.84328091402494 1.13688e-12
399.8766373235447 1.36425e-12
399.90999373306454 1.36425e-12
399.9433501425844 1.36425e-12
399.97670655210413 1.59162e-12
400.010062961624 9.09502e-13
400.04341937114384 9.09502e-13
400.0767757806636 4.54751e-13
400.11013219018344 6.82124e-13
400.14348859970323 6.82124e-13
400.17684500922303 4.54751e-13
400.2102014187429 2.27375e-13
400.2435578282627 2.27375e-13
400.27691423778253 4.54751e-13
400.31027064730233 4.54751e-13
400.34362705682213 4.54751e-13
400.376983466342 0.0
400.4103398758618 -6.82124e-13
400.4436962853816 -6.82124e-13
400.47705269490143 -9.09502e-13
400.51040910442117 -1.13688e-12
400.543765513941 -1.13688e-12
400.5771219234609 -1.36425e-12
400.6104783329806 -1.36425e-12
400.6438347425005 -2.04638e-12
400.6771911520203 -2.50112e-12
400.71054756154007 -2.50112e-12
400.7439039710599 -2.7285e-12
400.7772603805798 -3.41062e-12
400.8106167900995 -3.18325e-12
400.84397319961937 -3.63801e-12
400.8773296091392 -3.86538e-12
400.91068601865896 -4.09275e-12
400.9440424281788 -4.09275e-12
400.9773988376986 -4.32013e-12
401.0107552472184 -4.5475e-12
401.04411165673827 -4.32013e-12
401.07746806625806 -4.5475e-12
401.11082447577786 -3.86538e-12
401.1441808852977 -3.41062e-12
401.1775372948175 -2.95587e-12
401.2108937043373 -2.50112e-12
401.24425011385716 -1.36425e-12
401.27760652337696 -6.82124e-13
401.31096293289676 4.54751e-13
401.34431934241655 1.36425e-12
401.3776757519364 2.50112e-12
401.41103216145626 3.86538e-12
401.444388570976 5.00225e-12
401.47774498049586 6.36649e-12
401.5111013900157 7.73076e-12
401.54445779953545 8.64026e-12
401.5778142090553 9.77712e-12
401.61117061857516 1.06866e-11
401.6445270280949 1.18235e-11
401.67788343761475 1.22782e-11
401.7112398471346 1.2733e-11
401.74459625665435 1.31877e-11
401.7779526661742 1.36425e-11
401.811309075694 1.40972e-11
401.8446654852138 1.43246e-11
401.87802189473365 1.43246e-11
401.91137830425345 1.38698e-11
401.94473471377324 1.40972e-11
401.9780911232931 1.36425e-11
402.0114475328129 1.34151e-11
402.0448039423327 1.31877e-11
402.07816035185255 1.2733e-11
402.11151676137234 1.2733e-11
402.14487317089214 1.22782e-11
402.17822958041194 1.18235e-11
402.2115859899318 1.11414e-11
402.2449423994516 1.06866e-11
402.2782988089714 1.02319e-11
402.31165521849124 1.04592e-11
402.34501162801104 9.54975e-12
402.37836803753083 8.64026e-12
402.4117244470507 7.95813e-12
402.44508085657054 7.73076e-12
402.4784372660903 7.04861e-12
402.51179367561014 6.13912e-12
402.54515008513 4.77487e-12
402.57850649464973 3.86538e-12
402.6118629041696 3.18325e-12
402.6452193136894 2.27375e-12
402.6785757232092 1.13688e-12
402.71193213272903 0.0
402.74528854224883 -6.82124e-13
402.7786449517686 -1.36425e-12
402.8120013612885 -1.819e-12
402.8453577708083 -2.04638e-12
402.8787141803281 -2.7285e-12
402.91207058984793 -2.95587e-12
402.9454269993677 -2.50112e-12
402.9787834088875 -2.50112e-12
403.0121398184073 -2.27375e-12
403.0454962279272 -2.04638e-12
403.07885263744697 -1.59162e-12
403.11220904696677 -6.82124e-13
403.1455654564866 0.0
403.1789218660064 4.54751e-13
403.2122782755262 1.59162e-12
403.24563468504607 2.50112e-12
403.27899109456587 3.63801e-12
403.31234750408566 4.32013e-12
403.3457039136055 4.77487e-12
403.3790603231253 5.457e-12
403.4124167326451 5.457e-12
403.44577314216497 5.68437e-12
403.47912955168476 5.68437e-12
403.51248596120456 5.457e-12
403.5458423707244 4.77487e-12
403.5791987802442 4.5475e-12
403.612555189764 4.09275e-12
403.64591159928386 2.95587e-12
403.67926800880366 2.04638e-12
403.71262441832346 1.13688e-12
403.7459808278433 2.27375e-13
403.7793372373631 -6.82124e-13
403.8126936468829 -1.36425e-12
403.8460500564027 -2.50112e-12
403.87940646592256 -3.63801e-12
403.91276287544235 -4.77487e-12
403.94611928496215 -5.68437e-12
403.979475694482 -5.91174e-12
404.0128321040018 -6.82124e-12
404.0461885135216 -7.04861e-12
404.07954492304145 -7.50339e-12
404.11290133256125 -7.95813e-12
404.14625774208105 -7.04861e-12
404.1796141516009 -7.04861e-12
404.2129705611207 -7.04861e-12
404.2463269706405 -6.82124e-12
404.27968338016035 -6.36649e-12
404.31303978968015 -5.91174e-12
404.34639619919994 -5.68437e-12
404.3797526087198 -4.77487e-12
404.4131090182396 -4.09275e-12
404.4464654277594 -3.63801e-12
404.47982183727925 -3.18325e-12
404.51317824679904 -2.95587e-12
404.54653465631884 -2.04638e-12
404.5798910658387 -1.36425e-12
404.6132474753585 -6.82124e-13
404.6466038848783 -2.27375e-13
404.6799602943981 2.27375e-13
404.71331670391794 4.54751e-13
404.74667311343774 1.13688e-12
404.78002952295753 1.819e-12
404.8133859324774 1.819e-12
404.8467423419972 1.819e-12
404.880098751517 1.819e-12
404.91345516103684 1.819e-12
404.94681157055663 1.819e-12
404.98016798007643 2.27375e-12
405.0135243895963 1.819e-12
405.0468807991161 2.04638e-12
405.0802372086359 1.819e-12
405.11359361815573 1.59162e-12
405.14695002767553 9.09502e-13
405.1803064371953 9.09502e-13
405.2136628467152 2.27375e-13
405.247019256235 0.0
405.2803756657548 -4.54751e-13
405.31373207527463 -4.54751e-13
405.3470884847944 -6.82124e-13
405.3804448943142 -1.13688e-12
405.4138013038341 -1.36425e-12
405.4471577133539 -1.36425e-12
405.48051412287367 -1.36425e-12
405.51387053239347 -1.36425e-12
405.5472269419133 -1.819e-12
405.5805833514331 -1.59162e-12
405.6139397609529 -9.09502e-13
405.64729617047277 -6.82124e-13
405.68065257999257 -6.82124e-13
405.71400898951237 -2.27375e-13
405.7473653990322 4.54751e-13
405.780721808552 9.09502e-13
405.8140782180718 1.36425e-12
405.84743462759167 2.27375e-12
405.88079103711146 2.50112e-12
405.91414744663126 3.63801e-12
405.9475038561511 4.32013e-12
405.9808602656709 4.77487e-12
406.0142166751907 5.457e-12
406.04757308471056 6.13912e-12
406.08092949423036 6.82124e-12
406.11428590375016 7.95813e-12
406.14764231327 8.64026e-12
406.1809987227898 9.095e-12
406.2143551323096 9.32238e-12
406.24771154182946 9.32238e-12
406.28106795134926 9.77712e-12
406.31442436086905 9.77712e-12
406.34778077038885 9.32238e-12
406.3811371799087 9.77712e-12
406.4144935894285 9.54975e-12
406.4478499989483 9.32238e-12
406.48120640846815 9.095e-12
406.51456281798795 8.64026e-12
406.54791922750775 7.95813e-12
406.5812756370276 7.95813e-12
406.6146320465474 7.50339e-12
406.6479884560672 7.04861e-12
406.68134486558705 6.13912e-12
406.71470127510685 5.22962e-12
406.74805768462664 5.00225e-12
406.7814140941465 4.5475e-12
406.81477050366624 4.32013e-12
406.8481269131861 3.86538e-12
406.88148332270595 3.63801e-12
406.91483973222574 3.18325e-12
406.94819614174554 3.41062e-12
406.9815525512654 3.63801e-12
407.0149089607852 3.41062e-12
407.048265370305 3.18325e-12
407.08162177982484 2.95587e-12
407.11497818934464 2.95587e-12
407.14833459886444 2.95587e-12
407.18169100838423 2.95587e-12
407.2150474179041 2.95587e-12
407.2484038274239 2.50112e-12
407.2817602369437 2.27375e-12
407.31511664646354 2.7285e-12
407.34847305598333 2.95587e-12
407.38182946550313 2.7285e-12
407.415185875023 2.04638e-12
407.4485422845428 1.819e-12
407.4818986940626 2.04638e-12
407.51525510358243 2.04638e-12
407.54861151310223 1.36425e-12
407.581967922622 1.13688e-12
407.6153243321419 1.13688e-12
407.6486807416616 4.54751e-13
407.6820371511815 2.27375e-13
407.71539356070133 -4.54751e-13
407.74874997022107 -4.54751e-13
407.7821063797409 -9.09502e-13
407.8154627892608 -1.13688e-12
407.8488191987805 -1.36425e-12
407.8821756083004 -1.36425e-12
407.9155320178202 -1.819e-12
407.94888842734 -1.59162e-12
407.9822448368598 -1.36425e-12
408.0156012463796 -1.36425e-12
408.04895765589947 -6.82124e-13
408.08231406541927 -4.54751e-13
408.11567047493907 0.0
408.1490268844589 2.27375e-13
408.1823832939787 6.82124e-13
408.2157397034985 9.09502e-13
408.24909611301837 1.59162e-12
408.28245252253816 2.27375e-12
408.31580893205796 2.95587e-12
408.3491653415778 3.63801e-12
408.3825217510976 3.86538e-12
408.4158781606174 4.77487e-12
408.44923457013726 5.457e-12
408.482590979657 6.13912e-12
408.51594738917686 6.13912e-12
408.5493037986967 6.36649e-12
408.58266020821645 6.36649e-12
408.6160166177363 6.82124e-12
408.64937302725616 6.82124e-12
408.6827294367759 6.59386e-12
408.71608584629575 6.13912e-12
408.7494422558156 6.36649e-12
408.78279866533535 6.13912e-12
408.8161550748552 5.91174e-12
408.849511484375 5.457e-12
408.8828678938948 4.77487e-12
408.91622430341465 4.5475e-12
408.94958071293445 4.09275e-12
408.98293712245425 3.63801e-12
409.0162935319741 2.95587e-12
409.0496499414939 2.7285e-12
409.08300635101375 2.50112e-12
409.11636276053355 2.04638e-12
409.14971917005334 1.819e-12
409.1830755795732 1.13688e-12
409.216431989093 1.36425e-12
409.2497883986128 1.59162e-12
409.28314480813265 1.36425e-12
409.3165012176524 1.819e-12
409.34985762717224 1.59162e-12
409.3832140366921 1.36425e-12
409.41657044621184 1.13688e-12
409.4499268557317 9.09502e-13
409.48328326525154 9.09502e-13
409.5166396747713 1.13688e-12
409.54999608429114 1.13688e-12
409.583352493811 1.13688e-12
409.61670890333073 1.13688e-12
409.6500653128506 9.09502e-13
409.6834217223704 1.13688e-12
409.7167781318902 6.82124e-13
409.75013454141003 6.82124e-13
409.78349095092983 2.27375e-13
409.81684736044963 0.0
409.8502037699695 -2.27375e-13
409.8835601794893 0.0
409.9169165890091 0.0
409.95027299852893 0.0
409.9836294080487 -4.54751e-13
410.0169858175685 -4.54751e-13
410.0503422270884 0.0
410.0836986366082 2.27375e-13
410.11705504612803 2.27375e-13
410.15041145564777 4.54751e-13
410.1837678651676 4.54751e-13
410.2171242746875 4.54751e-13
410.2504806842072 9.09502e-13
410.2838370937271 1.36425e-12
410.3171935032469 1.59162e-12
410.35054991276667 1.819e-12
410.3839063222865 2.04638e-12
410.4172627318064 2.27375e-12
410.4506191413261 2.50112e-12
410.48397555084597 2.7285e-12
410.51733196036577 3.18325e-12
410.55068836988556 3.63801e-12
410.5840447794054 3.63801e-12
410.6174011889252 3.86538e-12
410.650757598445 4.09275e-12
410.68411400796487 4.09275e-12
410.71747041748466 4.32013e-12
410.75082682700446 4.77487e-12
410.7841832365243 4.5475e-12
410.8175396460441 4.77487e-12
410.8508960555639 5.00225e-12
410.88425246508376 4.77487e-12
410.91760887460356 4.77487e-12
410.95096528412336 4.77487e-12
410.98432169364315 4.32013e-12
411.017678103163 4.32013e-12
411.0510345126828 4.32013e-12
411.0843909222026 4.32013e-12
411.11774733172246 4.09275e-12
411.1511037412423 3.63801e-12
411.18446015076205 3.63801e-12
411.2178165602819 3.63801e-12
411.25117296980176 3.41062e-12
411.2845293793215 3.18325e-12
411.31788578884135 2.95587e-12
411.35124219836115 1.819e-12
411.38459860788095 1.819e-12
411.4179550174008 1.59162e-12
411.4513114269206 1.13688e-12
411.4846678364404 2.27375e-13
411.51802424596025 -2.27375e-13
411.55138065548005 -6.82124e-13
411.58473706499984 -1.36425e-12
411.6180934745197 -1.36425e-12
411.6514498840395 -1.59162e-12
411.6848062935593 -2.04638e-12
411.71816270307914 -2.04638e-12
411.75151911259894 -2.04638e-12
411.78487552211874 -2.27375e-12
411.81823193163854 -2.50112e-12
411.8515883411584 -2.95587e-12
411.8849447506782 -3.18325e-12
411.918301160198 -2.50112e-12
411.95165756971784 -2.27375e-12
411.98501397923764 -2.27375e-12
412.01837038875743 -2.04638e-12
412.0517267982773 -2.04638e-12
412.0850832077971 -1.36425e-12
412.1184396173169 -9.09502e-13
412.15179602683673 -4.54751e-13
412.18515243635653 2.27375e-13
412.21850884587633 2.27375e-13
412.2518652553962 4.54751e-13
412.285221664916 1.13688e-12
412.3185780744358 1.819e-12
412.35193448395563 2.27375e-12
412.3852908934754 2.7285e-12
412.4186473029952 3.18325e-12
412.4520037125151 3.63801e-12
412.4853601220349 3.86538e-12
412.5187165315547 4.32013e-12
412.5520729410745 4.32013e-12
412.5854293505943 4.77487e-12
412.6187857601141 5.00225e-12
412.6521421696339 5.00225e-12
412.6854985791538 5.00225e-12
412.71885498867357 5.457e-12
412.75221139819337 5.457e-12
412.7855678077132 5.00225e-12
412.818924217233 5.457e-12
412.8522806267528 5.457e-12
412.88563703627267 5.457e-12
412.91899344579247 5.00225e-12
412.95234985531226 5.22962e-12
412.9857062648321 4.77487e-12
413.0190626743519 4.77487e-12
413.0524190838717 4.77487e-12
413.08577549339157 4.32013e-12
413.11913190291136 3.63801e-12
413.15248831243116 3.18325e-12
413.185844721951 2.7285e-12
413.2192011314708 2.50112e-12
413.2525575409906 2.27375e-12
413.28591395051046 1.819e-12
413.31927036003026 1.13688e-12
413.35262676955006 9.09502e-13
413.3859831790699 4.54751e-13
413.4193395885897 0.0
413.4526959981095 -6.82124e-13
413.4860524076293 -1.13688e-12
413.51940881714916 -1.36425e-12
413.55276522666895 -2.04638e-12
413.58612163618875 -2.04638e-12
413.6194780457086 -2.27375e-12
413.6528344552284 -2.04638e-12
413.6861908647482 -1.819e-12
413.71954727426805 -2.27375e-12
413.75290368378785 -2.50112e-12
413.78626009330765 -2.27375e-12
413.8196165028275 -2.04638e-12
413.8529729123473 -1.59162e-12
413.8863293218671 -1.819e-12
413.91968573138695 -1.36425e-12
413.95304214090675 -1.36425e-12
413.98639855042654 -9.09502e-13
414.0197549599464 -2.27375e-13
414.0531113694662 4.54751e-13
414.086467778986 9.09502e-13
414.11982418850585 1.36425e-12
414.15318059802564 1.819e-12
414.18653700754544 2.50112e-12
414.2198934170653 3.41062e-12
414.2532498265851 4.09275e-12
414.2866062361049 4.5475e-12
414.3199626456247 5.22962e-12
414.35331905514454 5.68437e-12
414.38667546466434 6.13912e-12
414.42003187418413 6.82124e-12
414.453388283704 7.27601e-12
414.4867446932238 7.95813e-12
414.5201011027436 8.64026e-12
414.55345751226344 8.64026e-12
414.58681392178323 8.64026e-12
414.62017033130303 9.095e-12
414.6535267408229 8.86763e-12
414.6868831503427 8.64026e-12
414.7202395598625 8.86763e-12
414.75359596938233 8.64026e-12
414.78695237890213 8.64026e-12
414.8203087884219 7.95813e-12
414.8536651979418 7.27601e-12
414.8870216074616 6.82124e-12
414.9203780169814 6.36649e-12
414.9537344265012 5.91174e-12
414.987090836021 5.457e-12
415.0204472455408 5.22962e-12
415.0538036550607 3.86538e-12
415.0871600645805 3.18325e-12
415.12051647410027 2.95587e-12
415.15387288362007 2.27375e-12
415.1872292931399 1.819e-12
415.2205857026597 1.13688e-12
415.2539421121795 4.54751e-13
415.28729852169937 -4.54751e-13
415.32065493121917 -4.54751e-13
415.35401134073896 -6.82124e-13
415.3873677502588 -1.36425e-12
415.4207241597786 -1.819e-12
415.4540805692984 -2.04638e-12
415.48743697881827 -2.50112e-12
415.520793388338 -2.50112e-12
415.55414979785786 -2.95587e-12
415.5875062073777 -2.50112e-12
415.6208626168975 -2.04638e-12
415.6542190264173 -2.04638e-12
415.68757543593716 -2.27375e-12
415.72093184545696 -1.819e-12
415.75428825497676 -1.36425e-12
415.7876446644966 -1.36425e-12
415.8210010740164 -6.82124e-13
415.8543574835362 -2.27375e-13
415.88771389305606 0.0
415.92107030257586 4.54751e-13
415.95442671209565 1.36425e-12
415.98778312161545 1.819e-12
416.0211395311353 1.819e-12
416.0544959406551 2.50112e-12
416.0878523501749 2.7285e-12
416.12120875969475 2.95587e-12
416.15456516921455 3.41062e-12
416.18792157873435 3.63801e-12
416.2212779882542 3.63801e-12
416.254634397774 3.86538e-12
416.2879908072938 3.86538e-12
416.32134721681365 3.86538e-12
416.3547036263334 4.09275e-12
416.38806003585324 4.32013e-12
416.4214164453731 3.63801e-12
416.45477285489284 3.18325e-12
416.4881292644127 3.41062e-12
416.52148567393255 3.18325e-12
416.5548420834523 2.95587e-12
416.58819849297214 2.95587e-12
416.621554902492 2.95587e-12
416.65491131201173 2.95587e-12
416.6882677215316 2.7285e-12
416.72162413105144 2.27375e-12
416.75498054057124 2.27375e-12
416.78833695009104 2.04638e-12
416.82169335961083 2.04638e-12
416.8550497691307 2.04638e-12
416.8884061786505 1.819e-12
416.9217625881703 1.819e-12
416.95511899769014 1.819e-12
416.98847540720993 1.819e-12
417.02183181672973 1.59162e-12
417.0551882262496 2.04638e-12
417.0885446357694 2.27375e-12
417.1219010452892 2.27375e-12
417.15525745480903 2.27375e-12
417.1886138643288 2.50112e-12
417.2219702738486 2.7285e-12
417.2553266833685 2.95587e-12
417.2886830928882 3.41062e-12
417.3220395024081 3.63801e-12
417.3553959119279 3.63801e-12
417.38875232144767 3.86538e-12
417.4221087309675 3.63801e-12
417.4554651404874 3.63801e-12
417.4888215500071 4.32013e-12
417.52217795952697 4.09275e-12
417.5555343690468 3.86538e-12
417.58889077856657 3.63801e-12
417.6222471880864 3.86538e-12
417.6556035976062 4.09275e-12
417.688960007126 4.09275e-12
417.72231641664587 4.32013e-12
417.75567282616566 3.86538e-12
417.7890292356855 4.09275e-12
417.8223856452053 3.63801e-12
417.8557420547251 3.63801e-12
417.88909846424497 3.18325e-12
417.92245487376476 3.18325e-12
417.95581128328456 3.63801e-12
417.9891676928044 3.63801e-12
418.02252410232416 3.41062e-12
418.055880511844 2.7285e-12
418.08923692136386 2.95587e-12
418.1225933308836 2.50112e-12
418.15594974040346 2.50112e-12
418.1893061499233 2.27375e-12
418.22266255944305 2.27375e-12
418.2560189689629 2.7285e-12
418.28937537848276 2.27375e-12
418.3227317880025 1.819e-12
418.35608819752235 2.04638e-12
418.3894446070422 2.27375e-12
418.42280101656195 2.50112e-12
418.4561574260818 2.27375e-12
418.4895138356016 2.27375e-12
418.5228702451214 1.819e-12
418.55622665464125 2.04638e-12
418.58958306416105 1.819e-12
418.62293947368084 2.04638e-12
418.6562958832007 2.27375e-12
418.6896522927205 2.50112e-12
418.7230087022403 2.50112e-12
418.75636511176015 2.95587e-12
418.78972152127994 2.50112e-12
418.8230779307998 2.27375e-12
418.85643434031954 2.50112e-12
418.8897907498394 2.50112e-12
418.92314715935925 2.27375e-12
418.956503568879 2.27375e-12
418.98985997839884 2.50112e-12
419.0232163879187 2.27375e-12
419.05657279743843 1.819e-12
419.0899292069583 2.27375e-12
419.12328561647814 1.819e-12
419.1566420259979 1.36425e-12
419.18999843551774 1.13688e-12
419.2233548450376 9.09502e-13
419.25671125455733 6.82124e-13
419.2900676640772 4.54751e-13
419.323424073597 4.54751e-13
419.3567804831168 2.27375e-13
419.39013689263663 0.0
419.42349330215643 -6.82124e-13
419.4568497116762 -4.54751e-13
419.4902061211961 -4.54751e-13
419.5235625307159 -9.09502e-13
419.5569189402357 -1.13688e-12
419.59027534975553 -6.82124e-13
419.6236317592753 -4.54751e-13
419.6569881687951 -6.82124e-13
419.6903445783149 -6.82124e-13
419.7237009878348 -6.82124e-13
419.7570573973546 -6.82124e-13
419.79041380687437 -4.54751e-13
419.8237702163942 0.0
419.8571266259141 0.0
419.8904830354338 0.0
419.92383944495367 4.54751e-13
419.9571958544735 4.54751e-13
419.99055226399327 6.82124e-13
420.0239086735131 1.13688e-12
420.057265083033 1.36425e-12
420.0906214925527 1.819e-12
420.12397790207257 2.27375e-12
420.15733431159236 2.50112e-12
420.19069072111216 2.7285e-12
420.224047130632 2.95587e-12
420.2574035401518 2.7285e-12
420.2907599496716 2.7285e-12
420.32411635919146 3.18325e-12
420.35747276871126 3.63801e-12
420.39082917823106 3.86538e-12
420.4241855877509 3.86538e-12
420.4575419972707 3.86538e-12
420.4908984067905 4.32013e-12
420.5242548163103 4.32013e-12
420.55761122583016 4.32013e-12
420.59096763534995 4.32013e-12
420.62432404486975 4.32013e-12
420.6576804543896 4.5475e-12
420.6910368639094 4.77487e-12
420.7243932734292 4.5475e-12
420.75774968294905 5.00225e-12
420.79110609246885 5.00225e-12
420.82446250198865 4.77487e-12
420.8578189115085 4.5475e-12
420.89117532102836 4.5475e-12
420.9245317305481 5.00225e-12
420.95788814006795 5.00225e-12
420.99124454958775 4.77487e-12
421.02460095910754 4.5475e-12
421.0579573686274 4.77487e-12
421.0913137781472 4.32013e-12
421.124670187667 4.32013e-12
421.15802659718685 3.86538e-12
421.19138300670664 2.95587e-12
421.22473941622644 2.27375e-12
421.2580958257463 2.27375e-12
421.2914522352661 2.27375e-12
421.3248086447859 2.04638e-12
421.3581650543057 1.59162e-12
421.39152146382554 1.13688e-12
421.42487787334534 6.82124e-13
421.45823428286513 4.54751e-13
421.491590692385 0.0
421.5249471019048 0.0
421.5583035114246 -4.54751e-13
421.59165992094444 -6.82124e-13
421.62501633046423 -4.54751e-13
421.65837273998403 -4.54751e-13
421.6917291495039 -2.27375e-13
421.7250855590237 -2.27375e-13
421.7584419685435 -2.27375e-13
421.79179837806333 0.0
421.82515478758313 4.54751e-13
421.8585111971029 6.82124e-13
421.8918676066228 1.13688e-12
421.9252240161426 1.59162e-12
421.9585804256624 2.27375e-12
421.99193683518223 2.50112e-12
422.025293244702 2.95587e-12
422.0586496542218 3.41062e-12
422.0920060637417 4.09275e-12
422.1253624732615 4.32013e-12
422.1587188827813 4.5475e-12
422.19207529230107 4.77487e-12
422.2254317018209 5.22962e-12
422.2587881113407 5.91174e-12
422.2921445208605 6.13912e-12
422.3255009303804 6.13912e-12
422.35885733990017 6.59386e-12
422.39221374941997 6.36649e-12
422.4255701589398 6.13912e-12
422.4589265684596 6.13912e-12
422.4922829779794 6.13912e-12
422.52563938749927 6.36649e-12
422.55899579701907 6.13912e-12
422.59235220653886 5.68437e-12
422.6257086160587 5.457e-12
422.6590650255785 5.22962e-12
422.6924214350983 5.00225e-12
422.72577784461816 4.5475e-12
422.75913425413796 4.09275e-12
422.79249066365776 3.86538e-12
422.8258470731776 3.41062e-12
422.8592034826974 2.95587e-12
422.8925598922172 2.27375e-12
422.92591630173706 1.819e-12
422.95927271125686 1.819e-12
422.99262912077666 1.36425e-12
423.02598553029645 9.09502e-13
423.0593419398163 6.82124e-13
423.0926983493361 4.54751e-13
423.1260547588559 4.54751e-13
423.15941116837575 -4.54751e-13
423.19276757789555 -4.54751e-13
423.22612398741535 -2.27375e-13
423.2594803969352 -6.82124e-13
423.292836806455 -6.82124e-13
423.3261932159748 -6.82124e-13
423.35954962549465 -6.82124e-13
423.39290603501445 -9.09502e-13
423.42626244453425 -1.13688e-12
423.4596188540541 -1.36425e-12
423.4929752635739 -1.36425e-12
423.5263316730937 -1.36425e-12
423.55968808261355 -1.36425e-12
423.59304449213334 -1.36425e-12
423.62640090165314 -1.59162e-12
423.659757311173 -1.819e-12
423.6931137206928 -1.59162e-12
423.7264701302126 -1.36425e-12
423.75982653973244 -1.36425e-12
423.79318294925224 -1.59162e-12
423.82653935877204 -2.04638e-12
423.85989576829184 -2.27375e-12
423.8932521778117 -2.50112e-12
423.9266085873315 -2.04638e-12
423.9599649968513 -2.04638e-12
423.99332140637114 -2.04638e-12
424.02667781589093 -1.59162e-12
424.06003422541073 -1.13688e-12
424.0933906349306 -1.59162e-12
424.1267470444504 -1.36425e-12
424.1601034539702 -1.13688e-12
424.19345986349003 -1.13688e-12
424.22681627300983 -6.82124e-13
424.2601726825296 0.0
424.2935290920495 0.0
424.3268855015693 0.0
424.3602419110891 0.0
424.39359832060893 4.54751e-13
424.4269547301287 1.13688e-12
424.4603111396485 1.819e-12
424.4936675491684 2.7285e-12
424.5270239586882 2.95587e-12
424.560380368208 3.41062e-12
424.5937367777278 3.86538e-12
424.6270931872476 4.32013e-12
424.6604495967674 4.77487e-12
424.6938060062872 5.457e-12
424.7271624158071 5.457e-12
424.76051882532687 6.13912e-12
424.79387523484667 6.59386e-12
424.8272316443665 6.82124e-12
424.8605880538863 7.50339e-12
424.8939444634061 7.04861e-12
424.92730087292597 7.04861e-12
424.96065728244577 7.27601e-12
424.99401369196556 7.95813e-12
425.0273701014854 7.73076e-12
425.0607265110052 7.73076e-12
425.094082920525 7.50339e-12
425.12743933004487 7.27601e-12
425.1607957395646 7.50339e-12
425.19415214908446 7.27601e-12
425.2275085586043 7.04861e-12
425.26086496812405 6.82124e-12
425.2942213776439 6.36649e-12
425.32757778716376 6.13912e-12
425.3609341966835 5.457e-12
425.39429060620336 5.457e-12
425.4276470157232 5.00225e-12
425.461003425243 4.77487e-12
425.4943598347628 4.32013e-12
425.5277162442826 3.63801e-12
425.56107265380246 3.18325e-12
425.59442906332225 2.95587e-12
425.62778547284205 2.27375e-12
425.6611418823619 2.27375e-12
425.6944982918817 1.59162e-12
425.7278547014015 1.13688e-12
425.76121111092135 9.09502e-13
425.79456752044115 4.54751e-13
425.82792392996095 0.0
425.8612803394808 0.0
425.8946367490006 0.0
425.9279931585204 -2.27375e-13
425.96134956804025 -4.54751e-13
425.99470597756 -4.54751e-13
426.02806238707984 -2.27375e-13
426.0614187965997 0.0
426.09477520611944 0.0
426.1281316156393 0.0
426.16148802515914 0.0
426.1948444346789 2.27375e-13
426.22820084419874 4.54751e-13
426.2615572537186 6.82124e-13
426.29491366323833 6.82124e-13
426.3282700727582 6.82124e-13
426.361626482278 1.36425e-12
426.3949828917978 2.04638e-12
426.42833930131764 2.27375e-12
426.46169571083743 2.27375e-12
426.4950521203573 2.27375e-12
426.5284085298771 2.50112e-12
426.5617649393969 2.7285e-12
426.59512134891673 2.95587e-12
426.62847775843653 2.7285e-12
426.66183416795633 2.95587e-12
426.6951905774762 3.63801e-12
426.728546986996 3.41062e-12
426.7619033965158 3.18325e-12
426.79525980603563 2.95587e-12
426.82861621555537 3.18325e-12
426.8619726250752 3.63801e-12
426.8953290345951 3.41062e-12
426.9286854441148 3.18325e-12
426.9620418536347 2.95587e-12
426.99539826315447 2.7285e-12
427.0287546726743 2.50112e-12
427.0621110821941 2.7285e-12
427.0954674917139 2.95587e-12
427.1288239012338 2.50112e-12
427.16218031075357 2.27375e-12
427.19553672027337 2.27375e-12
427.2288931297932 2.27375e-12
427.262249539313 2.27375e-12
427.2956059488328 2.50112e-12
427.32896235835267 2.50112e-12
427.36231876787247 2.50112e-12
427.39567517739226 2.7285e-12
427.42903158691206 3.18325e-12
427.4623879964319 3.41062e-12
427.4957444059517 3.18325e-12
427.5291008154715 3.63801e-12
427.56245722499136 3.86538e-12
427.59581363451116 4.09275e-12
427.62917004403096 4.32013e-12
427.6625264535508 4.32013e-12
427.6958828630706 4.09275e-12
427.7292392725904 4.32013e-12
427.76259568211026 4.32013e-12
427.79595209163006 4.09275e-12
427.82930850114985 4.32013e-12
427.8626649106697 4.09275e-12
427.8960213201895 3.86538e-12
427.9293777297093 3.63801e-12
427.96273413922916 3.63801e-12
427.99609054874895 3.86538e-12
428.02944695826875 3.41062e-12
428.0628033677886 2.95587e-12
428.0961597773084 2.95587e-12
428.1295161868282 2.50112e-12
428.16287259634805 2.04638e-12
428.19622900586785 1.819e-12
428.22958541538765 1.36425e-12
428.26294182490744 1.13688e-12
428.2962982344273 1.13688e-12
428.3296546439471 6.82124e-13
428.3630110534669 0.0
428.39636746298675 -2.27375e-13
428.42972387250654 -2.27375e-13
428.46308028202634 -2.27375e-13
428.4964366915462 -6.82124e-13
428.529793101066 -4.54751e-13
428.5631495105858 -6.82124e-13
428.59650592010564 -6.82124e-13
428.62986232962544 -4.54751e-13
428.66321873914524 -6.82124e-13
428.6965751486651 -6.82124e-13
428.7299315581849 -6.82124e-13
428.7632879677047 -2.27375e-13
428.79664437722454 -9.09502e-13
428.83000078674434 -6.82124e-13
428.86335719626413 -2.27375e-13
428.896713605784 -2.27375e-13
428.9300700153038 -2.27375e-13
428.9634264248236 -2.27375e-13
428.99678283434343 0.0
429.03013924386323 4.54751e-13
429.06349565338303 1.13688e-12
429.0968520629028 1.36425e-12
429.1302084724227 1.819e-12
429.1635648819425 2.04638e-12
429.1969212914623 2.27375e-12
429.2302777009821 2.27375e-12
429.2636341105019 2.7285e-12
429.2969905200217 2.95587e-12
429.3303469295416 2.95587e-12
429.3637033390614 3.41062e-12
429.39705974858117 3.63801e-12
429.430416158101 4.09275e-12
429.4637725676208 4.5475e-12
429.4971289771406 4.77487e-12
429.5304853866605 4.77487e-12
429.56384179618027 4.77487e-12
429.59719820570007 4.77487e-12
429.6305546152199 4.77487e-12
429.6639110247397 5.00225e-12
429.6972674342595 4.77487e-12
429.73062384377937 5.00225e-12
429.76398025329917 5.00225e-12
429.79733666281896 5.22962e-12
429.8306930723388 5.22962e-12
429.8640494818586 5.00225e-12
429.8974058913784 5.457e-12
429.9307623008982 5.22962e-12
429.96411871041806 4.5475e-12
429.99747511993786 4.32013e-12
430.03083152945766 3.86538e-12
430.0641879389775 3.86538e-12
430.0975443484973 3.41062e-12
430.1309007580171 3.18325e-12
430.16425716753696 2.7285e-12
430.19761357705676 2.7285e-12
430.23096998657655 2.27375e-12
430.2643263960964 1.819e-12
430.2976828056162 1.819e-12
430.331039215136 1.59162e-12
430.36439562465586 1.59162e-12
430.39775203417565 1.13688e-12
430.43110844369545 1.13688e-12
430.4644648532153 1.13688e-12
430.4978212627351 9.09502e-13
430.5311776722549 4.54751e-13
430.56453408177475 1.13688e-12
430.59789049129455 6.82124e-13
430.63124690081435 4.54751e-13
430.6646033103342 6.82124e-13
430.697959719854 4.54751e-13
430.7313161293738 2.27375e-13
430.76467253889354 6.82124e-13
430.79802894841345 6.82124e-13
430.83138535793324 4.54751e-13
430.864741767453 6.82124e-13
430.8980981769729 1.36425e-12
430.9314545864927 1.13688e-12
430.9648109960125 1.59162e-12
430.99816740553234 1.819e-12
431.03152381505214 2.04638e-12
431.06488022457194 2.04638e-12
431.0982366340918 2.04638e-12
431.1315930436116 2.27375e-12
431.1649494531314 2.27375e-12
431.19830586265124 2.27375e-12
431.23166227217104 2.27375e-12
431.26501868169083 2.27375e-12
431.2983750912107 2.27375e-12
431.3317315007305 2.27375e-12
431.3650879102503 2.7285e-12
431.39844431977014 2.27375e-12
431.43180072928993 2.7285e-12
431.46515713880973 2.27375e-12
431.4985135483296 2.27375e-12
431.5318699578494 2.04638e-12
431.5652263673692 2.04638e-12
431.5985827768889 2.27375e-12
431.63193918640883 2.27375e-12
431.6652955959286 2.50112e-12
431.69865200544837 2.27375e-12
431.7320084149683 2.27375e-12
431.7653648244881 2.27375e-12
431.7987212340078 2.27375e-12
431.8320776435277 2.27375e-12
431.8654340530475 2.04638e-12
431.89879046256726 2.27375e-12
431.9321468720872 2.7285e-12
431.96550328160697 3.18325e-12
431.99885969112677 2.95587e-12
432.0322161006466 2.95587e-12
432.0655725101664 3.63801e-12
432.0989289196862 3.41062e-12
432.13228532920607 3.63801e-12
432.16564173872587 3.86538e-12
432.19899814824566 3.86538e-12
432.2323545577655 4.32013e-12
432.2657109672853 4.32013e-12
432.2990673768051 4.32013e-12
432.33242378632497 4.09275e-12
432.36578019584476 4.32013e-12
432.39913660536456 4.32013e-12
432.4324930148843 4.32013e-12
432.4658494244042 4.09275e-12
432.499205833924 3.63801e-12
432.53256224344375 3.86538e-12
432.56591865296366 4.32013e-12
432.59927506248346 4.32013e-12
432.6326314720032 3.86538e-12
432.6659878815231 3.63801e-12
432.6993442910429 3.41062e-12
432.73270070056265 3.18325e-12
432.76605711008256 2.95587e-12
432.79941351960235 3.18325e-12
432.8327699291221 3.18325e-12
432.866126338642 3.41062e-12
432.8994827481618 3.41062e-12
432.93283915768154 2.95587e-12
432.96619556720145 2.95587e-12
432.99955197672125 2.7285e-12
433.032908386241 2.27375e-12
433.0662647957609 2.04638e-12
433.0996212052807 2.27375e-12
433.1329776148005 2.50112e-12
433.16633402432035 2.7285e-12
433.19969043384015 2.50112e-12
433.23304684335994 2.27375e-12
433.2664032528797 2.27375e-12
433.2997596623996 2.27375e-12
433.3331160719194 2.7285e-12
433.36647248143913 2.50112e-12
433.39982889095904 2.27375e-12
433.43318530047884 2.27375e-12
433.4665417099986 2.50112e-12
433.4998981195185 2.95587e-12
433.5332545290383 2.7285e-12
433.56661093855803 2.7285e-12
433.59996734807794 2.95587e-12
433.63332375759774 2.7285e-12
433.6666801671175 2.95587e-12
433.7000365766374 2.95587e-12
433.7333929861572 2.95587e-12
433.7667493956769 3.18325e-12
433.80010580519684 3.63801e-12
433.83346221471663 3.63801e-12
433.8668186242364 3.63801e-12
433.9001750337563 3.18325e-12
433.9335314432761 3.41062e-12
433.9668878527958 2.95587e-12
434.00024426231573 2.95587e-12
434.03360067183553 3.18325e-12
434.06695708135527 3.18325e-12
434.10031349087507 2.7285e-12
434.133669900395 2.50112e-12
434.1670263099148 2.50112e-12
434.2003827194345 2.27375e-12
434.2337391289544 2.50112e-12
434.2670955384742 2.27375e-12
434.30045194799396 2.04638e-12
434.3338083575139 2.04638e-12
434.36716476703367 1.819e-12
434.4005211765534 1.819e-12
434.4338775860733 1.59162e-12
434.4672339955931 1.13688e-12
434.50059040511286 1.13688e-12
434.53394681463277 1.36425e-12
434.56730322415257 1.59162e-12
434.6006596336723 1.59162e-12
434.6340160431922 1.59162e-12
434.667372452712 1.819e-12
434.70072886223176 1.59162e-12
434.73408527175167 2.27375e-12
434.76744168127146 2.27375e-12
434.8007980907912 2.50112e-12
434.8341545003111 2.27375e-12
434.8675109098309 2.27375e-12
434.90086731935065 2.7285e-12
434.93422372887045 3.18325e-12
434.96758013839036 3.18325e-12
435.0009365479101 2.95587e-12
435.0342929574299 3.41062e-12
435.0676493669498 3.41062e-12
435.10100577646955 3.63801e-12
435.13436218598935 3.63801e-12
435.16771859550926 4.09275e-12
435.20107500502905 4.32013e-12
435.2344314145488 3.86538e-12
435.2677878240687 3.86538e-12
435.3011442335885 3.86538e-12
435.33450064310824 3.63801e-12
435.36785705262815 3.63801e-12
435.40121346214795 3.63801e-12
435.4345698716677 3.18325e-12
435.4679262811876 2.95587e-12
435.5012826907074 3.18325e-12
435.53463910022714 3.18325e-12
435.56799550974705 2.95587e-12
435.60135191926685 2.95587e-12
435.6347083287866 2.7285e-12
435.6680647383065 2.50112e-12
435.7014211478263 2.27375e-12
435.73477755734604 2.04638e-12
435.76813396686583 2.27375e-12
435.80149037638574 2.04638e-12
435.8348467859055 2.27375e-12
435.8682031954253 2.27375e-12
435.9015596049452 2.27375e-12
435.93491601446493 1.819e-12
435.96827242398473 1.819e-12
436.00162883350464 1.819e-12
436.0349852430244 2.27375e-12
436.0683416525442 2.27375e-12
436.1016980620641 2.27375e-12
436.1350544715838 2.27375e-12
436.1684108811036 2.27375e-12
436.20176729062354 2.50112e-12
436.23512370014333 2.50112e-12
436.2684801096631 2.27375e-12
436.301836519183 2.27375e-12
436.3351929287028 2.27375e-12
436.3685493382225 2.7285e-12
436.40190574774243 2.95587e-12
436.43526215726223 3.18325e-12
436.46861856678197 2.95587e-12
436.5019749763019 2.50112e-12
436.5353313858217 2.27375e-12
436.5686877953414 2.27375e-12
436.6020442048612 2.7285e-12
436.6354006143811 2.95587e-12
436.66875702390087 2.27375e-12
436.70211343342066 2.04638e-12
436.7354698429406 2.50112e-12
436.7688262524603 1.819e-12
436.8021826619801 1.59162e-12
436.8355390715 1.36425e-12
436.86889548101976 1.59162e-12
436.90225189053956 1.819e-12
436.93560830005947 1.819e-12
436.9689647095792 1.59162e-12
437.002321119099 1.36425e-12
437.0356775286189 1.819e-12
437.06903393813866 1.59162e-12
437.10239034765846 1.819e-12
437.13574675717837 1.819e-12
437.1691031666981 1.819e-12
437.2024595762179 1.59162e-12
437.2358159857378 2.04638e-12
437.2691723952576 2.04638e-12
437.30252880477735 1.819e-12
437.33588521429726 1.819e-12
437.36924162381706 1.819e-12
437.4025980333368 2.04638e-12
437.4359544428566 1.819e-12
437.4693108523765 1.819e-12
437.50266726189625 2.27375e-12
437.53602367141605 2.04638e-12
437.56938008093596 2.50112e-12
437.6027364904557 2.50112e-12
437.6360928999755 2.50112e-12
437.6694493094954 2.7285e-12
437.70280571901515 2.50112e-12
437.73616212853494 2.04638e-12
437.76951853805485 2.50112e-12
437.8028749475746 2.27375e-12
437.8362313570944 2.04638e-12
437.8695877666143 1.819e-12
437.90294417613404 1.819e-12
437.93630058565384 1.819e-12
437.96965699517375 1.819e-12
438.0030134046935 2.27375e-12
438.0363698142133 2.27375e-12
438.0697262237332 2.04638e-12
438.10308263325294 2.04638e-12
438.13643904277274 2.04638e-12
438.16979545229265 1.819e-12
438.2031518618124 1.819e-12
438.2365082713322 1.59162e-12
438.269864680852 1.36425e-12
438.30322109037184 1.819e-12
438.33657749989163 1.59162e-12
438.36993390941143 1.13688e-12
438.40329031893134 1.819e-12
438.4366467284511 1.59162e-12
438.4700031379709 1.819e-12
438.5033595474908 1.59162e-12
438.53671595701053 1.819e-12
438.5700723665303 1.819e-12
438.60342877605024 2.04638e-12
438.63678518557 2.27375e-12
438.6701415950898 2.27375e-12
438.7034980046097 1.819e-12
438.7368544141294 2.04638e-12
438.7702108236492 2.27375e-12
438.80356723316913 2.27375e-12
438.8369236426889 2.27375e-12
438.87028005220867 2.50112e-12
438.9036364617286 2.7285e-12
438.9369928712483 2.95587e-12
438.9703492807681 2.7285e-12
439.00370569028803 3.18325e-12
439.03706209980777 3.63801e-12
439.07041850932757 3.63801e-12
439.10377491884736 3.63801e-12
439.1371313283672 3.63801e-12
439.170487737887 4.09275e-12
439.2038441474068 4.09275e-12
439.23720055692667 3.86538e-12
439.27055696644646 4.09275e-12
439.30391337596626 4.09275e-12
439.3372697854861 4.32013e-12
439.3706261950059 4.32013e-12
439.4039826045257 4.32013e-12
439.4373390140456 3.63801e-12
439.47069542356536 3.63801e-12
439.50405183308516 3.86538e-12
439.53740824260507 4.09275e-12
439.5707646521248 3.86538e-12
439.6041210616446 3.63801e-12
439.6374774711645 3.41062e-12
439.67083388068426 3.18325e-12
439.70419029020405 2.95587e-12
439.73754669972396 2.95587e-12
439.7709031092437 2.95587e-12
439.8042595187635 2.50112e-12
439.8376159282834 2.04638e-12
439.87097233780315 2.04638e-12
439.90432874732295 2.04638e-12
439.93768515684275 1.59162e-12
439.9710415663626 1.819e-12
440.0043979758824 1.819e-12
440.0377543854022 1.819e-12
440.07111079492205 1.819e-12
440.10446720444185 1.36425e-12
440.13782361396164 1.36425e-12
440.1711800234815 1.36425e-12
440.2045364330013 1.819e-12
440.2378928425211 1.36425e-12
440.27124925204095 1.13688e-12
440.30460566156074 1.13688e-12
440.33796207108054 1.59162e-12
440.3713184806004 1.13688e-12
440.4046748901202 1.36425e-12
440.43803129964 1.36425e-12
440.4713877091599 1.36425e-12
440.50474411867964 1.819e-12
440.53810052819944 1.59162e-12
440.57145693771935 1.819e-12
440.6048133472391 1.819e-12
440.6381697567589 1.59162e-12
440.6715261662788 1.819e-12
440.70488257579854 1.59162e-12
440.73823898531833 1.36425e-12
440.77159539483813 1.13688e-12
440.804951804358 1.36425e-12
440.8383082138778 2.04638e-12
440.8716646233976 1.819e-12
440.90502103291743 1.819e-12
440.93837744243723 1.59162e-12
440.971733851957 2.04638e-12
441.0050902614769 2.04638e-12
441.0384466709967 2.04638e-12
441.0718030805165 2.04638e-12
441.1051594900363 2.04638e-12
441.1385158995561 2.04638e-12
441.1718723090759 2.27375e-12
441.2052287185958 2.50112e-12
441.2385851281156 2.7285e-12
441.27194153763537 2.50112e-12
441.3052979471552 2.27375e-12
441.338654356675 2.7285e-12
441.3720107661948 2.7285e-12
441.4053671757147 2.7285e-12
441.43872358523447 2.7285e-12
441.47207999475427 2.95587e-12
441.5054364042742 3.41062e-12
441.5387928137939 3.63801e-12
441.5721492233137 2.95587e-12
441.6055056328335 3.41062e-12
441.63886204235337 3.41062e-12
441.67221845187316 3.41062e-12
441.70557486139296 3.41062e-12
441.7389312709128 2.95587e-12
441.7722876804326 2.95587e-12
441.8056440899524 2.95587e-12
441.83900049947226 2.7285e-12
441.87235690899206 2.7285e-12
441.90571331851186 2.50112e-12
441.9390697280317 2.7285e-12
441.9724261375515 2.50112e-12
442.0057825470713 2.95587e-12
442.03913895659116 2.7285e-12
442.07249536611096 2.50112e-12
442.10585177563075 2.04638e-12
442.1392081851506 1.819e-12
442.1725645946704 1.819e-12
442.2059210041902 2.04638e-12
442.23927741371006 1.819e-12
442.27263382322985 2.04638e-12
442.30599023274965 2.04638e-12
442.3393466422695 2.27375e-12
442.3727030517893 1.819e-12
442.4060594613091 1.819e-12
442.4394158708289 1.819e-12
442.47277228034875 1.819e-12
442.50612868986855 1.59162e-12
442.53948509938834 1.819e-12
442.5728415089082 1.819e-12
442.606197918428 1.59162e-12
442.6395543279478 1.59162e-12
442.67291073746765 1.819e-12
442.70626714698744 1.59162e-12
442.73962355650724 1.819e-12
442.7729799660271 2.04638e-12
442.8063363755469 2.27375e-12
442.8396927850667 2.27375e-12
442.87304919458654 2.50112e-12
442.90640560410634 2.50112e-12
442.93976201362614 2.7285e-12
442.973118423146 2.95587e-12
443.0064748326658 2.95587e-12
443.0398312421856 3.18325e-12
443.07318765170544 3.41062e-12
443.10654406122524 3.63801e-12
443.13990047074503 3.86538e-12
443.1732568802649 3.63801e-12
443.2066132897847 3.86538e-12
443.2399696993045 3.86538e-12
443.2733261088243 4.32013e-12
443.30668251834413 4.77487e-12
443.34003892786393 4.77487e-12
443.3733953373837 4.5475e-12
443.4067517469036 4.32013e-12
443.4401081564234 4.5475e-12
443.4734645659432 4.32013e-12
443.50682097546303 4.5475e-12
443.5401773849828 4.09275e-12
443.5735337945026 3.63801e-12
443.6068902040225 3.41062e-12
443.6402466135423 3.63801e-12
443.67360302306207 3.63801e-12
443.7069594325819 3.63801e-12
443.7403158421017 3.18325e-12
443.7736722516215 2.7285e-12
443.8070286611414 2.50112e-12
443.84038507066117 2.04638e-12
443.87374148018097 1.819e-12
443.9070978897008 2.04638e-12
443.9404542992206 1.59162e-12
443.9738107087404 1.13688e-12
444.00716711826027 4.54751e-13
444.04052352778007 0.0
444.07387993729986 2.27375e-13
444.10723634681966 0.0
444.1405927563395 0.0
444.1739491658593 0.0
444.2073055753791 0.0
444.24066198489896 0.0
444.27401839441876 0.0
444.30737480393856 0.0
444.3407312134584 0.0
444.3740876229782 0.0
444.407444032498 4.54751e-13
444.44080044201786 4.54751e-13
444.47415685153766 9.09502e-13
444.50751326105745 1.13688e-12
444.5408696705773 1.36425e-12
444.5742260800971 1.819e-12
444.6075824896169 2.04638e-12
444.64093889913676 2.27375e-12
444.67429530865655 2.50112e-12
444.70765171817635 2.95587e-12
444.7410081276962 3.41062e-12
444.774364537216 3.63801e-12
444.8077209467358 3.63801e-12
444.84107735625565 3.86538e-12
444.87443376577545 4.09275e-12
444.90779017529525 4.09275e-12
444.94114658481504 4.32013e-12
444.9745029943349 4.09275e-12
445.0078594038547 4.09275e-12
445.0412158133745 4.09275e-12
445.07457222289435 4.09275e-12
445.10792863241414 4.32013e-12
445.14128504193394 4.09275e-12
445.1746414514538 3.63801e-12
445.2079978609736 3.41062e-12
445.2413542704934 2.95587e-12
445.27471068001324 3.18325e-12
445.30806708953304 2.95587e-12
445.34142349905284 2.27375e-12
445.3747799085727 2.27375e-12
445.4081363180925 1.819e-12
445.4414927276123 1.819e-12
445.47484913713214 1.36425e-12
445.50820554665194 1.13688e-12
445.54156195617173 1.36425e-12
445.5749183656916 1.13688e-12
445.6082747752114 1.13688e-12
445.6416311847312 4.54751e-13
445.67498759425104 4.54751e-13
445.70834400377083 4.54751e-13
445.74170041329063 6.82124e-13
445.7750568228104 6.82124e-13
445.8084132323303 6.82124e-13
445.8417696418501 6.82124e-13
445.8751260513699 6.82124e-13
445.90848246088973 9.09502e-13
445.9418388704095 9.09502e-13
445.9751952799293 9.09502e-13
446.0085516894492 6.82124e-13
446.041908098969 1.13688e-12
446.0752645084888 9.09502e-13
446.1086209180086 1.13688e-12
446.1419773275284 9.09502e-13
446.1753337370482 1.13688e-12
446.2086901465681 1.13688e-12
446.24204655608787 1.13688e-12
446.27540296560767 1.59162e-12
446.3087593751275 1.36425e-12
446.3421157846473 1.819e-12
446.3754721941671 1.59162e-12
446.40882860368697 1.819e-12
446.44218501320677 1.819e-12
446.47554142272656 1.819e-12
446.5088978322464 2.04638e-12
446.5422542417662 2.04638e-12
446.575610651286 2.04638e-12
446.6089670608058 2.27375e-12
446.64232347032566 2.27375e-12
446.67567987984546 2.27375e-12
446.70903628936526 2.27375e-12
446.7423926988851 2.7285e-12
446.7757491084049 3.18325e-12
446.8091055179247 2.7285e-12
446.84246192744456 2.7285e-12
446.87581833696436 2.95587e-12
446.90917474648415 3.18325e-12
446.942531156004 3.18325e-12
446.9758875655238 2.95587e-12
447.0092439750436 2.95587e-12
447.04260038456346 3.18325e-12
447.07595679408325 2.95587e-12
447.10931320360305 2.95587e-12
447.1426696131229 3.18325e-12
447.1760260226427 3.18325e-12
447.2093824321625 2.95587e-12
447.24273884168235 2.95587e-12
447.27609525120215 2.7285e-12
447.30945166072195 2.95587e-12
447.3428080702418 2.7285e-12
447.3761644797616 2.95587e-12
447.4095208892814 2.95587e-12
447.4428772988012 2.7285e-12
447.47623370832105 2.7285e-12
447.50959011784084 2.50112e-12
447.54294652736064 2.50112e-12
447.5763029368805 2.27375e-12
447.6096593464003 2.50112e-12
447.6430157559201 2.50112e-12
447.67637216543994 2.50112e-12
447.70972857495974 2.50112e-12
447.74308498447954 2.7285e-12
447.7764413939994 2.95587e-12
447.8097978035192 2.95587e-12
447.843154213039 2.95587e-12
447.87651062255884 2.95587e-12
447.90986703207864 3.18325e-12
447.94322344159843 2.95587e-12
447.9765798511183 3.18325e-12
448.0099362606381 2.7285e-12
448.0432926701579 2.95587e-12
448.07664907967774 2.95587e-12
448.11000548919753 2.7285e-12
448.14336189871733 3.18325e-12
448.1767183082372 3.18325e-12
448.210074717757 2.95587e-12
448.2434311272768 2.95587e-12
448.2767875367965 2.50112e-12
448.31014394631643 2.7285e-12
448.3435003558362 2.7285e-12
448.376856765356 2.27375e-12
448.4102131748759 2.27375e-12
448.4435695843957 2.27375e-12
448.4769259939155 2.27375e-12
448.5102824034353 2.27375e-12
448.5436388129551 2.04638e-12
448.5769952224749 2.04638e-12
448.6103516319948 2.04638e-12
448.64370804151457 1.59162e-12
448.67706445103437 1.36425e-12
448.7104208605542 1.13688e-12
448.743777270074 1.13688e-12
448.7771336795938 4.54751e-13
448.81049008911367 1.13688e-12
448.84384649863347 1.36425e-12
448.87720290815327 9.09502e-13
448.9105593176731 6.82124e-13
448.9439157271929 1.13688e-12
448.9772721367127 1.13688e-12
449.01062854623257 1.36425e-12
449.04398495575236 1.13688e-12
449.07734136527216 1.36425e-12
449.1106977747919 1.819e-12
449.1440541843118 1.36425e-12
449.1774105938316 1.819e-12
449.21076700335135 2.04638e-12
449.24412341287126 2.27375e-12
449.27747982239106 2.7285e-12
449.3108362319108 2.7285e-12
449.3441926414307 2.50112e-12
449.3775490509505 2.50112e-12
449.41090546047025 2.95587e-12
449.44426186999016 3.63801e-12
449.47761827950995 3.41062e-12
449.51097468902975 3.63801e-12
449.5443310985496 3.41062e-12
449.5776875080694 3.18325e-12
449.6110439175892 3.18325e-12
449.64440032710905 3.41062e-12
449.67775673662885 3.41062e-12
449.71111314614865 2.95587e-12
449.7444695556685 3.18325e-12
449.7778259651883 3.41062e-12
449.8111823747081 3.18325e-12
449.84453878422795 3.18325e-12
449.87789519374775 3.41062e-12
449.91125160326754 2.95587e-12
449.9446080127873 2.7285e-12
449.9779644223072 2.27375e-12
450.011320831827 2.27375e-12
450.04467724134673 2.7285e-12
450.07803365086664 2.50112e-12
450.11139006038644 2.04638e-12
450.1447464699062 2.04638e-12
450.1781028794261 2.04638e-12
450.2114592889459 1.819e-12
450.24481569846563 2.04638e-12
450.27817210798554 1.59162e-12
450.31152851750534 1.819e-12
450.3448849270251 1.819e-12
450.378241336545 1.819e-12
450.4115977460648 2.04638e-12
450.4449541555845 2.04638e-12
450.47831056510444 2.27375e-12
450.51166697462423 2.27375e-12
450.54502338414403 2.27375e-12
450.5783797936639 2.04638e-12
450.6117362031837 2.27375e-12
450.6450926127035 2.27375e-12
450.67844902222333 2.27375e-12
450.71180543174313 2.04638e-12
450.7451618412629 2.27375e-12
450.77851825078267 2.50112e-12
450.8118746603026 3.18325e-12
450.8452310698224 2.95587e-12
450.8785874793421 2.7285e-12
450.911943888862 2.95587e-12
450.9453002983818 2.95587e-12
450.97865670790156 2.95587e-12
451.0120131174215 2.7285e-12
451.0453695269413 2.95587e-12
451.078725936461 2.95587e-12
451.1120823459809 3.18325e-12
451.1454387555007 2.95587e-12
451.17879516502046 2.95587e-12
451.21215157454037 2.50112e-12
451.24550798406017 2.27375e-12
451.2788643935799 2.27375e-12
451.3122208030998 2.27375e-12
451.3455772126196 2.04638e-12
451.37893362213936 1.819e-12
451.41229003165927 2.04638e-12
451.44564644117906 2.04638e-12
451.4790028506988 1.819e-12
451.5123592602187 1.59162e-12
451.5457156697385 1.819e-12
451.5790720792583 1.59162e-12
451.61242848877805 1.819e-12
451.64578489829796 1.819e-12
451.67914130781776 1.819e-12
451.7124977173375 1.819e-12
451.7458541268574 2.04638e-12
451.7792105363772 1.819e-12
451.81256694589695 1.819e-12
451.84592335541686 1.819e-12
451.87927976493665 2.04638e-12
451.9126361744564 2.04638e-12
451.9459925839763 2.04638e-12
451.9793489934961 2.27375e-12
452.01270540301584 2.27375e-12
452.04606181253575 2.27375e-12
452.07941822205555 2.27375e-12
452.1127746315753 2.27375e-12
452.1461310410952 2.7285e-12
452.179487450615 2.7285e-12
452.21284386013474 3.18325e-12
452.24620026965465 3.63801e-12
452.27955667917445 3.63801e-12
452.3129130886942 3.63801e-12
452.3462694982141 3.41062e-12
452.3796259077339 3.63801e-12
452.41298231725364 3.86538e-12
452.44633872677343 3.63801e-12
452.47969513629334 3.86538e-12
452.5130515458131 3.86538e-12
452.5464079553329 3.63801e-12
452.5797643648528 3.86538e-12
452.6131207743726 4.09275e-12
452.64647718389233 3.86538e-12
452.67983359341224 3.86538e-12
452.71319000293204 3.63801e-12
452.7465464124518 3.63801e-12
452.7799028219717 3.63801e-12
452.8132592314915 3.63801e-12
452.8466156410112 3.63801e-12
452.87997205053114 3.41062e-12
452.91332846005093 2.95587e-12
452.9466848695707 2.95587e-12
452.9800412790906 2.50112e-12
453.0133976886104 2.27375e-12
453.0467540981301 2.04638e-12
453.08011050765003 2.04638e-12
453.11346691716983 1.819e-12
453.14682332668957 1.13688e-12
453.1801797362095 1.13688e-12
453.2135361457293 1.13688e-12
453.246892555249 1.13688e-12
453.2802489647688 1.13688e-12
453.3136053742887 6.82124e-13
453.34696178380847 4.54751e-13
453.38031819332826 4.54751e-13
453.4136746028482 4.54751e-13
453.4470310123679 4.54751e-13
453.4803874218877 1.13688e-12
453.5137438314076 6.82124e-13
453.54710024092736 6.82124e-13
453.58045665044716 9.09502e-13
453.6138130599671 1.13688e-12
453.6471694694868 1.59162e-12
453.6805258790066 1.36425e-12
453.7138822885265 1.36425e-12
453.7472386980463 1.36425e-12
453.78059510756606 1.819e-12
453.81395151708597 1.819e-12
453.84730792660577 1.819e-12
453.8806643361255 2.27375e-12
453.9140207456454 2.50112e-12
453.9473771551652 2.50112e-12
453.98073356468495 2.7285e-12
454.01408997420486 2.95587e-12
454.04744638372466 2.95587e-12
454.0808027932444 2.95587e-12
454.1141592027642 3.18325e-12
454.1475156122841 3.63801e-12
454.18087202180385 3.63801e-12
454.21422843132365 3.41062e-12
454.24758484084356 3.41062e-12
454.2809412503633 3.86538e-12
454.3142976598831 3.86538e-12
454.347654069403 3.63801e-12
454.38101047892275 3.63801e-12
454.41436688844254 3.41062e-12
454.44772329796245 3.63801e-12
454.4810797074822 3.63801e-12
454.514436117002 3.41062e-12
454.5477925265219 2.95587e-12
454.58114893604164 3.18325e-12
454.61450534556144 3.41062e-12
454.64786175508135 2.50112e-12
454.6812181646011 3.18325e-12
454.7145745741209 2.95587e-12
454.7479309836408 2.50112e-12
454.7812873931606 2.27375e-12
454.81464380268034 2.27375e-12
454.84800021220025 2.04638e-12
454.88135662172004 2.27375e-12
454.9147130312398 1.819e-12
454.9480694407596 1.819e-12
454.9814258502795 1.59162e-12
455.01478225979923 1.59162e-12
455.04813866931903 1.819e-12
455.08149507883894 1.819e-12
455.1148514883587 1.819e-12
455.1482078978785 1.59162e-12
455.1815643073984 1.59162e-12
455.21492071691813 1.819e-12
455.2482771264379 2.04638e-12
455.28163353595784 2.27375e-12
455.3149899454776 2.27375e-12
455.3483463549974 2.04638e-12
455.3817027645173 2.27375e-12
455.415059174037 2.04638e-12
455.4484155835568 2.27375e-12
455.48177199307673 2.27375e-12
455.5151284025965 1.819e-12
455.54848481211627 1.819e-12
455.5818412216362 2.04638e-12
455.6151976311559 1.819e-12
455.6485540406757 1.59162e-12
455.68191045019563 1.59162e-12
455.71526685971537 1.819e-12
455.74862326923517 1.819e-12
455.78197967875496 1.819e-12
455.8153360882749 1.819e-12
455.8486924977946 1.36425e-12
455.8820489073144 1.819e-12
455.9154053168343 1.819e-12
455.94876172635406 1.59162e-12
455.98211813587386 1.13688e-12
456.0154745453938 1.13688e-12
456.0488309549135 1.13688e-12
456.0821873644333 1.13688e-12
456.1155437739532 1.59162e-12
456.14890018347296 1.36425e-12
456.18225659299276 9.09502e-13
456.21561300251267 6.82124e-13
456.2489694120324 1.13688e-12
456.2823258215522 1.13688e-12
456.3156822310721 1.13688e-12
456.34903864059186 1.13688e-12
456.38239505011165 1.36425e-12
456.41575145963157 1.819e-12
456.4491078691513 1.59162e-12
456.4824642786711 1.13688e-12
456.515820688191 1.36425e-12
456.54917709771075 1.819e-12
456.58253350723055 2.27375e-12
456.61588991675035 2.27375e-12
456.6492463262702 2.27375e-12
456.68260273579 2.04638e-12
456.7159591453098 1.819e-12
456.74931555482965 2.27375e-12
456.78267196434945 2.50112e-12
456.81602837386924 2.7285e-12
456.84938478338916 2.50112e-12
456.8827411929089 2.27375e-12
456.9160976024287 2.7285e-12
456.9494540119486 2.95587e-12
456.98281042146834 2.50112e-12
457.01616683098814 2.95587e-12
457.04952324050805 2.95587e-12
457.0828796500278 2.95587e-12
457.1162360595476 2.7285e-12
457.1495924690675 2.7285e-12
457.18294887858724 2.7285e-12
457.21630528810704 2.50112e-12
457.24966169762695 2.27375e-12
457.2830181071467 2.27375e-12
457.3163745166665 2.27375e-12
457.3497309261864 2.27375e-12
457.38308733570614 2.27375e-12
457.41644374522593 1.819e-12
457.44980015474573 1.819e-12
457.4831565642656 2.27375e-12
457.5165129737854 2.27375e-12
457.5498693833052 2.27375e-12
457.58322579282503 2.27375e-12
457.61658220234483 2.27375e-12
457.6499386118646 2.27375e-12
457.6832950213845 2.27375e-12
457.7166514309043 2.27375e-12
457.7500078404241 2.27375e-12
457.78336424994393 2.27375e-12
457.8167206594637 1.819e-12
457.8500770689835 1.819e-12
457.88343347850343 2.04638e-12
457.9167898880232 1.819e-12
457.950146297543 2.04638e-12
457.9835027070629 1.819e-12
458.0168591165826 1.819e-12
458.0502155261024 1.819e-12
458.08357193562233 1.819e-12
458.11692834514207 1.819e-12
458.15028475466187 1.36425e-12
458.1836411641818 1.819e-12
458.2169975737015 1.59162e-12
458.2503539832213 1.819e-12
458.2837103927411 2.04638e-12
458.31706680226097 2.04638e-12
458.35042321178076 2.04638e-12
458.38377962130056 2.04638e-12
458.4171360308204 2.04638e-12
458.4504924403402 2.27375e-12
458.48384884986 2.27375e-12
458.51720525937986 2.27375e-12
458.55056166889966 2.27375e-12
458.58391807841946 2.50112e-12
458.6172744879393 2.95587e-12
458.6506308974591 2.95587e-12
458.6839873069789 2.95587e-12
458.71734371649876 2.95587e-12
458.75070012601856 3.63801e-12
458.78405653553835 3.63801e-12
458.8174129450582 3.86538e-12
458.850769354578 3.86538e-12
458.8841257640978 3.63801e-12
458.91748217361766 4.09275e-12
458.95083858313745 4.09275e-12
458.98419499265725 3.86538e-12
459.01755140217716 4.09275e-12
459.0509078116969 3.63801e-12
459.0842642212167 3.63801e-12
459.1176206307365 3.63801e-12
459.15097704025635 3.63801e-12
459.18433344977615 3.86538e-12
459.21768985929594 3.63801e-12
459.2510462688158 3.63801e-12
459.2844026783356 3.63801e-12
459.3177590878554 3.63801e-12
459.35111549737525 3.63801e-12
459.38447190689504 3.63801e-12
459.41782831641484 3.63801e-12
459.4511847259347 4.09275e-12
459.4845411354545 3.86538e-12
459.5178975449743 3.41062e-12
459.55125395449414 3.18325e-12
459.58461036401394 3.63801e-12
459.61796677353374 3.63801e-12
459.6513231830536 3.63801e-12
459.6846795925734 3.41062e-12
459.7180360020932 3.63801e-12
459.75139241161304 3.63801e-12
459.78474882113284 2.95587e-12
459.81810523065263 2.95587e-12
459.8514616401725 2.95587e-12
459.8848180496923 2.95587e-12
459.9181744592121 2.95587e-12
459.9515308687319 2.7285e-12
459.98488727825173 2.7285e-12
460.01824368777153 2.50112e-12
460.0516000972913 2.27375e-12
460.0849565068112 2.50112e-12
460.118312916331 2.27375e-12
460.1516693258508 2.27375e-12
460.18502573537063 2.27375e-12
460.2183821448904 2.27375e-12
460.2517385544102 2.04638e-12
460.2850949639301 1.819e-12
460.3184513734499 1.59162e-12
460.3518077829697 1.36425e-12
460.3851641924895 1.36425e-12
460.4185206020093 9.09502e-13
460.4518770115291 4.54751e-13
460.485233421049 4.54751e-13
460.51858983056877 0.0
460.55194624008857 -2.27375e-13
460.5853026496084 -4.54751e-13
460.6186590591282 -4.54751e-13
460.652015468648 0.0
460.68537187816787 -4.54751e-13
460.71872828768767 -6.82124e-13
460.75208469720747 -6.82124e-13
460.78544110672726 -6.82124e-13
460.8187975162471 -6.82124e-13
460.8521539257669 -6.82124e-13
460.8855103352867 -1.13688e-12
460.91886674480656 -1.13688e-12
460.95222315432636 -9.09502e-13
460.98557956384616 -9.09502e-13
461.018935973366 0.0
461.0522923828858 -2.27375e-13
461.0856487924056 2.27375e-13
461.11900520192546 2.27375e-13
461.15236161144526 4.54751e-13
461.18571802096506 9.09502e-13
461.2190744304849 9.09502e-13
461.2524308400047 1.59162e-12
461.2857872495245 1.819e-12
461.31914365904436 1.819e-12
461.35250006856415 2.27375e-12
461.38585647808395 2.27375e-12
461.4192128876038 2.50112e-12
461.4525692971236 2.7285e-12
461.4859257066434 2.95587e-12
461.51928211616325 3.18325e-12
461.55263852568305 3.63801e-12
461.58599493520285 3.63801e-12
461.61935134472265 3.86538e-12
461.6527077542425 4.09275e-12
461.6860641637623 4.32013e-12
461.7194205732821 4.32013e-12
461.75277698280195 4.32013e-12
461.78613339232174 4.32013e-12
461.81948980184154 4.5475e-12
461.8528462113614 4.5475e-12
461.8862026208812 4.5475e-12
461.919559030401 4.09275e-12
461.95291543992084 4.77487e-12
461.98627184944064 4.77487e-12
462.01962825896044 4.32013e-12
462.0529846684803 3.86538e-12
462.0863410780001 3.86538e-12
462.1196974875199 3.63801e-12
462.15305389703974 3.86538e-12
462.18641030655954 4.32013e-12
462.21976671607933 4.09275e-12
462.2531231255992 4.09275e-12
462.286479535119 3.63801e-12
462.3198359446388 3.63801e-12
462.35319235415864 3.41062e-12
462.38654876367843 2.95587e-12
462.41990517319823 2.27375e-12
462.453261582718 2.27375e-12
462.4866179922379 2.50112e-12
462.5199744017577 2.27375e-12
462.5533308112775 2.04638e-12
462.58668722079733 2.04638e-12
462.6200436303171 1.36425e-12
462.6534000398369 1.13688e-12
462.6867564493568 6.82124e-13
462.7201128588766 9.09502e-13
462.7534692683964 9.09502e-13
462.7868256779162 6.82124e-13
462.820182087436 4.54751e-13
462.8535384969558 6.82124e-13
462.8868949064757 1.13688e-12
462.9202513159955 9.09502e-13
462.95360772551527 9.09502e-13
462.9869641350351 6.82124e-13
463.0203205445549 1.13688e-12
463.0536769540747 6.82124e-13
463.08703336359457 9.09502e-13
463.12038977311437 1.36425e-12
463.15374618263417 1.36425e-12
463.187102592154 1.36425e-12
463.2204590016738 1.819e-12
463.2538154111936 1.36425e-12
463.2871718207134 1.13688e-12
463.32052823023326 1.36425e-12
463.35388463975306 1.819e-12
463.38724104927286 1.59162e-12
463.4205974587927 1.59162e-12
463.4539538683125 1.819e-12
463.4873102778323 2.27375e-12
463.52066668735216 2.27375e-12
463.55402309687196 2.27375e-12
463.58737950639176 2.04638e-12
463.6207359159116 2.27375e-12
463.6540923254314 2.27375e-12
