##YUNITS=%T
399.264912 93.912114 
401.193728 93.829908 
403.122544 101.759140 
405.051360 94.663977 
406.980176 106.314786 
408.908992 122.016981 
410.837808 112.696798 
412.766624 95.462303 
414.695440 101.421128 
416.624256 100.653015 
418.553072 85.825276 
420.481888 97.208368 
422.410704 124.415472 
424.339520 147.738955 
426.268336 101.485672 
428.197152 66.765293 
430.125968 63.513601 
432.054784 76.047359 
433.983600 93.570025 
435.912416 114.726124 
437.841232 110.254191 
439.770048 86.345487 
441.698864 127.374846 
443.627680 137.246985 
445.556496 98.386205 
447.485312 95.539048 
449.414128 113.014139 
451.342944 111.876479 
453.271760 98.046485 
455.200576 96.175735 
457.129392 121.783748 
459.058208 109.517746 
460.987024 107.462637 
462.915840 108.227982 
464.844656 92.191939 
466.773472 86.247609 
468.702288 96.444628 
470.631104 94.212920 
472.559920 87.780486 
474.488736 95.029485 
476.417552 97.053544 
478.346368 94.428142 
480.275184 89.980124 
482.204000 93.508717 
484.132816 95.728638 
486.061632 104.556513 
487.990448 99.902788 
489.919264 82.135397 
491.848080 86.338306 
493.776896 97.256870 
495.705712 94.430168 
497.634528 98.060468 
499.563344 97.504681 
501.492160 107.652809 
503.420976 107.256135 
505.349792 106.067722 
507.278608 102.075006 
509.207424 103.099006 
511.136240 99.148880 
513.065056 99.273129 
514.993872 102.556586 
516.922688 94.291491 
518.851504 88.419771 
520.780320 87.715928 
522.709136 82.423349 
524.637952 81.283957 
526.566768 101.091760 
528.495584 120.894067 
530.424400 99.605982 
532.353216 94.188249 
534.282032 96.724521 
536.210848 94.524826 
538.139664 94.251907 
540.068480 97.292396 
541.997296 95.868405 
543.926112 88.875576 
545.854928 86.000001 
547.783744 80.653978 
549.712560 86.432688 
551.641376 92.386210 
553.570192 100.147134 
555.499008 99.746530 
557.427824 111.679965 
559.356640 122.725726 
561.285456 95.608804 
563.214272 90.863613 
565.143088 87.331127 
567.071904 91.728455 
569.000720 86.221136 
570.929536 88.979665 
572.858352 102.372367 
574.787168 101.272935 
576.715984 98.990150 
578.644800 100.862873 
580.573616 94.138742 
582.502432 85.869411 
584.431248 85.580780 
586.360064 86.493674 
588.288880 82.029617 
590.217696 85.207793 
592.146512 109.049256 
594.075328 124.325244 
596.004144 102.322912 
597.932960 96.253068 
599.861776 90.906519 
601.790592 100.937247 
603.719408 94.098039 
605.648224 60.485234 
607.577040 64.261093 
609.505856 85.668114 
611.434672 83.109364 
613.363488 82.053500 
615.292304 86.900087 
617.221120 126.405399 
619.149936 104.248145 
621.078752 91.950667 
623.007568 76.745923 
624.936384 85.106201 
626.865200 94.532794 
628.794016 96.324238 
630.722832 100.013006 
632.651648 102.471709 
634.580464 101.178518 
636.509280 100.145493 
638.438096 97.830408 
640.366912 99.455009 
642.295728 99.545649 
644.224544 96.667465 
646.153360 96.983637 
648.082176 97.940017 
650.010992 96.779479 
651.939808 96.393692 
653.868624 96.751508 
655.797440 97.476460 
657.726256 97.812340 
659.655072 97.925532 
661.583888 98.332716 
663.512704 98.628660 
665.441520 97.899494 
667.370336 92.526484 
669.299152 91.591787 
671.227968 96.214196 
673.156784 97.304153 
675.085600 97.144289 
677.014416 96.719483 
678.943232 96.558325 
680.872048 96.680025 
682.800864 97.026082 
684.729680 97.443942 
686.658496 97.640757 
688.587312 97.679712 
690.516128 97.846922 
692.444944 98.092295 
694.373760 98.247198 
696.302576 98.345501 
698.231392 98.455204 
700.160208 98.733486 
702.089024 99.222377 
704.017840 99.440307 
705.946656 99.303978 
707.875472 99.300576 
709.804288 99.371074 
711.733104 99.493232 
713.661920 99.600399 
715.590736 99.560977 
717.519552 99.282625 
719.448368 98.727989 
721.377184 99.005948 
723.306000 99.691366 
725.234816 99.837548 
727.163632 99.896041 
729.092448 99.814070 
731.021264 99.680294 
732.950080 99.593992 
734.878896 99.746568 
736.807712 99.753182 
738.736528 99.682669 
740.665344 99.748570 
742.594160 99.853935 
744.522976 99.801699 
746.451792 99.715505 
748.380608 99.735356 
750.309424 99.904818 
752.238240 99.947904 
754.167056 99.965804 
756.095872 99.919247 
758.024688 99.878651 
759.953504 99.891919 
761.882320 99.745124 
763.811136 99.673637 
765.739952 99.839297 
767.668768 99.935000 
769.597584 99.955540 
771.526400 99.888048 
773.455216 99.743344 
775.384032 99.740999 
777.312848 99.832362 
779.241664 99.845645 
781.170480 99.888269 
783.099296 99.927291 
785.028112 99.911350 
786.956928 99.928359 
788.885744 100.001701 
790.814560 99.950389 
792.743376 99.855877 
794.672192 99.815022 
796.601008 99.758250 
798.529824 99.763650 
800.458640 99.819140 
802.387456 99.889981 
804.316272 99.964813 
806.245088 99.961524 
808.173904 99.857123 
810.102720 99.890385 
812.031536 99.893961 
813.960352 99.835046 
815.889168 99.860989 
817.817984 99.771051 
819.746800 99.720661 
821.675616 99.728677 
823.604432 99.757954 
825.533248 99.744052 
827.462064 99.733273 
829.390880 99.763164 
831.319696 99.829640 
833.248512 99.790072 
835.177328 99.744660 
837.106144 99.795174 
839.034960 99.813604 
840.963776 99.762204 
842.892592 99.806627 
844.821408 99.875502 
846.750224 99.904868 
848.679040 99.889147 
850.607856 99.806478 
852.536672 99.787179 
854.465488 99.818969 
856.394304 99.869160 
858.323120 99.758677 
860.251936 99.575651 
862.180752 99.581107 
864.109568 99.683935 
866.038384 99.700476 
867.967200 99.730736 
869.896016 99.764373 
871.824832 99.727634 
873.753648 99.733172 
875.682464 99.709769 
877.611280 99.676765 
879.540096 99.682363 
881.468912 99.661073 
883.397728 99.680220 
885.326544 99.727227 
887.255360 99.765007 
889.184176 99.775095 
891.112992 99.756674 
893.041808 99.758055 
894.970624 99.773133 
896.899440 99.812489 
898.828256 99.789930 
900.757072 99.892545 
902.685888 99.921373 
904.614704 99.848824 
906.543520 99.744528 
908.472336 99.692734 
910.401152 99.744995 
912.329968 99.779604 
914.258784 99.769099 
916.187600 99.761565 
918.116416 99.729957 
920.045232 99.737674 
921.974048 99.718284 
923.902864 99.790957 
925.831680 99.763005 
927.760496 99.833787 
929.689312 99.850527 
931.618128 99.859393 
933.546944 99.906370 
935.475760 99.685478 
937.404576 99.655313 
939.333392 99.723410 
941.262208 99.836166 
943.191024 99.810674 
945.119840 99.812778 
947.048656 99.743047 
948.977472 99.757269 
950.906288 99.829224 
952.835104 99.742899 
954.763920 99.769811 
956.692736 99.841333 
958.621552 99.833577 
960.550368 99.880911 
962.479184 99.931347 
964.408000 99.926300 
966.336816 99.829407 
968.265632 99.743434 
970.194448 99.744934 
972.123264 99.832921 
974.052080 99.838295 
975.980896 99.824059 
977.909712 99.811350 
979.838528 99.773634 
981.767344 99.769341 
983.696160 99.732213 
985.624976 99.739356 
987.553792 99.792809 
989.482608 99.813315 
991.411424 99.782794 
993.340240 99.733799 
995.269056 99.738233 
997.197872 99.801027 
999.126688 99.813922 
1001.055504 99.779029 
1002.984320 99.777301 
1004.913136 99.787814 
1006.841952 99.765145 
1008.770768 99.759383 
1010.699584 99.781061 
1012.628400 99.810999 
1014.557216 99.796345 
1016.486032 99.746490 
1018.414848 99.788135 
1020.343664 99.802897 
1022.272480 99.760525 
1024.201296 99.786737 
1026.130112 99.793871 
1028.058928 99.739380 
1029.987744 99.721140 
1031.916560 99.733410 
1033.845376 99.751692 
1035.774192 99.730836 
1037.703008 99.714131 
1039.631824 99.776354 
1041.560640 99.799479 
1043.489456 99.768618 
1045.418272 99.734984 
1047.347088 99.735433 
1049.275904 99.778776 
1051.204720 99.783595 
1053.133536 99.763274 
1055.062352 99.763511 
1056.991168 99.787571 
1058.919984 99.791014 
1060.848800 99.777624 
1062.777616 99.747002 
1064.706432 99.752982 
1066.635248 99.782286 
1068.564064 99.822562 
1070.492880 99.790612 
1072.421696 99.733408 
1074.350512 99.747617 
1076.279328 99.765046 
1078.208144 99.780455 
1080.136960 99.793503 
1082.065776 99.773924 
1083.994592 99.759221 
1085.923408 99.739180 
1087.852224 99.749908 
1089.781040 99.771877 
1091.709856 99.741185 
1093.638672 99.700860 
1095.567488 99.683971 
1097.496304 99.676985 
1099.425120 99.698050 
1101.353936 99.676802 
1103.282752 99.664500 
1105.211568 99.749810 
1107.140384 99.774521 
1109.069200 99.701174 
1110.998016 99.683495 
1112.926832 99.717744 
1114.855648 99.713932 
1116.784464 99.705827 
1118.713280 99.723578 
1120.642096 99.751608 
1122.570912 99.766055 
1124.499728 99.795676 
1126.428544 99.795873 
1128.357360 99.775235 
1130.286176 99.729699 
1132.214992 99.692199 
1134.143808 99.727833 
1136.072624 99.792121 
1138.001440 99.757260 
1139.930256 99.698234 
1141.859072 99.683082 
1143.787888 99.662272 
1145.716704 99.659995 
1147.645520 99.636889 
1149.574336 99.639738 
1151.503152 99.618422 
1153.431968 99.615792 
1155.360784 99.624685 
1157.289600 99.626361 
1159.218416 99.653627 
1161.147232 99.603310 
1163.076048 99.562592 
1165.004864 99.591087 
1166.933680 99.601558 
1168.862496 99.604666 
1170.791312 99.605229 
1172.720128 99.632697 
1174.648944 99.650532 
1176.577760 99.656565 
1178.506576 99.668419 
1180.435392 99.637467 
1182.364208 99.610341 
1184.293024 99.627326 
1186.221840 99.638843 
1188.150656 99.636141 
1190.079472 99.616296 
1192.008288 99.596907 
1193.937104 99.595629 
1195.865920 99.588587 
1197.794736 99.596929 
1199.723552 99.652027 
1201.652368 99.687399 
1203.581184 99.669404 
1205.510000 99.649257 
1207.438816 99.637666 
1209.367632 99.645718 
1211.296448 99.657199 
1213.225264 99.648252 
1215.154080 99.663899 
1217.082896 99.683251 
1219.011712 99.656480 
1220.940528 99.637670 
1222.869344 99.683898 
1224.798160 99.682562 
1226.726976 99.663482 
1228.655792 99.676937 
1230.584608 99.679221 
1232.513424 99.660624 
1234.442240 99.651057 
1236.371056 99.632050 
1238.299872 99.615589 
1240.228688 99.623635 
1242.157504 99.626163 
1244.086320 99.621307 
1246.015136 99.622379 
1247.943952 99.622108 
1249.872768 99.619229 
1251.801584 99.606751 
1253.730400 99.568611 
1255.659216 99.562793 
1257.588032 99.601956 
1259.516848 99.615316 
1261.445664 99.602954 
1263.374480 99.572313 
1265.303296 99.553848 
1267.232112 99.549820 
1269.160928 99.545369 
1271.089744 99.513826 
1273.018560 99.504978 
1274.947376 99.500648 
1276.876192 99.466665 
1278.805008 99.451024 
1280.733824 99.412679 
1282.662640 99.349884 
1284.591456 99.300884 
1286.520272 99.287505 
1288.449088 99.255502 
1290.377904 99.211032 
1292.306720 99.177486 
1294.235536 99.141805 
1296.164352 99.113388 
1298.093168 99.061719 
1300.021984 99.031632 
1301.950800 99.022094 
1303.879616 98.993442 
1305.808432 98.965001 
1307.737248 98.970193 
1309.666064 98.966903 
1311.594880 98.945752 
1313.523696 98.925165 
1315.452512 98.900037 
1317.381328 98.891834 
1319.310144 98.919871 
1321.238960 98.907647 
1323.167776 98.877690 
1325.096592 98.903357 
1327.025408 98.920981 
1328.954224 98.888837 
1330.883040 98.864483 
1332.811856 98.854629 
1334.740672 98.855942 
1336.669488 98.849873 
1338.598304 98.901749 
1340.527120 98.925969 
1342.455936 98.899815 
1344.384752 98.877447 
1346.313568 98.857424 
1348.242384 98.881826 
1350.171200 98.911133 
1352.100016 98.918332 
1354.028832 98.935911 
1355.957648 98.944053 
1357.886464 98.943948 
1359.815280 98.951359 
1361.744096 98.993233 
1363.672912 99.030448 
1365.601728 99.013519 
1367.530544 99.004106 
1369.459360 98.990944 
1371.388176 98.991993 
1373.316992 99.042477 
1375.245808 99.064766 
1377.174624 99.008082 
1379.103440 99.014822 
1381.032256 99.033389 
1382.961072 99.041827 
1384.889888 99.053594 
1386.818704 99.134121 
1388.747520 99.141468 
1390.676336 99.076248 
1392.605152 99.079133 
1394.533968 99.163904 
1396.462784 99.175046 
1398.391600 99.168235 
1400.320416 99.143786 
1402.249232 99.088871 
1404.178048 99.126186 
1406.106864 99.150291 
1408.035680 99.097449 
1409.964496 99.078774 
1411.893312 99.090401 
1413.822128 99.083263 
1415.750944 99.098900 
1417.679760 99.242527 
1419.608576 99.307466 
1421.537392 99.167825 
1423.466208 99.155097 
1425.395024 99.119649 
1427.323840 99.070550 
1429.252656 99.102987 
1431.181472 99.097481 
1433.110288 99.073628 
1435.039104 99.142254 
1436.967920 99.217084 
1438.896736 99.116808 
1440.825552 99.052969 
1442.754368 99.060888 
1444.683184 99.082764 
1446.612000 99.131328 
1448.540816 99.155314 
1450.469632 99.117077 
1452.398448 99.100907 
1454.327264 99.144071 
1456.256080 99.407138 
1458.184896 99.545520 
1460.113712 99.286338 
1462.042528 99.151451 
1463.971344 99.229460 
1465.900160 99.240337 
1467.828976 99.163697 
1469.757792 99.212379 
1471.686608 99.430050 
1473.615424 99.509654 
1475.544240 99.415651 
1477.473056 99.354394 
1479.401872 99.318336 
1481.330688 99.333606 
1483.259504 99.324372 
1485.188320 99.375951 
1487.117136 99.485246 
1489.045952 99.634926 
1490.974768 99.626622 
1492.903584 99.489814 
1494.832400 99.512134 
1496.761216 99.635160 
1498.690032 99.627333 
1500.618848 99.569073 
1502.547664 99.551981 
1504.476480 99.674619 
1506.405296 100.127443 
1508.334112 100.020601 
1510.262928 99.771604 
1512.191744 99.670385 
1514.120560 99.669457 
1516.049376 99.834736 
1517.978192 99.908660 
1519.907008 99.984029 
1521.835824 100.147885 
1523.764640 99.959514 
1525.693456 99.894694 
1527.622272 99.881396 
1529.551088 99.782048 
1531.479904 99.787331 
1533.408720 99.949265 
1535.337536 99.901120 
1537.266352 99.993026 
1539.195168 100.422803 
1541.123984 100.466095 
1543.052800 100.166393 
1544.981616 100.021698 
1546.910432 99.902968 
1548.839248 99.916957 
1550.768064 99.974791 
1552.696880 100.013028 
1554.625696 100.136023 
1556.554512 100.281564 
1558.483328 100.865135 
1560.412144 100.434146 
1562.340960 100.127999 
1564.269776 100.087472 
1566.198592 100.085250 
1568.127408 100.205183 
1570.056224 100.285961 
1571.985040 100.101483 
1573.913856 100.116433 
1575.842672 100.316206 
1577.771488 100.217640 
1579.700304 100.071521 
1581.629120 100.027647 
1583.557936 99.999151 
1585.486752 99.987382 
1587.415568 100.003512 
1589.344384 100.016554 
1591.273200 100.015563 
1593.202016 100.028972 
1595.130832 100.054865 
1597.059648 100.035559 
1598.988464 99.994207 
1600.917280 99.966240 
1602.846096 99.971188 
1604.774912 99.963901 
1606.703728 99.957227 
1608.632544 99.967602 
1610.561360 99.933006 
1612.490176 99.896421 
1614.418992 99.992501 
1616.347808 100.175196 
1618.276624 100.028636 
1620.205440 99.901110 
1622.134256 99.992814 
1624.063072 100.036850 
1625.991888 99.957753 
1627.920704 99.943265 
1629.849520 99.818518 
1631.778336 99.742863 
1633.707152 99.842585 
1635.635968 100.174488 
1637.564784 99.958880 
1639.493600 99.745486 
1641.422416 99.699751 
1643.351232 99.707733 
1645.280048 99.919341 
1647.208864 100.172704 
1649.137680 99.909102 
1651.066496 99.920806 
1652.995312 100.427598 
1654.924128 100.029789 
1656.852944 99.753535 
1658.781760 99.687892 
1660.710576 99.733940 
1662.639392 99.838852 
1664.568208 99.754065 
1666.497024 99.723149 
1668.425840 99.893924 
1670.354656 99.989680 
1672.283472 99.870591 
1674.212288 99.914966 
1676.141104 99.917986 
1678.069920 99.796594 
1679.998736 99.790272 
1681.927552 99.851167 
1683.856368 100.147889 
1685.785184 100.002788 
1687.714000 99.832212 
1689.642816 99.794993 
1691.571632 99.750722 
1693.500448 99.792867 
1695.429264 100.027605 
1697.358080 100.087667 
1699.286896 100.135325 
1701.215712 100.002794 
1703.144528 99.846213 
1705.073344 99.902259 
1707.002160 99.867317 
1708.930976 99.792091 
1710.859792 99.738200 
1712.788608 99.743917 
1714.717424 99.899494 
1716.646240 100.122677 
1718.575056 100.056574 
1720.503872 99.793609 
1722.432688 99.723817 
1724.361504 99.701824 
1726.290320 99.664803 
1728.219136 99.670110 
1730.147952 99.739709 
1732.076768 99.853217 
1734.005584 100.007237 
1735.934400 99.774293 
1737.863216 99.687098 
1739.792032 99.734859 
1741.720848 99.656692 
1743.649664 99.616822 
1745.578480 99.613224 
1747.507296 99.693096 
1749.436112 99.767650 
1751.364928 99.718153 
1753.293744 99.592703 
1755.222560 99.583516 
1757.151376 99.660687 
1759.080192 99.674379 
1761.009008 99.751603 
1762.937824 99.768394 
1764.866640 99.702160 
1766.795456 99.712637 
1768.724272 99.760719 
1770.653088 99.900582 
1772.581904 100.013687 
1774.510720 99.844940 
1776.439536 99.736335 
1778.368352 99.701893 
1780.297168 99.742207 
1782.225984 99.714791 
1784.154800 99.713417 
1786.083616 99.713625 
1788.012432 99.676070 
1789.941248 99.729331 
1791.870064 99.867679 
1793.798880 99.800752 
1795.727696 99.728883 
1797.656512 99.741077 
1799.585328 99.782963 
1801.514144 99.771309 
1803.442960 99.722676 
1805.371776 99.683601 
1807.300592 99.670526 
1809.229408 99.740971 
1811.158224 99.771337 
1813.087040 99.699334 
1815.015856 99.660141 
1816.944672 99.669927 
1818.873488 99.665786 
1820.802304 99.649777 
1822.731120 99.656564 
1824.659936 99.716453 
1826.588752 99.726352 
1828.517568 99.770359 
1830.446384 99.806736 
1832.375200 99.689620 
1834.304016 99.657908 
1836.232832 99.695033 
1838.161648 99.703506 
1840.090464 99.675065 
1842.019280 99.699636 
1843.948096 99.813676 
1845.876912 99.768675 
1847.805728 99.700895 
1849.734544 99.679649 
1851.663360 99.657444 
1853.592176 99.664155 
1855.520992 99.666878 
1857.449808 99.672222 
1859.378624 99.656832 
1861.307440 99.621536 
1863.236256 99.628256 
1865.165072 99.674502 
1867.093888 99.765502 
1869.022704 99.816703 
1870.951520 99.717507 
1872.880336 99.663864 
1874.809152 99.654036 
1876.737968 99.646714 
1878.666784 99.647102 
1880.595600 99.647052 
1882.524416 99.665074 
1884.453232 99.659952 
1886.382048 99.633675 
1888.310864 99.657065 
1890.239680 99.695311 
1892.168496 99.668905 
1894.097312 99.677192 
1896.026128 99.662968 
1897.954944 99.636314 
1899.883760 99.633445 
1901.812576 99.622138 
1903.741392 99.644145 
1905.670208 99.648708 
1907.599024 99.638476 
1909.527840 99.655919 
1911.456656 99.646431 
1913.385472 99.612641 
1915.314288 99.625455 
1917.243104 99.694589 
1919.171920 99.699490 
1921.100736 99.668590 
1923.029552 99.689464 
1924.958368 99.660656 
1926.887184 99.620324 
1928.816000 99.624213 
1930.744816 99.634960 
1932.673632 99.623015 
1934.602448 99.641860 
1936.531264 99.660425 
1938.460080 99.644624 
1940.388896 99.639730 
1942.317712 99.667122 
1944.246528 99.659403 
1946.175344 99.652227 
1948.104160 99.643207 
1950.032976 99.631605 
1951.961792 99.629279 
1953.890608 99.623281 
1955.819424 99.640001 
1957.748240 99.632761 
1959.677056 99.618519 
1961.605872 99.613821 
1963.534688 99.618954 
1965.463504 99.644300 
1967.392320 99.644883 
1969.321136 99.636269 
1971.249952 99.628243 
1973.178768 99.619932 
1975.107584 99.623218 
1977.036400 99.615250 
1978.965216 99.618996 
1980.894032 99.615453 
1982.822848 99.584016 
1984.751664 99.585001 
1986.680480 99.601515 
1988.609296 99.610946 
1990.538112 99.622911 
1992.466928 99.635246 
1994.395744 99.630728 
1996.324560 99.623280 
1998.253376 99.609698 
2000.182192 99.599385 
2002.111008 99.603959 
2004.039824 99.607484 
2005.968640 99.599579 
2007.897456 99.587888 
2009.826272 99.588449 
2011.755088 99.588898 
2013.683904 99.577930 
2015.612720 99.581067 
2017.541536 99.591740 
2019.470352 99.585207 
2021.399168 99.584909 
2023.327984 99.597285 
2025.256800 99.586249 
2027.185616 99.586118 
2029.114432 99.592041 
2031.043248 99.589121 
2032.972064 99.584494 
2034.900880 99.582167 
2036.829696 99.574058 
2038.758512 99.588178 
2040.687328 99.597593 
2042.616144 99.591738 
2044.544960 99.587529 
2046.473776 99.585265 
2048.402592 99.593057 
2050.331408 99.577800 
2052.260224 99.565556 
2054.189040 99.571489 
2056.117856 99.576245 
2058.046672 99.595006 
2059.975488 99.592473 
2061.904304 99.568480 
2063.833120 99.550555 
2065.761936 99.561733 
2067.690752 99.585541 
2069.619568 99.577391 
2071.548384 99.563101 
2073.477200 99.579852 
2075.406016 99.573487 
2077.334832 99.553128 
2079.263648 99.566989 
2081.192464 99.565348 
2083.121280 99.556244 
2085.050096 99.556938 
2086.978912 99.548257 
2088.907728 99.552128 
2090.836544 99.562670 
2092.765360 99.565116 
2094.694176 99.576655 
2096.622992 99.567804 
2098.551808 99.561612 
2100.480624 99.569368 
2102.409440 99.568004 
2104.338256 99.571639 
2106.267072 99.561594 
2108.195888 99.573499 
2110.124704 99.597362 
2112.053520 99.604720 
2113.982336 99.599401 
2115.911152 99.575825 
2117.839968 99.556485 
2119.768784 99.559501 
2121.697600 99.575616 
2123.626416 99.583476 
2125.555232 99.571159 
2127.484048 99.568273 
2129.412864 99.544851 
2131.341680 99.548574 
2133.270496 99.574332 
2135.199312 99.568656 
2137.128128 99.549691 
2139.056944 99.559207 
2140.985760 99.558283 
2142.914576 99.559937 
2144.843392 99.572251 
2146.772208 99.586480 
2148.701024 99.580649 
2150.629840 99.577641 
2152.558656 99.572495 
2154.487472 99.571125 
2156.416288 99.552105 
2158.345104 99.538104 
2160.273920 99.541093 
2162.202736 99.532943 
2164.131552 99.537661 
2166.060368 99.535291 
2167.989184 99.526886 
2169.918000 99.544827 
2171.846816 99.571707 
2173.775632 99.585221 
2175.704448 99.583129 
2177.633264 99.554927 
2179.562080 99.530779 
2181.490896 99.522844 
2183.419712 99.525847 
2185.348528 99.548833 
2187.277344 99.573572 
2189.206160 99.576261 
2191.134976 99.564826 
2193.063792 99.529776 
2194.992608 99.517250 
2196.921424 99.527327 
2198.850240 99.526871 
2200.779056 99.545920 
2202.707872 99.552482 
2204.636688 99.558179 
2206.565504 99.559762 
2208.494320 99.551002 
2210.423136 99.542772 
2212.351952 99.555744 
2214.280768 99.564638 
2216.209584 99.536740 
2218.138400 99.544802 
2220.067216 99.572076 
2221.996032 99.555704 
2223.924848 99.520958 
2225.853664 99.511719 
2227.782480 99.533211 
2229.711296 99.552017 
2231.640112 99.549110 
2233.568928 99.517283 
2235.497744 99.483062 
2237.426560 99.485011 
2239.355376 99.486063 
2241.284192 99.450426 
2243.213008 99.400093 
2245.141824 99.357579 
2247.070640 99.339938 
2248.999456 99.306803 
2250.928272 99.260424 
2252.857088 99.202364 
2254.785904 99.149972 
2256.714720 99.121042 
2258.643536 99.075333 
2260.572352 98.999827 
2262.501168 98.924559 
2264.429984 98.870433 
2266.358800 98.849292 
2268.287616 98.841249 
2270.216432 98.816458 
2272.145248 98.800001 
2274.074064 98.805536 
2276.002880 98.813199 
2277.931696 98.854496 
2279.860512 98.946227 
2281.789328 99.020284 
2283.718144 98.956480 
2285.646960 98.708118 
2287.575776 98.367384 
2289.504592 98.005964 
2291.433408 97.613005 
2293.362224 97.194013 
2295.291040 96.780509 
2297.219856 96.353533 
2299.148672 95.895981 
2301.077488 95.451481 
2303.006304 94.991014 
2304.935120 94.295568 
2306.863936 93.407087 
2308.792752 92.488662 
2310.721568 91.732458 
2312.650384 91.295223 
2314.579200 90.959155 
2316.508016 90.229283 
2318.436832 88.903405 
2320.365648 87.440416 
2322.294464 86.445058 
2324.223280 85.997258 
2326.152096 85.517184 
2328.080912 84.712656 
2330.009728 83.944100 
2331.938544 83.716633 
2333.867360 83.842134 
2335.796176 83.607007 
2337.724992 83.197192 
2339.653808 82.766703 
2341.582624 82.410466 
2343.511440 82.619997 
2345.440256 84.273322 
2347.369072 86.775599 
2349.297888 86.872647 
2351.226704 84.453678 
2353.155520 81.800438 
2355.084336 79.539184 
2357.013152 78.005978 
2358.941968 77.315335 
2360.870784 77.424076 
2362.799600 77.980436 
2364.728416 79.176242 
2366.657232 80.866048 
2368.586048 82.785414 
2370.514864 84.906504 
2372.443680 87.137009 
2374.372496 89.267125 
2376.301312 91.235511 
2378.230128 93.009615 
2380.158944 94.719883 
2382.087760 96.334621 
2384.016576 97.698160 
2385.945392 98.653370 
2387.874208 99.158833 
2389.803024 99.353283 
2391.731840 99.427824 
2393.660656 99.460967 
2395.589472 99.487507 
2397.518288 99.482540 
2399.447104 99.469505 
2401.375920 99.479713 
2403.304736 99.466781 
2405.233552 99.442220 
2407.162368 99.460497 
2409.091184 99.471100 
2411.020000 99.469733 
2412.948816 99.494887 
2414.877632 99.496416 
2416.806448 99.497643 
2418.735264 99.482400 
2420.664080 99.460546 
2422.592896 99.460870 
2424.521712 99.472331 
2426.450528 99.485520 
2428.379344 99.475857 
2430.308160 99.457034 
2432.236976 99.460570 
2434.165792 99.474150 
2436.094608 99.431653 
2438.023424 99.413846 
2439.952240 99.439801 
2441.881056 99.455673 
2443.809872 99.468887 
2445.738688 99.467640 
2447.667504 99.456676 
2449.596320 99.431067 
2451.525136 99.420354 
2453.453952 99.440421 
2455.382768 99.446053 
2457.311584 99.450083 
2459.240400 99.456436 
2461.169216 99.452773 
2463.098032 99.465910 
2465.026848 99.475969 
2466.955664 99.446572 
2468.884480 99.430199 
2470.813296 99.431539 
2472.742112 99.423897 
2474.670928 99.442418 
2476.599744 99.465096 
2478.528560 99.457902 
2480.457376 99.439183 
2482.386192 99.436376 
2484.315008 99.434198 
2486.243824 99.434125 
2488.172640 99.460932 
2490.101456 99.463130 
2492.030272 99.457126 
2493.959088 99.462859 
2495.887904 99.469436 
2497.816720 99.460744 
2499.745536 99.462358 
2501.674352 99.465739 
2503.603168 99.437925 
2505.531984 99.434591 
2507.460800 99.458663 
2509.389616 99.469952 
2511.318432 99.472427 
2513.247248 99.455340 
2515.176064 99.457643 
2517.104880 99.475969 
2519.033696 99.479300 
2520.962512 99.478491 
2522.891328 99.460352 
2524.820144 99.455032 
2526.748960 99.470847 
2528.677776 99.458613 
2530.606592 99.446943 
2532.535408 99.465710 
2534.464224 99.464831 
2536.393040 99.408363 
2538.321856 99.381085 
2540.250672 99.407438 
2542.179488 99.447739 
2544.108304 99.469220 
2546.037120 99.469914 
2547.965936 99.442090 
2549.894752 99.404224 
2551.823568 99.389510 
2553.752384 99.410995 
2555.681200 99.426127 
2557.610016 99.426703 
2559.538832 99.408152 
2561.467648 99.411233 
2563.396464 99.447823 
2565.325280 99.460139 
2567.254096 99.469458 
2569.182912 99.468347 
2571.111728 99.436639 
2573.040544 99.417069 
2574.969360 99.429519 
2576.898176 99.434206 
2578.826992 99.425439 
2580.755808 99.406643 
2582.684624 99.406832 
2584.613440 99.417208 
2586.542256 99.430034 
2588.471072 99.438390 
2590.399888 99.446283 
2592.328704 99.427059 
2594.257520 99.385190 
2596.186336 99.375548 
2598.115152 99.385688 
2600.043968 99.414449 
2601.972784 99.426021 
2603.901600 99.417832 
2605.830416 99.440186 
2607.759232 99.434080 
2609.688048 99.424597 
2611.616864 99.405772 
2613.545680 99.379812 
2615.474496 99.387341 
2617.403312 99.403093 
2619.332128 99.412726 
2621.260944 99.412932 
2623.189760 99.434360 
2625.118576 99.424626 
2627.047392 99.409122 
2628.976208 99.400826 
2630.905024 99.394528 
2632.833840 99.382063 
2634.762656 99.376347 
2636.691472 99.415975 
2638.620288 99.438132 
2640.549104 99.413148 
2642.477920 99.397932 
2644.406736 99.399532 
2646.335552 99.390068 
2648.264368 99.391455 
2650.193184 99.410932 
2652.122000 99.409532 
2654.050816 99.414203 
2655.979632 99.429798 
2657.908448 99.441896 
2659.837264 99.420218 
2661.766080 99.387579 
2663.694896 99.409006 
2665.623712 99.418518 
2667.552528 99.384940 
2669.481344 99.396381 
2671.410160 99.406935 
2673.338976 99.388994 
2675.267792 99.395043 
2677.196608 99.412194 
2679.125424 99.406413 
2681.054240 99.383863 
2682.983056 99.392595 
2684.911872 99.415159 
2686.840688 99.416247 
2688.769504 99.409002 
2690.698320 99.426417 
2692.627136 99.420037 
2694.555952 99.402342 
2696.484768 99.377085 
2698.413584 99.389038 
2700.342400 99.390696 
2702.271216 99.377279 
2704.200032 99.384735 
2706.128848 99.389875 
2708.057664 99.381091 
2709.986480 99.403618 
2711.915296 99.411499 
2713.844112 99.388248 
2715.772928 99.383897 
2717.701744 99.377192 
2719.630560 99.379169 
2721.559376 99.383732 
2723.488192 99.379650 
2725.417008 99.367665 
2727.345824 99.370968 
2729.274640 99.377655 
2731.203456 99.382607 
2733.132272 99.362174 
2735.061088 99.337370 
2736.989904 99.346729 
2738.918720 99.371092 
2740.847536 99.381483 
2742.776352 99.385391 
2744.705168 99.362901 
2746.633984 99.372032 
2748.562800 99.369544 
2750.491616 99.347272 
2752.420432 99.360809 
2754.349248 99.380310 
2756.278064 99.364564 
2758.206880 99.328473 
2760.135696 99.328035 
2762.064512 99.328967 
2763.993328 99.317678 
2765.922144 99.344363 
2767.850960 99.353110 
2769.779776 99.342636 
2771.708592 99.350481 
2773.637408 99.360321 
2775.566224 99.345935 
2777.495040 99.335596 
2779.423856 99.338328 
2781.352672 99.320602 
2783.281488 99.326362 
2785.210304 99.340680 
2787.139120 99.344037 
2789.067936 99.330297 
2790.996752 99.322376 
2792.925568 99.315154 
2794.854384 99.326336 
2796.783200 99.345390 
2798.712016 99.347086 
2800.640832 99.330044 
2802.569648 99.308510 
2804.498464 99.317508 
2806.427280 99.346136 
2808.356096 99.353336 
2810.284912 99.341815 
2812.213728 99.317245 
2814.142544 99.306952 
2816.071360 99.310531 
2818.000176 99.321931 
2819.928992 99.316589 
2821.857808 99.317247 
2823.786624 99.332382 
2825.715440 99.334769 
2827.644256 99.315012 
2829.573072 99.286166 
2831.501888 99.254595 
2833.430704 99.271266 
2835.359520 99.315457 
2837.288336 99.295818 
2839.217152 99.226919 
2841.145968 99.206621 
2843.074784 99.204924 
2845.003600 99.167921 
2846.932416 99.096088 
2848.861232 99.024157 
2850.790048 99.013498 
2852.718864 99.070084 
2854.647680 99.094571 
2856.576496 99.085223 
2858.505312 99.082869 
2860.434128 99.137612 
2862.362944 99.174611 
2864.291760 99.164322 
2866.220576 99.165320 
2868.149392 99.187563 
2870.078208 99.207088 
2872.007024 99.196895 
2873.935840 99.203313 
2875.864656 99.239592 
2877.793472 99.243739 
2879.722288 99.218727 
2881.651104 99.207422 
2883.579920 99.182689 
2885.508736 99.165480 
2887.437552 99.167528 
2889.366368 99.163200 
2891.295184 99.178676 
2893.224000 99.174848 
2895.152816 99.127846 
2897.081632 99.109183 
2899.010448 99.079806 
2900.939264 99.057588 
2902.868080 99.059685 
2904.796896 99.050990 
2906.725712 99.010645 
2908.654528 98.967954 
2910.583344 98.942976 
2912.512160 98.933122 
2914.440976 98.913535 
2916.369792 98.860536 
2918.298608 98.861473 
2920.227424 98.907371 
2922.156240 98.872055 
2924.085056 98.846847 
2926.013872 98.839050 
2927.942688 98.852423 
2929.871504 98.945838 
2931.800320 98.977709 
2933.729136 99.021928 
2935.657952 99.074426 
2937.586768 99.107842 
2939.515584 99.152310 
2941.444400 99.166351 
2943.373216 99.163529 
2945.302032 99.167215 
2947.230848 99.164950 
2949.159664 99.173512 
2951.088480 99.162692 
2953.017296 99.173884 
2954.946112 99.150872 
2956.874928 99.128907 
2958.803744 99.162129 
2960.732560 99.187862 
2962.661376 99.199445 
2964.590192 99.225216 
2966.519008 99.252548 
2968.447824 99.292767 
2970.376640 99.332545 
2972.305456 99.354905 
2974.234272 99.338766 
2976.163088 99.332271 
2978.091904 99.365628 
2980.020720 99.393691 
2981.949536 99.388399 
2983.878352 99.378282 
2985.807168 99.370054 
2987.735984 99.357485 
2989.664800 99.338463 
2991.593616 99.328899 
2993.522432 99.330817 
2995.451248 99.319517 
2997.380064 99.311979 
2999.308880 99.302002 
3001.237696 99.279729 
3003.166512 99.288049 
3005.095328 99.307106 
3007.024144 99.292915 
3008.952960 99.295791 
3010.881776 99.315973 
3012.810592 99.338401 
3014.739408 99.359156 
3016.668224 99.340679 
3018.597040 99.317205 
3020.525856 99.309993 
3022.454672 99.320052 
3024.383488 99.329752 
3026.312304 99.331623 
3028.241120 99.316802 
3030.169936 99.307842 
3032.098752 99.336252 
3034.027568 99.362527 
3035.956384 99.371667 
3037.885200 99.312145 
3039.814016 99.270516 
3041.742832 99.266326 
3043.671648 99.297805 
3045.600464 99.325941 
3047.529280 99.344161 
3049.458096 99.356028 
3051.386912 99.332852 
3053.315728 99.326665 
3055.244544 99.282287 
3057.173360 99.247460 
3059.102176 99.309346 
3061.030992 99.334601 
3062.959808 99.334384 
3064.888624 99.359460 
3066.817440 99.331250 
3068.746256 99.289154 
3070.675072 99.292883 
3072.603888 99.282641 
3074.532704 99.283305 
3076.461520 99.323499 
3078.390336 99.361723 
3080.319152 99.389253 
3082.247968 99.375067 
3084.176784 99.320849 
3086.105600 99.273248 
3088.034416 99.280828 
3089.963232 99.333297 
3091.892048 99.297436 
3093.820864 99.262925 
3095.749680 99.282172 
3097.678496 99.306016 
3099.607312 99.347797 
3101.536128 99.355588 
3103.464944 99.334945 
3105.393760 99.312683 
3107.322576 99.292468 
3109.251392 99.289654 
3111.180208 99.290789 
3113.109024 99.292499 
3115.037840 99.322314 
3116.966656 99.328068 
3118.895472 99.350845 
3120.824288 99.330002 
3122.753104 99.295478 
3124.681920 99.310687 
3126.610736 99.336786 
3128.539552 99.291697 
3130.468368 99.291954 
3132.397184 99.342571 
3134.326000 99.358288 
3136.254816 99.329829 
3138.183632 99.284260 
3140.112448 99.304907 
3142.041264 99.337497 
3143.970080 99.319518 
3145.898896 99.291204 
3147.827712 99.287649 
3149.756528 99.293889 
3151.685344 99.273686 
3153.614160 99.272125 
3155.542976 99.320839 
3157.471792 99.342770 
3159.400608 99.319497 
3161.329424 99.317224 
3163.258240 99.289502 
3165.187056 99.248822 
3167.115872 99.319597 
3169.044688 99.347596 
3170.973504 99.283291 
3172.902320 99.257204 
3174.831136 99.301491 
3176.759952 99.329806 
3178.688768 99.338061 
3180.617584 99.320710 
3182.546400 99.317019 
3184.475216 99.296872 
3186.404032 99.280870 
3188.332848 99.263326 
3190.261664 99.232881 
3192.190480 99.222931 
3194.119296 99.261329 
3196.048112 99.315374 
3197.976928 99.332883 
3199.905744 99.305012 
3201.834560 99.290991 
3203.763376 99.307049 
3205.692192 99.311242 
3207.621008 99.299094 
3209.549824 99.309739 
3211.478640 99.309873 
3213.407456 99.305706 
3215.336272 99.312518 
3217.265088 99.334600 
3219.193904 99.331011 
3221.122720 99.306267 
3223.051536 99.297764 
3224.980352 99.351440 
3226.909168 99.335342 
3228.837984 99.328870 
3230.766800 99.343667 
3232.695616 99.325078 
3234.624432 99.317146 
3236.553248 99.332365 
3238.482064 99.325788 
3240.410880 99.331713 
3242.339696 99.304019 
3244.268512 99.279482 
3246.197328 99.318508 
3248.126144 99.362205 
3250.054960 99.381685 
3251.983776 99.379097 
3253.912592 99.389686 
3255.841408 99.378601 
3257.770224 99.353107 
3259.699040 99.343359 
3261.627856 99.330164 
3263.556672 99.346907 
3265.485488 99.330724 
3267.414304 99.329962 
3269.343120 99.384038 
3271.271936 99.433424 
3273.200752 99.404103 
3275.129568 99.347352 
3277.058384 99.321322 
3278.987200 99.310541 
3280.916016 99.302498 
3282.844832 99.314911 
3284.773648 99.329531 
3286.702464 99.348952 
3288.631280 99.348775 
3290.560096 99.353397 
3292.488912 99.362955 
3294.417728 99.323370 
3296.346544 99.317563 
3298.275360 99.351300 
3300.204176 99.334151 
3302.132992 99.316381 
3304.061808 99.313482 
3305.990624 99.361139 
3307.919440 99.400132 
3309.848256 99.404652 
3311.777072 99.409833 
3313.705888 99.413411 
3315.634704 99.391973 
3317.563520 99.356974 
3319.492336 99.329044 
3321.421152 99.325758 
3323.349968 99.353654 
3325.278784 99.349134 
3327.207600 99.366130 
3329.136416 99.413471 
3331.065232 99.369622 
3332.994048 99.293945 
3334.922864 99.345223 
3336.851680 99.396827 
3338.780496 99.372125 
3340.709312 99.388774 
3342.638128 99.391983 
3344.566944 99.357981 
3346.495760 99.335598 
3348.424576 99.343939 
3350.353392 99.345907 
3352.282208 99.398505 
3354.211024 99.382696 
3356.139840 99.325623 
3358.068656 99.365921 
3359.997472 99.368001 
3361.926288 99.351371 
3363.855104 99.370262 
3365.783920 99.371504 
3367.712736 99.335274 
3369.641552 99.341056 
3371.570368 99.378061 
3373.499184 99.362003 
3375.428000 99.354661 
3377.356816 99.395747 
3379.285632 99.437628 
3381.214448 99.430839 
3383.143264 99.407740 
3385.072080 99.383665 
3387.000896 99.364773 
3388.929712 99.364818 
3390.858528 99.370404 
3392.787344 99.401843 
3394.716160 99.390783 
3396.644976 99.367594 
3398.573792 99.337821 
3400.502608 99.336532 
3402.431424 99.375620 
3404.360240 99.384305 
3406.289056 99.313357 
3408.217872 99.292828 
3410.146688 99.336733 
3412.075504 99.343423 
3414.004320 99.323725 
3415.933136 99.308414 
3417.861952 99.316752 
3419.790768 99.352338 
3421.719584 99.360455 
3423.648400 99.356382 
3425.577216 99.339719 
3427.506032 99.300013 
3429.434848 99.311383 
3431.363664 99.294586 
3433.292480 99.301888 
3435.221296 99.325671 
3437.150112 99.306463 
3439.078928 99.301026 
3441.007744 99.321438 
3442.936560 99.297868 
3444.865376 99.321972 
3446.794192 99.378084 
3448.723008 99.313462 
3450.651824 99.272993 
3452.580640 99.346647 
3454.509456 99.353941 
3456.438272 99.269737 
3458.367088 99.285430 
3460.295904 99.349777 
3462.224720 99.358746 
3464.153536 99.362408 
3466.082352 99.345247 
3468.011168 99.287333 
3469.939984 99.264119 
3471.868800 99.295697 
3473.797616 99.296572 
3475.726432 99.300550 
3477.655248 99.247518 
3479.584064 99.222997 
3481.512880 99.283119 
3483.441696 99.334940 
3485.370512 99.312998 
3487.299328 99.272108 
3489.228144 99.262664 
3491.156960 99.271752 
3493.085776 99.298037 
3495.014592 99.325853 
3496.943408 99.273235 
3498.872224 99.189331 
3500.801040 99.251715 
3502.729856 99.379943 
3504.658672 99.379346 
3506.587488 99.327227 
3508.516304 99.332505 
3510.445120 99.323570 
3512.373936 99.243612 
3514.302752 99.221896 
3516.231568 99.243074 
3518.160384 99.265103 
3520.089200 99.276407 
3522.018016 99.330610 
3523.946832 99.380144 
3525.875648 99.411543 
3527.804464 99.411828 
3529.733280 99.349446 
3531.662096 99.205905 
3533.590912 99.176966 
3535.519728 99.265162 
3537.448544 99.264415 
3539.377360 99.246939 
3541.306176 99.275392 
3543.234992 99.295329 
3545.163808 99.296455 
3547.092624 99.294503 
3549.021440 99.274272 
3550.950256 99.283866 
3552.879072 99.278109 
3554.807888 99.194274 
3556.736704 99.172172 
3558.665520 99.179416 
3560.594336 99.182398 
3562.523152 99.091867 
3564.451968 99.087723 
3566.380784 99.303345 
3568.309600 99.279182 
3570.238416 99.146794 
3572.167232 99.096251 
3574.096048 99.081315 
3576.024864 99.064266 
3577.953680 99.068592 
3579.882496 99.058819 
3581.811312 99.000613 
3583.740128 98.912836 
3585.668944 98.976165 
3587.597760 99.094832 
3589.526576 98.838252 
3591.455392 98.589487 
3593.384208 98.548002 
3595.313024 98.592339 
3597.241840 98.576342 
3599.170656 98.513107 
3601.099472 98.519734 
3603.028288 98.547955 
3604.957104 98.519152 
3606.885920 98.684879 
3608.814736 98.991229 
3610.743552 99.124589 
3612.672368 99.225981 
3614.601184 99.121978 
3616.530000 98.966154 
3618.458816 98.978179 
3620.387632 98.807331 
3622.316448 98.450714 
3624.245264 98.230233 
3626.174080 98.232014 
3628.102896 98.557187 
3630.031712 98.641826 
3631.960528 98.565477 
3633.889344 98.646404 
3635.818160 98.721389 
3637.746976 98.802211 
3639.675792 98.880664 
3641.604608 98.978739 
3643.533424 99.043393 
3645.462240 99.214339 
3647.391056 99.658559 
3649.319872 99.898713 
3651.248688 99.634793 
3653.177504 99.378273 
3655.106320 99.386656 
3657.035136 99.367007 
3658.963952 99.245785 
3660.892768 99.160048 
3662.821584 99.087588 
3664.750400 99.062890 
3666.679216 99.163050 
3668.608032 99.440208 
3670.536848 99.522040 
3672.465664 99.413131 
3674.394480 99.632403 
3676.323296 99.592097 
3678.252112 99.301464 
3680.180928 99.149485 
3682.109744 98.934193 
3684.038560 98.821009 
3685.967376 98.805787 
3687.896192 99.110197 
3689.825008 99.108735 
3691.753824 98.721045 
3693.682640 98.502805 
3695.611456 98.319003 
3697.540272 98.200118 
3699.469088 98.279629 
3701.397904 98.478191 
3703.326720 98.327785 
3705.255536 98.183966 
3707.184352 98.250338 
3709.113168 98.466496 
3711.041984 98.843246 
3712.970800 99.012234 
3714.899616 98.877102 
3716.828432 98.703442 
3718.757248 98.479336 
3720.686064 98.206841 
3722.614880 97.982000 
3724.543696 97.794440 
3726.472512 97.755654 
3728.401328 97.748123 
3730.330144 97.842302 
3732.258960 98.181158 
3734.187776 98.563199 
3736.116592 98.843326 
3738.045408 98.794227 
3739.974224 98.821566 
3741.903040 98.969948 
3743.831856 99.399328 
3745.760672 99.527610 
3747.689488 99.547912 
3749.618304 99.839926 
3751.547120 99.821367 
3753.475936 99.505892 
3755.404752 99.296834 
3757.333568 99.419400 
3759.262384 99.461767 
3761.191200 99.391836 
3763.120016 99.275897 
3765.048832 99.314727 
3766.977648 99.358739 
3768.906464 99.444832 
3770.835280 99.421834 
3772.764096 99.286953 
3774.692912 99.203693 
3776.621728 99.184643 
3778.550544 99.316139 
3780.479360 99.333087 
3782.408176 99.238845 
3784.336992 99.233572 
3786.265808 99.180933 
3788.194624 99.153977 
3790.123440 99.188519 
3792.052256 99.219887 
3793.981072 99.273958 
3795.909888 99.448474 
3797.838704 99.499429 
3799.767520 99.572110 
3801.696336 99.676491 
3803.625152 99.478160 
3805.553968 99.442988 
3807.482784 99.430551 
3809.411600 99.275966 
3811.340416 99.204540 
3813.269232 99.216938 
3815.198048 99.431313 
3817.126864 99.516373 
3819.055680 99.596758 
3820.984496 99.781978 
3822.913312 99.474475 
3824.842128 99.349776 
3826.770944 99.360374 
3828.699760 99.269185 
3830.628576 99.199906 
3832.557392 99.214007 
3834.486208 99.338897 
3836.415024 99.569468 
3838.343840 99.740182 
3840.272656 99.525366 
3842.201472 99.316674 
3844.130288 99.303889 
3846.059104 99.179027 
3847.987920 99.143384 
3849.916736 99.352060 
3851.845552 99.707313 
3853.774368 99.965913 
3855.703184 99.600058 
3857.632000 99.289114 
3859.560816 99.149781 
3861.489632 99.214880 
3863.418448 99.397579 
3865.347264 99.444444 
3867.276080 99.302632 
3869.204896 99.412735 
3871.133712 99.456561 
3873.062528 99.385846 
3874.991344 99.354092 
3876.920160 99.180035 
3878.848976 99.195409 
3880.777792 99.333279 
3882.706608 99.297778 
3884.635424 99.303534 
3886.564240 99.287882 
3888.493056 99.240864 
3890.421872 99.355572 
3892.350688 99.310306 
3894.279504 99.214321 
3896.208320 99.204678 
3898.137136 99.242898 
3900.065952 99.331684 
3901.994768 99.409558 
3903.923584 99.474816 
3905.852400 99.348832 
3907.781216 99.228814 
3909.710032 99.168674 
3911.638848 99.164691 
3913.567664 99.189303 
3915.496480 99.236997 
3917.425296 99.321848 
3919.354112 99.312713 
3921.282928 99.220455 
3923.211744 99.193239 
3925.140560 99.234730 
3927.069376 99.174736 
3928.998192 99.187210 
3930.927008 99.221576 
3932.855824 99.277897 
3934.784640 99.245856 
3936.713456 99.221295 
3938.642272 99.173633 
3940.571088 99.143709 
3942.499904 99.201071 
3944.428720 99.184574 
3946.357536 99.187519 
3948.286352 99.303088 
3950.215168 99.247772 
3952.143984 99.111483 
3954.072800 99.090738 
3956.001616 99.118452 
3957.930432 99.149403 
3959.859248 99.190288 
3961.788064 99.140245 
3963.716880 99.097627 
3965.645696 99.111500 
3967.574512 99.134723 
3969.503328 99.143983 
3971.432144 99.151377 
3973.360960 99.144604 
3975.289776 99.185930 
3977.218592 99.169695 
3979.147408 99.104015 
3981.076224 99.129788 
3983.005040 99.157721 
3984.933856 99.120151 
3986.862672 99.074478 
3988.791488 99.085007 
3990.720304 99.195239 
3992.649120 99.269038 
3994.577936 99.260706 
3996.506752 99.174624 
3998.435568 99.122581 
4000.364384 99.111652 