pos X
396.941273285801 1.13688e-12
396.9746296953208 6.82124e-13
397.0079861048406 4.54751e-13
397.04134251436045 6.82124e-13
397.07469892388025 9.09502e-13
397.10805533340005 1.36425e-12
397.1414117429199 1.13688e-12
397.1747681524397 4.54751e-13
397.2081245619595 9.09502e-13
397.24148097147935 9.09502e-13
397.27483738099914 4.54751e-13
397.30819379051894 4.54751e-13
397.3415502000388 6.82124e-13
397.3749066095586 1.13688e-12
397.4082630190784 6.82124e-13
397.44161942859824 4.54751e-13
397.47497583811804 4.54751e-13
397.50833224763784 4.54751e-13
397.5416886571577 4.54751e-13
397.5750450666775 4.54751e-13
397.6084014761973 4.54751e-13
397.6417578857171 6.82124e-13
397.67511429523694 4.54751e-13
397.70847070475673 4.54751e-13
397.74182711427653 6.82124e-13
397.7751835237964 6.82124e-13
397.8085399333162 1.13688e-12
397.841896342836 9.09502e-13
397.87525275235583 1.13688e-12
397.90860916187563 9.09502e-13
397.94196557139543 9.09502e-13
397.9753219809153 4.54751e-13
398.008678390435 1.13688e-12
398.0420347999549 1.13688e-12
398.07539120947473 6.82124e-13
398.10874761899447 1.13688e-12
398.1421040285143 9.09502e-13
398.1754604380342 6.82124e-13
398.208816847554 4.54751e-13
398.2421732570738 4.54751e-13
398.2755296665936 4.54751e-13
398.3088860761134 6.82124e-13
398.3422424856332 4.54751e-13
398.3755988951531 9.09502e-13
398.4089553046729 1.13688e-12
398.44231171419267 9.09502e-13
398.47566812371247 6.82124e-13
398.5090245332323 6.82124e-13
398.5423809427521 9.09502e-13
398.5757373522719 1.36425e-12
398.60909376179177 1.59162e-12
398.64245017131157 1.13688e-12
398.67580658083136 1.13688e-12
398.7091629903512 1.36425e-12
398.742519399871 1.13688e-12
398.7758758093908 9.09502e-13
398.80923221891067 9.09502e-13
398.8425886284304 1.13688e-12
398.87594503795026 1.13688e-12
398.9093014474701 1.13688e-12
398.94265785698985 1.13688e-12
398.9760142665097 1.59162e-12
399.00937067602956 1.59162e-12
399.0427270855493 1.819e-12
399.07608349506916 1.13688e-12
399.109439904589 1.13688e-12
399.14279631410875 1.13688e-12
399.1761527236286 1.13688e-12
399.20950913314846 1.13688e-12
399.24286554266826 9.09502e-13
399.27622195218805 6.82124e-13
399.30957836170785 6.82124e-13
399.3429347712277 6.82124e-13
399.3762911807475 1.36425e-12
399.4096475902673 1.13688e-12
399.44300399978715 6.82124e-13
399.47636040930695 6.82124e-13
399.50971681882675 2.27375e-13
399.5430732283466 4.54751e-13
399.5764296378664 6.82124e-13
399.6097860473862 6.82124e-13
399.64314245690605 6.82124e-13
399.6764988664258 4.54751e-13
399.70985527594564 2.27375e-13
399.7432116854655 2.27375e-13
399.77656809498524 4.54751e-13
399.8099245045051 4.54751e-13
399.84328091402494 4.54751e-13
399.8766373235447 9.09502e-13
399.90999373306454 6.82124e-13
399.9433501425844 4.54751e-13
399.97670655210413 4.54751e-13
400.010062961624 6.82124e-13
400.04341937114384 9.09502e-13
400.0767757806636 1.13688e-12
400.11013219018344 1.13688e-12
400.14348859970323 6.82124e-13
400.17684500922303 9.09502e-13
400.2102014187429 6.82124e-13
400.2435578282627 4.54751e-13
400.27691423778253 4.54751e-13
400.31027064730233 9.09502e-13
400.34362705682213 4.54751e-13
400.376983466342 6.82124e-13
400.4103398758618 4.54751e-13
400.4436962853816 4.54751e-13
400.47705269490143 4.54751e-13
400.51040910442117 2.27375e-13
400.543765513941 2.27375e-13
400.5771219234609 2.27375e-13
400.6104783329806 4.54751e-13
400.6438347425005 2.27375e-13
400.6771911520203 -2.27375e-13
400.71054756154007 -4.54751e-13
400.7439039710599 -2.27375e-13
400.7772603805798 -6.82124e-13
400.8106167900995 -1.13688e-12
400.84397319961937 -1.36425e-12
400.8773296091392 -1.59162e-12
400.91068601865896 -2.04638e-12
400.9440424281788 -1.819e-12
400.9773988376986 -2.04638e-12
401.0107552472184 -2.7285e-12
401.04411165673827 -3.18325e-12
401.07746806625806 -3.86538e-12
401.11082447577786 -3.86538e-12
401.1441808852977 -4.09275e-12
401.1775372948175 -4.5475e-12
401.2108937043373 -5.457e-12
401.24425011385716 -5.457e-12
401.27760652337696 -5.68437e-12
401.31096293289676 -5.91174e-12
401.34431934241655 -6.36649e-12
401.3776757519364 -6.36649e-12
401.41103216145626 -5.91174e-12
401.444388570976 -5.68437e-12
401.47774498049586 -5.68437e-12
401.5111013900157 -5.00225e-12
401.54445779953545 -4.5475e-12
401.5778142090553 -3.63801e-12
401.61117061857516 -2.95587e-12
401.6445270280949 -2.04638e-12
401.67788343761475 -6.82124e-13
401.7112398471346 9.09502e-13
401.74459625665435 2.50112e-12
401.7779526661742 4.32013e-12
401.811309075694 6.13912e-12
401.8446654852138 7.50339e-12
401.87802189473365 9.77712e-12
401.91137830425345 1.13687e-11
401.94473471377324 1.29604e-11
401.9780911232931 1.43246e-11
402.0114475328129 1.54615e-11
402.0448039423327 1.70531e-11
402.07816035185255 1.79626e-11
402.11151676137234 1.819e-11
402.14487317089214 1.819e-11
402.17822958041194 1.79626e-11
402.2115859899318 1.70531e-11
402.2449423994516 1.61436e-11
402.2782988089714 1.4552e-11
402.31165521849124 1.29604e-11
402.34501162801104 1.06866e-11
402.37836803753083 8.41288e-12
402.4117244470507 6.13912e-12
402.44508085657054 3.63801e-12
402.4784372660903 1.13688e-12
402.51179367561014 -6.82124e-13
402.54515008513 -2.95587e-12
402.57850649464973 -4.77487e-12
402.6118629041696 -7.04861e-12
402.6452193136894 -8.18551e-12
402.6785757232092 -9.54975e-12
402.71193213272903 -1.06866e-11
402.74528854224883 -1.13687e-11
402.7786449517686 -1.15961e-11
402.8120013612885 -1.18235e-11
402.8453577708083 -1.15961e-11
402.8787141803281 -1.15961e-11
402.91207058984793 -1.13687e-11
402.9454269993677 -1.02319e-11
402.9787834088875 -9.095e-12
403.0121398184073 -8.41288e-12
403.0454962279272 -7.04861e-12
403.07885263744697 -5.91174e-12
403.11220904696677 -4.5475e-12
403.1455654564866 -3.41062e-12
403.1789218660064 -2.04638e-12
403.2122782755262 -6.82124e-13
403.24563468504607 0.0
403.27899109456587 1.13688e-12
403.31234750408566 2.27375e-12
403.3457039136055 3.63801e-12
403.3790603231253 4.09275e-12
403.4124167326451 5.00225e-12
403.44577314216497 5.457e-12
403.47912955168476 5.457e-12
403.51248596120456 6.13912e-12
403.5458423707244 5.91174e-12
403.5791987802442 6.13912e-12
403.612555189764 5.68437e-12
403.64591159928386 5.457e-12
403.67926800880366 5.457e-12
403.71262441832346 5.22962e-12
403.7459808278433 4.5475e-12
403.7793372373631 4.32013e-12
403.8126936468829 3.86538e-12
403.8460500564027 3.86538e-12
403.87940646592256 3.18325e-12
403.91276287544235 2.27375e-12
403.94611928496215 1.819e-12
403.979475694482 1.13688e-12
404.0128321040018 6.82124e-13
404.0461885135216 0.0
404.07954492304145 -2.27375e-13
404.11290133256125 -6.82124e-13
404.14625774208105 -1.36425e-12
404.1796141516009 -1.36425e-12
404.2129705611207 -1.36425e-12
404.2463269706405 -1.819e-12
404.27968338016035 -2.04638e-12
404.31303978968015 -1.819e-12
404.34639619919994 -2.04638e-12
404.3797526087198 -2.04638e-12
404.4131090182396 -2.04638e-12
404.4464654277594 -2.27375e-12
404.47982183727925 -2.04638e-12
404.51317824679904 -1.819e-12
404.54653465631884 -1.13688e-12
404.5798910658387 -1.36425e-12
404.6132474753585 -1.36425e-12
404.6466038848783 -1.36425e-12
404.6799602943981 -6.82124e-13
404.71331670391794 -6.82124e-13
404.74667311343774 -2.27375e-13
404.78002952295753 0.0
404.8133859324774 0.0
404.8467423419972 0.0
404.880098751517 2.27375e-13
404.91345516103684 4.54751e-13
404.94681157055663 4.54751e-13
404.98016798007643 4.54751e-13
405.0135243895963 1.13688e-12
405.0468807991161 1.13688e-12
405.0802372086359 1.13688e-12
405.11359361815573 1.59162e-12
405.14695002767553 1.13688e-12
405.1803064371953 1.13688e-12
405.2136628467152 9.09502e-13
405.247019256235 1.13688e-12
405.2803756657548 9.09502e-13
405.31373207527463 1.13688e-12
405.3470884847944 9.09502e-13
405.3804448943142 4.54751e-13
405.4138013038341 4.54751e-13
405.4471577133539 2.27375e-13
405.48051412287367 4.54751e-13
405.51387053239347 4.54751e-13
405.5472269419133 4.54751e-13
405.5805833514331 4.54751e-13
405.6139397609529 4.54751e-13
405.64729617047277 4.54751e-13
405.68065257999257 4.54751e-13
405.71400898951237 4.54751e-13
405.7473653990322 4.54751e-13
405.780721808552 6.82124e-13
405.8140782180718 6.82124e-13
405.84743462759167 0.0
405.88079103711146 4.54751e-13
405.91414744663126 2.27375e-13
405.9475038561511 4.54751e-13
405.9808602656709 4.54751e-13
406.0142166751907 6.82124e-13
406.04757308471056 9.09502e-13
406.08092949423036 4.54751e-13
406.11428590375016 4.54751e-13
406.14764231327 4.54751e-13
406.1809987227898 4.54751e-13
406.2143551323096 4.54751e-13
406.24771154182946 9.09502e-13
406.28106795134926 6.82124e-13
406.31442436086905 4.54751e-13
406.34778077038885 4.54751e-13
406.3811371799087 9.09502e-13
406.4144935894285 4.54751e-13
406.4478499989483 4.54751e-13
406.48120640846815 4.54751e-13
406.51456281798795 6.82124e-13
406.54791922750775 1.13688e-12
406.5812756370276 1.36425e-12
406.6146320465474 4.54751e-13
406.6479884560672 4.54751e-13
406.68134486558705 4.54751e-13
406.71470127510685 6.82124e-13
406.74805768462664 6.82124e-13
406.7814140941465 9.09502e-13
406.81477050366624 6.82124e-13
406.8481269131861 1.13688e-12
406.88148332270595 1.36425e-12
406.91483973222574 1.13688e-12
406.94819614174554 6.82124e-13
406.9815525512654 1.13688e-12
407.0149089607852 9.09502e-13
407.048265370305 9.09502e-13
407.08162177982484 6.82124e-13
407.11497818934464 4.54751e-13
407.14833459886444 2.27375e-13
407.18169100838423 4.54751e-13
407.2150474179041 6.82124e-13
407.2484038274239 6.82124e-13
407.2817602369437 4.54751e-13
407.31511664646354 4.54751e-13
407.34847305598333 4.54751e-13
407.38182946550313 6.82124e-13
407.415185875023 4.54751e-13
407.4485422845428 4.54751e-13
407.4818986940626 4.54751e-13
407.51525510358243 0.0
407.54861151310223 0.0
407.581967922622 2.27375e-13
407.6153243321419 4.54751e-13
407.6486807416616 0.0
407.6820371511815 4.54751e-13
407.71539356070133 4.54751e-13
407.74874997022107 4.54751e-13
407.7821063797409 0.0
407.8154627892608 2.27375e-13
407.8488191987805 4.54751e-13
407.8821756083004 0.0
407.9155320178202 -2.27375e-13
407.94888842734 0.0
407.9822448368598 2.27375e-13
408.0156012463796 4.54751e-13
408.04895765589947 2.27375e-13
408.08231406541927 4.54751e-13
408.11567047493907 2.27375e-13
408.1490268844589 4.54751e-13
408.1823832939787 2.27375e-13
408.2157397034985 4.54751e-13
408.24909611301837 4.54751e-13
408.28245252253816 4.54751e-13
408.31580893205796 2.27375e-13
408.3491653415778 2.27375e-13
408.3825217510976 4.54751e-13
408.4158781606174 4.54751e-13
408.44923457013726 6.82124e-13
408.482590979657 9.09502e-13
408.51594738917686 1.13688e-12
408.5493037986967 1.13688e-12
408.58266020821645 1.13688e-12
408.6160166177363 9.09502e-13
408.64937302725616 9.09502e-13
408.6827294367759 6.82124e-13
408.71608584629575 1.13688e-12
408.7494422558156 1.13688e-12
408.78279866533535 1.59162e-12
408.8161550748552 1.819e-12
408.849511484375 1.819e-12
408.8828678938948 1.819e-12
408.91622430341465 1.59162e-12
408.94958071293445 1.819e-12
408.98293712245425 2.27375e-12
409.0162935319741 2.04638e-12
409.0496499414939 1.819e-12
409.08300635101375 2.27375e-12
409.11636276053355 2.27375e-12
409.14971917005334 2.50112e-12
409.1830755795732 2.27375e-12
409.216431989093 2.27375e-12
409.2497883986128 2.27375e-12
409.28314480813265 2.27375e-12
409.3165012176524 2.27375e-12
409.34985762717224 2.04638e-12
409.3832140366921 1.59162e-12
409.41657044621184 1.13688e-12
409.4499268557317 1.13688e-12
409.48328326525154 9.09502e-13
409.5166396747713 4.54751e-13
409.54999608429114 0.0
409.583352493811 -6.82124e-13
409.61670890333073 -1.36425e-12
409.6500653128506 -1.36425e-12
409.6834217223704 -2.27375e-12
409.7167781318902 -2.95587e-12
409.75013454141003 -3.63801e-12
409.78349095092983 -3.86538e-12
409.81684736044963 -4.09275e-12
409.8502037699695 -5.00225e-12
409.8835601794893 -5.00225e-12
409.9169165890091 -5.457e-12
409.95027299852893 -5.68437e-12
409.9836294080487 -5.68437e-12
410.0169858175685 -5.68437e-12
410.0503422270884 -5.00225e-12
410.0836986366082 -5.22962e-12
410.11705504612803 -5.00225e-12
410.15041145564777 -3.86538e-12
410.1837678651676 -2.95587e-12
410.2171242746875 -2.27375e-12
410.2504806842072 -1.36425e-12
410.2838370937271 -6.82124e-13
410.3171935032469 0.0
410.35054991276667 4.54751e-13
410.3839063222865 1.59162e-12
410.4172627318064 2.27375e-12
410.4506191413261 3.18325e-12
410.48397555084597 3.63801e-12
410.51733196036577 4.09275e-12
410.55068836988556 4.77487e-12
410.5840447794054 4.77487e-12
410.6174011889252 4.77487e-12
410.650757598445 5.00225e-12
410.68411400796487 5.68437e-12
410.71747041748466 5.457e-12
410.75082682700446 5.00225e-12
410.7841832365243 4.77487e-12
410.8175396460441 4.5475e-12
410.8508960555639 4.5475e-12
410.88425246508376 4.09275e-12
410.91760887460356 3.18325e-12
410.95096528412336 2.7285e-12
410.98432169364315 2.04638e-12
411.017678103163 1.13688e-12
411.0510345126828 9.09502e-13
411.0843909222026 9.09502e-13
411.11774733172246 6.82124e-13
411.1511037412423 0.0
411.18446015076205 -9.09502e-13
411.2178165602819 -9.09502e-13
411.25117296980176 -6.82124e-13
411.2845293793215 -6.82124e-13
411.31788578884135 -6.82124e-13
411.35124219836115 -6.82124e-13
411.38459860788095 -9.09502e-13
411.4179550174008 -1.36425e-12
411.4513114269206 -1.36425e-12
411.4846678364404 -1.13688e-12
411.51802424596025 -6.82124e-13
411.55138065548005 -1.36425e-12
411.58473706499984 -1.13688e-12
411.6180934745197 -4.54751e-13
411.6514498840395 -6.82124e-13
411.6848062935593 -2.27375e-13
411.71816270307914 -2.27375e-13
411.75151911259894 -2.27375e-13
411.78487552211874 2.27375e-13
411.81823193163854 4.54751e-13
411.8515883411584 6.82124e-13
411.8849447506782 1.13688e-12
411.918301160198 9.09502e-13
411.95165756971784 1.13688e-12
411.98501397923764 1.36425e-12
412.01837038875743 1.13688e-12
412.0517267982773 1.59162e-12
412.0850832077971 1.59162e-12
412.1184396173169 1.36425e-12
412.15179602683673 1.13688e-12
412.18515243635653 1.819e-12
412.21850884587633 2.04638e-12
412.2518652553962 1.819e-12
412.285221664916 1.13688e-12
412.3185780744358 1.819e-12
412.35193448395563 1.819e-12
412.3852908934754 1.819e-12
412.4186473029952 1.819e-12
412.4520037125151 1.13688e-12
412.4853601220349 1.13688e-12
412.5187165315547 1.13688e-12
412.5520729410745 1.13688e-12
412.5854293505943 4.54751e-13
412.6187857601141 4.54751e-13
412.6521421696339 9.09502e-13
412.6854985791538 1.13688e-12
412.71885498867357 9.09502e-13
412.75221139819337 2.27375e-13
412.7855678077132 4.54751e-13
412.818924217233 4.54751e-13
412.8522806267528 4.54751e-13
412.88563703627267 4.54751e-13
412.91899344579247 0.0
412.95234985531226 4.54751e-13
412.9857062648321 4.54751e-13
413.0190626743519 6.82124e-13
413.0524190838717 4.54751e-13
413.08577549339157 4.54751e-13
413.11913190291136 6.82124e-13
413.15248831243116 4.54751e-13
413.185844721951 6.82124e-13
413.2192011314708 2.27375e-13
413.2525575409906 4.54751e-13
413.28591395051046 4.54751e-13
413.31927036003026 1.13688e-12
413.35262676955006 9.09502e-13
413.3859831790699 1.13688e-12
413.4193395885897 1.13688e-12
413.4526959981095 6.82124e-13
413.4860524076293 6.82124e-13
413.51940881714916 1.13688e-12
413.55276522666895 1.13688e-12
413.58612163618875 1.13688e-12
413.6194780457086 1.13688e-12
413.6528344552284 1.13688e-12
413.6861908647482 1.13688e-12
413.71954727426805 1.13688e-12
413.75290368378785 9.09502e-13
413.78626009330765 9.09502e-13
413.8196165028275 9.09502e-13
413.8529729123473 9.09502e-13
413.8863293218671 1.13688e-12
413.91968573138695 1.36425e-12
413.95304214090675 1.13688e-12
413.98639855042654 6.82124e-13
414.0197549599464 9.09502e-13
414.0531113694662 6.82124e-13
414.086467778986 6.82124e-13
414.11982418850585 6.82124e-13
414.15318059802564 6.82124e-13
414.18653700754544 4.54751e-13
414.2198934170653 6.82124e-13
414.2532498265851 2.27375e-13
414.2866062361049 4.54751e-13
414.3199626456247 9.09502e-13
414.35331905514454 6.82124e-13
414.38667546466434 9.09502e-13
414.42003187418413 9.09502e-13
414.453388283704 1.13688e-12
414.4867446932238 1.13688e-12
414.5201011027436 6.82124e-13
414.55345751226344 4.54751e-13
414.58681392178323 4.54751e-13
414.62017033130303 4.54751e-13
414.6535267408229 4.54751e-13
414.6868831503427 4.54751e-13
414.7202395598625 6.82124e-13
414.75359596938233 6.82124e-13
414.78695237890213 6.82124e-13
414.8203087884219 6.82124e-13
414.8536651979418 4.54751e-13
414.8870216074616 4.54751e-13
414.9203780169814 4.54751e-13
414.9537344265012 6.82124e-13
414.987090836021 6.82124e-13
415.0204472455408 4.54751e-13
415.0538036550607 2.27375e-13
415.0871600645805 4.54751e-13
415.12051647410027 6.82124e-13
415.15387288362007 6.82124e-13
415.1872292931399 4.54751e-13
415.2205857026597 4.54751e-13
415.2539421121795 6.82124e-13
415.28729852169937 2.27375e-13
415.32065493121917 4.54751e-13
415.35401134073896 4.54751e-13
415.3873677502588 9.09502e-13
415.4207241597786 4.54751e-13
415.4540805692984 4.54751e-13
415.48743697881827 9.09502e-13
415.520793388338 9.09502e-13
415.55414979785786 9.09502e-13
415.5875062073777 9.09502e-13
415.6208626168975 6.82124e-13
415.6542190264173 1.13688e-12
415.68757543593716 9.09502e-13
415.72093184545696 4.54751e-13
415.75428825497676 4.54751e-13
415.7876446644966 4.54751e-13
415.8210010740164 4.54751e-13
415.8543574835362 4.54751e-13
415.88771389305606 6.82124e-13
415.92107030257586 9.09502e-13
415.95442671209565 4.54751e-13
415.98778312161545 4.54751e-13
416.0211395311353 9.09502e-13
416.0544959406551 4.54751e-13
416.0878523501749 4.54751e-13
416.12120875969475 4.54751e-13
416.15456516921455 4.54751e-13
416.18792157873435 2.27375e-13
416.2212779882542 0.0
416.254634397774 -2.27375e-13
416.2879908072938 0.0
416.32134721681365 -2.27375e-13
416.3547036263334 0.0
416.38806003585324 2.27375e-13
416.4214164453731 4.54751e-13
416.45477285489284 2.27375e-13
416.4881292644127 4.54751e-13
416.52148567393255 2.27375e-13
416.5548420834523 2.27375e-13
416.58819849297214 0.0
416.621554902492 -2.27375e-13
416.65491131201173 0.0
416.6882677215316 0.0
416.72162413105144 0.0
416.75498054057124 0.0
416.78833695009104 0.0
416.82169335961083 -4.54751e-13
416.8550497691307 -4.54751e-13
416.8884061786505 -9.09502e-13
416.9217625881703 -6.82124e-13
416.95511899769014 -6.82124e-13
