pos X
396.941273285801 1.13688e-12
396.9746296953208 1.13688e-12
397.0079861048406 4.54751e-13
397.04134251436045 4.54751e-13
397.07469892388025 4.54751e-13
397.10805533340005 4.54751e-13
397.1414117429199 2.27375e-13
397.1747681524397 4.54751e-13
397.2081245619595 6.82124e-13
397.24148097147935 4.54751e-13
397.27483738099914 4.54751e-13
397.30819379051894 4.54751e-13
397.3415502000388 4.54751e-13
397.3749066095586 4.54751e-13
397.4082630190784 4.54751e-13
397.44161942859824 4.54751e-13
397.47497583811804 6.82124e-13
397.50833224763784 6.82124e-13
397.5416886571577 9.09502e-13
397.5750450666775 9.09502e-13
397.6084014761973 9.09502e-13
397.6417578857171 6.82124e-13
397.67511429523694 6.82124e-13
397.70847070475673 9.09502e-13
397.74182711427653 6.82124e-13
397.7751835237964 1.13688e-12
397.8085399333162 1.13688e-12
397.841896342836 6.82124e-13
397.87525275235583 9.09502e-13
397.90860916187563 1.13688e-12
397.94196557139543 1.13688e-12
397.9753219809153 9.09502e-13
398.008678390435 6.82124e-13
398.0420347999549 1.13688e-12
398.07539120947473 4.54751e-13
398.10874761899447 9.09502e-13
398.1421040285143 6.82124e-13
398.1754604380342 9.09502e-13
398.208816847554 1.13688e-12
398.2421732570738 1.13688e-12
398.2755296665936 9.09502e-13
398.3088860761134 4.54751e-13
398.3422424856332 9.09502e-13
398.3755988951531 1.36425e-12
398.4089553046729 1.13688e-12
398.44231171419267 1.13688e-12
398.47566812371247 1.36425e-12
398.5090245332323 1.13688e-12
398.5423809427521 9.09502e-13
398.5757373522719 9.09502e-13
398.60909376179177 9.09502e-13
398.64245017131157 6.82124e-13
398.67580658083136 6.82124e-13
398.7091629903512 1.13688e-12
398.742519399871 9.09502e-13
398.7758758093908 6.82124e-13
398.80923221891067 9.09502e-13
398.8425886284304 1.13688e-12
398.87594503795026 1.13688e-12
398.9093014474701 1.13688e-12
398.94265785698985 1.13688e-12
398.9760142665097 1.13688e-12
399.00937067602956 1.13688e-12
399.0427270855493 1.13688e-12
399.07608349506916 1.13688e-12
399.109439904589 9.09502e-13
399.14279631410875 9.09502e-13
399.1761527236286 6.82124e-13
399.20950913314846 1.13688e-12
399.24286554266826 1.13688e-12
399.27622195218805 1.13688e-12
399.30957836170785 1.13688e-12
399.3429347712277 1.13688e-12
399.3762911807475 1.13688e-12
399.4096475902673 1.13688e-12
399.44300399978715 1.13688e-12
399.47636040930695 9.09502e-13
399.50971681882675 9.09502e-13
399.5430732283466 9.09502e-13
399.5764296378664 9.09502e-13
399.6097860473862 9.09502e-13
399.64314245690605 4.54751e-13
399.6764988664258 4.54751e-13
399.70985527594564 4.54751e-13
399.7432116854655 6.82124e-13
399.77656809498524 4.54751e-13
399.8099245045051 1.13688e-12
399.84328091402494 9.09502e-13
399.8766373235447 9.09502e-13
399.90999373306454 6.82124e-13
399.9433501425844 4.54751e-13
399.97670655210413 6.82124e-13
400.010062961624 1.13688e-12
400.04341937114384 9.09502e-13
400.0767757806636 6.82124e-13
400.11013219018344 6.82124e-13
400.14348859970323 4.54751e-13
400.17684500922303 4.54751e-13
400.2102014187429 4.54751e-13
400.2435578282627 4.54751e-13
400.27691423778253 0.0
400.31027064730233 0.0
400.34362705682213 2.27375e-13
400.376983466342 4.54751e-13
400.4103398758618 1.13688e-12
400.4436962853816 9.09502e-13
400.47705269490143 4.54751e-13
400.51040910442117 2.27375e-13
400.543765513941 0.0
400.5771219234609 0.0
400.6104783329806 0.0
400.6438347425005 0.0
400.6771911520203 -4.54751e-13
400.71054756154007 -4.54751e-13
400.7439039710599 0.0
400.7772603805798 -2.27375e-13
400.8106167900995 -4.54751e-13
400.84397319961937 -6.82124e-13
400.8773296091392 -6.82124e-13
400.91068601865896 -6.82124e-13
400.9440424281788 -9.09502e-13
400.9773988376986 -1.59162e-12
401.0107552472184 -1.819e-12
401.04411165673827 -2.27375e-12
401.07746806625806 -1.59162e-12
401.11082447577786 -2.04638e-12
401.1441808852977 -2.50112e-12
401.1775372948175 -2.95587e-12
401.2108937043373 -3.41062e-12
401.24425011385716 -3.63801e-12
401.27760652337696 -3.86538e-12
401.31096293289676 -4.09275e-12
401.34431934241655 -4.5475e-12
401.3776757519364 -4.5475e-12
401.41103216145626 -4.5475e-12
401.444388570976 -4.5475e-12
401.47774498049586 -4.32013e-12
401.5111013900157 -3.86538e-12
401.54445779953545 -3.41062e-12
401.5778142090553 -2.95587e-12
401.61117061857516 -2.50112e-12
401.6445270280949 -1.13688e-12
401.67788343761475 0.0
401.7112398471346 9.09502e-13
401.74459625665435 2.04638e-12
401.7779526661742 3.86538e-12
401.811309075694 5.00225e-12
401.8446654852138 6.59386e-12
401.87802189473365 7.95813e-12
401.91137830425345 9.32238e-12
401.94473471377324 1.02319e-11
401.9780911232931 1.15961e-11
402.0114475328129 1.2733e-11
402.0448039423327 1.29604e-11
402.07816035185255 1.36425e-11
402.11151676137234 1.40972e-11
402.14487317089214 1.38698e-11
402.17822958041194 1.34151e-11
402.2115859899318 1.29604e-11
402.2449423994516 1.22782e-11
402.2782988089714 1.0914e-11
402.31165521849124 9.54975e-12
402.34501162801104 7.95813e-12
402.37836803753083 6.13912e-12
402.4117244470507 4.32013e-12
402.44508085657054 2.95587e-12
402.4784372660903 1.13688e-12
402.51179367561014 -6.82124e-13
402.54515008513 -2.04638e-12
402.57850649464973 -4.09275e-12
402.6118629041696 -5.00225e-12
402.6452193136894 -6.59386e-12
402.6785757232092 -7.50339e-12
402.71193213272903 -7.73076e-12
402.74528854224883 -8.18551e-12
402.7786449517686 -8.64026e-12
402.8120013612885 -8.86763e-12
402.8453577708083 -8.86763e-12
402.8787141803281 -8.41288e-12
402.91207058984793 -7.50339e-12
402.9454269993677 -7.50339e-12
402.9787834088875 -6.36649e-12
403.0121398184073 -5.68437e-12
403.0454962279272 -5.00225e-12
403.07885263744697 -3.86538e-12
403.11220904696677 -2.50112e-12
403.1455654564866 -1.819e-12
403.1789218660064 -6.82124e-13
403.2122782755262 0.0
403.24563468504607 6.82124e-13
403.27899109456587 1.36425e-12
403.31234750408566 2.04638e-12
403.3457039136055 2.27375e-12
403.3790603231253 2.95587e-12
403.4124167326451 2.7285e-12
403.44577314216497 2.95587e-12
403.47912955168476 3.63801e-12
403.51248596120456 4.09275e-12
403.5458423707244 4.32013e-12
403.5791987802442 3.86538e-12
403.612555189764 3.63801e-12
403.64591159928386 3.86538e-12
403.67926800880366 4.32013e-12
403.71262441832346 3.63801e-12
403.7459808278433 3.41062e-12
403.7793372373631 2.95587e-12
403.8126936468829 2.27375e-12
403.8460500564027 2.27375e-12
403.87940646592256 1.819e-12
403.91276287544235 1.59162e-12
403.94611928496215 1.13688e-12
403.979475694482 1.13688e-12
404.0128321040018 4.54751e-13
404.0461885135216 0.0
404.07954492304145 0.0
404.11290133256125 0.0
404.14625774208105 -2.27375e-13
404.1796141516009 -6.82124e-13
404.2129705611207 -6.82124e-13
404.2463269706405 -9.09502e-13
404.27968338016035 -1.36425e-12
404.31303978968015 -1.59162e-12
404.34639619919994 -1.36425e-12
404.3797526087198 -1.36425e-12
404.4131090182396 -1.59162e-12
404.4464654277594 -1.36425e-12
404.47982183727925 -9.09502e-13
404.51317824679904 -6.82124e-13
404.54653465631884 -6.82124e-13
404.5798910658387 0.0
404.6132474753585 0.0
404.6466038848783 0.0
404.6799602943981 4.54751e-13
404.71331670391794 2.27375e-13
404.74667311343774 2.27375e-13
404.78002952295753 4.54751e-13
404.8133859324774 6.82124e-13
404.8467423419972 4.54751e-13
404.880098751517 4.54751e-13
404.91345516103684 4.54751e-13
404.94681157055663 6.82124e-13
404.98016798007643 9.09502e-13
405.0135243895963 6.82124e-13
405.0468807991161 6.82124e-13
405.0802372086359 4.54751e-13
405.11359361815573 4.54751e-13
405.14695002767553 4.54751e-13
405.1803064371953 4.54751e-13
405.2136628467152 4.54751e-13
405.247019256235 9.09502e-13
405.2803756657548 6.82124e-13
405.31373207527463 6.82124e-13
405.3470884847944 6.82124e-13
405.3804448943142 1.13688e-12
405.4138013038341 6.82124e-13
405.4471577133539 2.27375e-13
405.48051412287367 2.27375e-13
405.51387053239347 4.54751e-13
405.5472269419133 4.54751e-13
405.5805833514331 -2.27375e-13
405.6139397609529 0.0
405.64729617047277 0.0
405.68065257999257 2.27375e-13
405.71400898951237 4.54751e-13
405.7473653990322 0.0
405.780721808552 0.0
405.8140782180718 0.0
405.84743462759167 4.54751e-13
405.88079103711146 4.54751e-13
405.91414744663126 4.54751e-13
405.9475038561511 4.54751e-13
405.9808602656709 1.13688e-12
406.0142166751907 6.82124e-13
406.04757308471056 4.54751e-13
406.08092949423036 6.82124e-13
406.11428590375016 4.54751e-13
406.14764231327 6.82124e-13
406.1809987227898 6.82124e-13
406.2143551323096 1.13688e-12
406.24771154182946 1.13688e-12
406.28106795134926 9.09502e-13
406.31442436086905 4.54751e-13
406.34778077038885 6.82124e-13
406.3811371799087 1.13688e-12
406.4144935894285 9.09502e-13
406.4478499989483 6.82124e-13
406.48120640846815 4.54751e-13
406.51456281798795 2.27375e-13
406.54791922750775 6.82124e-13
406.5812756370276 6.82124e-13
406.6146320465474 9.09502e-13
406.6479884560672 1.13688e-12
406.68134486558705 1.36425e-12
406.71470127510685 1.13688e-12
406.74805768462664 4.54751e-13
406.7814140941465 9.09502e-13
406.81477050366624 9.09502e-13
406.8481269131861 4.54751e-13
406.88148332270595 4.54751e-13
406.91483973222574 4.54751e-13
406.94819614174554 6.82124e-13
406.9815525512654 9.09502e-13
407.0149089607852 4.54751e-13
407.048265370305 6.82124e-13
407.08162177982484 1.13688e-12
407.11497818934464 9.09502e-13
407.14833459886444 6.82124e-13
407.18169100838423 9.09502e-13
407.2150474179041 6.82124e-13
407.2484038274239 6.82124e-13
407.2817602369437 4.54751e-13
407.31511664646354 4.54751e-13
407.34847305598333 4.54751e-13
407.38182946550313 6.82124e-13
407.415185875023 9.09502e-13
407.4485422845428 4.54751e-13
407.4818986940626 6.82124e-13
407.51525510358243 9.09502e-13
407.54861151310223 4.54751e-13
407.581967922622 6.82124e-13
407.6153243321419 9.09502e-13
407.6486807416616 4.54751e-13
407.6820371511815 4.54751e-13
407.71539356070133 4.54751e-13
407.74874997022107 4.54751e-13
407.7821063797409 4.54751e-13
407.8154627892608 4.54751e-13
407.8488191987805 4.54751e-13
407.8821756083004 2.27375e-13
407.9155320178202 2.27375e-13
407.94888842734 4.54751e-13
407.9822448368598 4.54751e-13
408.0156012463796 6.82124e-13
408.04895765589947 0.0
408.08231406541927 -2.27375e-13
408.11567047493907 2.27375e-13
408.1490268844589 4.54751e-13
408.1823832939787 4.54751e-13
408.2157397034985 4.54751e-13
408.24909611301837 0.0
408.28245252253816 2.27375e-13
408.31580893205796 4.54751e-13
408.3491653415778 0.0
408.3825217510976 6.82124e-13
408.4158781606174 4.54751e-13
408.44923457013726 4.54751e-13
408.482590979657 6.82124e-13
408.51594738917686 4.54751e-13
408.5493037986967 9.09502e-13
408.58266020821645 9.09502e-13
408.6160166177363 1.819e-12
408.64937302725616 1.13688e-12
408.6827294367759 6.82124e-13
408.71608584629575 1.36425e-12
408.7494422558156 9.09502e-13
408.78279866533535 1.13688e-12
408.8161550748552 1.13688e-12
408.849511484375 1.36425e-12
408.8828678938948 1.36425e-12
408.91622430341465 1.59162e-12
408.94958071293445 1.36425e-12
408.98293712245425 1.59162e-12
409.0162935319741 1.819e-12
409.0496499414939 1.819e-12
409.08300635101375 1.59162e-12
409.11636276053355 1.36425e-12
409.14971917005334 1.819e-12
409.1830755795732 2.27375e-12
409.216431989093 1.819e-12
409.2497883986128 1.819e-12
409.28314480813265 1.819e-12
409.3165012176524 1.59162e-12
409.34985762717224 1.13688e-12
409.3832140366921 1.36425e-12
409.41657044621184 6.82124e-13
409.4499268557317 4.54751e-13
409.48328326525154 4.54751e-13
409.5166396747713 -2.27375e-13
409.54999608429114 -9.09502e-13
409.583352493811 -1.36425e-12
409.61670890333073 -1.36425e-12
409.6500653128506 -2.04638e-12
409.6834217223704 -2.27375e-12
409.7167781318902 -2.95587e-12
409.75013454141003 -3.63801e-12
409.78349095092983 -4.32013e-12
409.81684736044963 -4.09275e-12
409.8502037699695 -3.86538e-12
409.8835601794893 -3.86538e-12
409.9169165890091 -4.09275e-12
409.95027299852893 -4.09275e-12
409.9836294080487 -3.63801e-12
410.0169858175685 -3.18325e-12
410.0503422270884 -3.41062e-12
410.0836986366082 -2.7285e-12
410.11705504612803 -2.7285e-12
410.15041145564777 -2.50112e-12
410.1837678651676 -1.59162e-12
410.2171242746875 -6.82124e-13
410.2504806842072 -2.27375e-13
410.2838370937271 6.82124e-13
410.3171935032469 1.13688e-12
410.35054991276667 1.59162e-12
410.3839063222865 2.27375e-12
410.4172627318064 2.95587e-12
410.4506191413261 3.63801e-12
410.48397555084597 3.86538e-12
410.51733196036577 4.32013e-12
410.55068836988556 4.09275e-12
410.5840447794054 4.32013e-12
410.6174011889252 4.32013e-12
410.650757598445 4.32013e-12
410.68411400796487 4.09275e-12
410.71747041748466 3.86538e-12
410.75082682700446 3.86538e-12
410.7841832365243 3.63801e-12
410.8175396460441 3.18325e-12
410.8508960555639 2.50112e-12
410.88425246508376 2.27375e-12
410.91760887460356 2.27375e-12
410.95096528412336 1.819e-12
410.98432169364315 1.13688e-12
411.017678103163 1.36425e-12
411.0510345126828 9.09502e-13
411.0843909222026 2.27375e-13
411.11774733172246 0.0
411.1511037412423 0.0
411.18446015076205 -2.27375e-13
411.2178165602819 -2.27375e-13
411.25117296980176 -6.82124e-13
411.2845293793215 -6.82124e-13
411.31788578884135 -9.09502e-13
411.35124219836115 -6.82124e-13
411.38459860788095 -6.82124e-13
411.4179550174008 -6.82124e-13
411.4513114269206 -2.27375e-13
411.4846678364404 -2.27375e-13
411.51802424596025 -4.54751e-13
411.55138065548005 -4.54751e-13
411.58473706499984 -2.27375e-13
411.6180934745197 0.0
411.6514498840395 2.27375e-13
411.6848062935593 9.09502e-13
411.71816270307914 9.09502e-13
411.75151911259894 4.54751e-13
411.78487552211874 4.54751e-13
411.81823193163854 1.13688e-12
411.8515883411584 1.13688e-12
411.8849447506782 9.09502e-13
411.918301160198 1.13688e-12
411.95165756971784 1.13688e-12
411.98501397923764 1.36425e-12
412.01837038875743 1.36425e-12
412.0517267982773 1.13688e-12
412.0850832077971 1.13688e-12
412.1184396173169 1.36425e-12
412.15179602683673 1.13688e-12
412.18515243635653 1.13688e-12
412.21850884587633 1.36425e-12
412.2518652553962 1.36425e-12
412.285221664916 1.13688e-12
412.3185780744358 1.36425e-12
412.35193448395563 1.13688e-12
412.3852908934754 9.09502e-13
412.4186473029952 9.09502e-13
412.4520037125151 6.82124e-13
412.4853601220349 6.82124e-13
412.5187165315547 6.82124e-13
412.5520729410745 4.54751e-13
412.5854293505943 4.54751e-13
412.6187857601141 4.54751e-13
412.6521421696339 4.54751e-13
412.6854985791538 2.27375e-13
412.71885498867357 4.54751e-13
412.75221139819337 4.54751e-13
412.7855678077132 2.27375e-13
412.818924217233 2.27375e-13
412.8522806267528 4.54751e-13
412.88563703627267 4.54751e-13
412.91899344579247 4.54751e-13
412.95234985531226 4.54751e-13
412.9857062648321 4.54751e-13
413.0190626743519 4.54751e-13
413.0524190838717 6.82124e-13
413.08577549339157 6.82124e-13
413.11913190291136 6.82124e-13
413.15248831243116 9.09502e-13
413.185844721951 1.13688e-12
413.2192011314708 1.13688e-12
413.2525575409906 9.09502e-13
413.28591395051046 1.13688e-12
413.31927036003026 9.09502e-13
413.35262676955006 6.82124e-13
413.3859831790699 6.82124e-13
413.4193395885897 1.13688e-12
413.4526959981095 9.09502e-13
413.4860524076293 9.09502e-13
413.51940881714916 1.13688e-12
413.55276522666895 1.13688e-12
413.58612163618875 9.09502e-13
413.6194780457086 1.13688e-12
413.6528344552284 1.13688e-12
413.6861908647482 4.54751e-13
413.71954727426805 9.09502e-13
413.75290368378785 6.82124e-13
413.78626009330765 1.13688e-12
413.8196165028275 1.13688e-12
413.8529729123473 1.13688e-12
413.8863293218671 1.13688e-12
413.91968573138695 1.13688e-12
413.95304214090675 9.09502e-13
413.98639855042654 1.36425e-12
414.0197549599464 1.13688e-12
414.0531113694662 1.13688e-12
414.086467778986 6.82124e-13
414.11982418850585 9.09502e-13
414.15318059802564 9.09502e-13
414.18653700754544 2.27375e-13
414.2198934170653 4.54751e-13
414.2532498265851 6.82124e-13
414.2866062361049 4.54751e-13
414.3199626456247 6.82124e-13
414.35331905514454 1.13688e-12
414.38667546466434 4.54751e-13
414.42003187418413 4.54751e-13
414.453388283704 0.0
414.4867446932238 2.27375e-13
414.5201011027436 0.0
414.55345751226344 4.54751e-13
414.58681392178323 4.54751e-13
414.62017033130303 4.54751e-13
414.6535267408229 6.82124e-13
414.6868831503427 6.82124e-13
414.7202395598625 4.54751e-13
414.75359596938233 4.54751e-13
414.78695237890213 4.54751e-13
414.8203087884219 9.09502e-13
414.8536651979418 1.13688e-12
414.8870216074616 4.54751e-13
414.9203780169814 4.54751e-13
414.9537344265012 9.09502e-13
414.987090836021 4.54751e-13
415.0204472455408 4.54751e-13
415.0538036550607 6.82124e-13
415.0871600645805 2.27375e-13
415.12051647410027 4.54751e-13
415.15387288362007 4.54751e-13
415.1872292931399 6.82124e-13
415.2205857026597 4.54751e-13
415.2539421121795 4.54751e-13
415.28729852169937 4.54751e-13
415.32065493121917 4.54751e-13
415.35401134073896 4.54751e-13
415.3873677502588 6.82124e-13
415.4207241597786 4.54751e-13
415.4540805692984 9.09502e-13
415.48743697881827 9.09502e-13
415.520793388338 4.54751e-13
415.55414979785786 4.54751e-13
415.5875062073777 6.82124e-13
415.6208626168975 4.54751e-13
415.6542190264173 6.82124e-13
415.68757543593716 6.82124e-13
415.72093184545696 9.09502e-13
415.75428825497676 1.13688e-12
415.7876446644966 9.09502e-13
415.8210010740164 6.82124e-13
415.8543574835362 4.54751e-13
415.88771389305606 4.54751e-13
415.92107030257586 4.54751e-13
415.95442671209565 4.54751e-13
415.98778312161545 4.54751e-13
416.0211395311353 4.54751e-13
416.0544959406551 9.09502e-13
416.0878523501749 4.54751e-13
416.12120875969475 0.0
416.15456516921455 0.0
416.18792157873435 2.27375e-13
416.2212779882542 4.54751e-13
416.254634397774 4.54751e-13
416.2879908072938 4.54751e-13
416.32134721681365 4.54751e-13
416.3547036263334 4.54751e-13
416.38806003585324 2.27375e-13
416.4214164453731 4.54751e-13
416.45477285489284 0.0
416.4881292644127 0.0
416.52148567393255 0.0
416.5548420834523 0.0
416.58819849297214 0.0
416.621554902492 2.27375e-13
416.65491131201173 4.54751e-13
416.6882677215316 2.27375e-13
416.72162413105144 0.0
416.75498054057124 0.0
416.78833695009104 0.0
416.82169335961083 -2.27375e-13
416.8550497691307 0.0
416.8884061786505 4.54751e-13
416.9217625881703 2.27375e-13
416.95511899769014 0.0
