pos X
396.941273285801 5.684375e-13
396.9746296953208 5.684375e-13
397.0079861048406 4.54751e-13
397.04134251436045 7.958155000000001e-13
397.07469892388025 7.958155000000001e-13
397.10805533340005 7.958155000000001e-13
397.1414117429199 4.54751e-13
397.1747681524397 6.821265e-13
397.2081245619595 3.41063e-13
397.24148097147935 5.684375e-13
397.27483738099914 9.09502e-13
397.30819379051894 9.09502e-13
397.3415502000388 7.95813e-13
397.3749066095586 6.82124e-13
397.4082630190784 4.547495e-13
397.44161942859824 5.684375e-13
397.47497583811804 5.684385e-13
397.50833224763784 5.684385e-13
397.5416886571577 9.095005e-13
397.5750450666775 9.09502e-13
397.6084014761973 9.09502e-13
397.6417578857171 9.09502e-13
397.67511429523694 9.09502e-13
397.70847070475673 9.09502e-13
397.74182711427653 1.36425e-12
397.7751835237964 7.958155000000001e-13
397.8085399333162 7.958155000000001e-13
397.841896342836 7.958155000000001e-13
397.87525275235583 1.023191e-12
397.90860916187563 1.023187e-12
397.94196557139543 1.023187e-12
397.9753219809153 9.09502e-13
398.008678390435 7.95813e-13
398.0420347999549 7.958155000000001e-13
398.07539120947473 7.958155000000001e-13
398.10874761899447 7.95813e-13
398.1421040285143 5.684375e-13
398.1754604380342 5.684375e-13
398.208816847554 7.958155000000001e-13
398.2421732570738 6.821265e-13
398.2755296665936 4.54751e-13
398.3088860761134 9.09502e-13
398.3422424856332 9.09502e-13
398.3755988951531 9.09502e-13
398.4089553046729 1.023191e-12
398.44231171419267 5.684375e-13
398.47566812371247 5.684375e-13
398.5090245332323 4.54751e-13
398.5423809427521 7.95813e-13
398.5757373522719 9.09502e-13
398.60909376179177 1.023191e-12
398.64245017131157 7.95813e-13
398.67580658083136 4.54751e-13
398.7091629903512 5.684375e-13
398.742519399871 5.684375e-13
398.7758758093908 9.09502e-13
398.80923221891067 7.958155000000001e-13
398.8425886284304 9.09502e-13
398.87594503795026 6.82124e-13
398.9093014474701 1.023191e-12
398.94265785698985 1.023187e-12
398.9760142665097 1.023191e-12
399.00937067602956 1.250565e-12
399.0427270855493 1.023191e-12
399.07608349506916 1.13688e-12
399.109439904589 1.36425e-12
399.14279631410875 1.250565e-12
399.1761527236286 1.250565e-12
399.20950913314846 1.250565e-12
399.24286554266826 1.023191e-12
399.27622195218805 1.023187e-12
399.30957836170785 1.250565e-12
399.3429347712277 1.13688e-12
399.3762911807475 9.09502e-13
399.4096475902673 7.95813e-13
399.44300399978715 9.09502e-13
399.47636040930695 7.95813e-13
399.50971681882675 1.023191e-12
399.5430732283466 7.95813e-13
399.5764296378664 9.09502e-13
399.6097860473862 6.82124e-13
399.64314245690605 9.09502e-13
399.6764988664258 9.09502e-13
399.70985527594564 7.958155000000001e-13
399.7432116854655 1.13688e-12
399.77656809498524 9.09502e-13
399.8099245045051 7.958155000000001e-13
399.84328091402494 6.821265e-13
399.8766373235447 6.821265e-13
399.90999373306454 9.09502e-13
399.9433501425844 7.958155000000001e-13
399.97670655210413 5.684375e-13
400.010062961624 5.684375e-13
400.04341937114384 5.6844e-13
400.0767757806636 6.82124e-13
400.11013219018344 1.136876e-12
400.14348859970323 1.023191e-12
400.17684500922303 1.023191e-12
400.2102014187429 7.95813e-13
400.2435578282627 5.684375e-13
400.27691423778253 5.684375e-13
400.31027064730233 4.547495e-13
400.34362705682213 5.684385e-13
400.376983466342 3.41063e-13
400.4103398758618 3.41063e-13
400.4436962853816 4.547495e-13
400.47705269490143 3.41062e-13
400.51040910442117 5.684385e-13
400.543765513941 2.273755e-13
400.5771219234609 1.136875e-13
400.6104783329806 0.0
400.6438347425005 -4.547495e-13
400.6771911520203 -5.684375e-13
400.71054756154007 -6.82124e-13
400.7439039710599 -9.09502e-13
400.7772603805798 -1.250565e-12
400.8106167900995 -1.5916249999999999e-12
400.84397319961937 -2.27375e-12
400.8773296091392 -2.387435e-12
400.91068601865896 -2.387435e-12
400.9440424281788 -2.842185e-12
400.9773988376986 -2.842185e-12
401.0107552472184 -3.296935e-12
401.04411165673827 -3.979065e-12
401.07746806625806 -4.433815e-12
401.11082447577786 -5.002245e-12
401.1441808852977 -5.34331e-12
401.1775372948175 -5.68437e-12
401.2108937043373 -5.79806e-12
401.24425011385716 -6.252805e-12
401.27760652337696 -6.593865e-12
401.31096293289676 -6.934925e-12
401.34431934241655 -6.934925e-12
401.3776757519364 -7.048625e-12
401.41103216145626 -6.934925e-12
401.444388570976 -6.593865e-12
401.47774498049586 -5.91174e-12
401.5111013900157 -5.5706849999999995e-12
401.54445779953545 -4.8885599999999995e-12
401.5778142090553 -3.86538e-12
401.61117061857516 -2.955875e-12
401.6445270280949 -1.36425e-12
401.67788343761475 0.0
401.7112398471346 1.5916249999999999e-12
401.74459625665435 3.41062e-12
401.7779526661742 5.5706849999999995e-12
401.811309075694 7.16231e-12
401.8446654852138 9.436065e-12
401.87802189473365 1.1482450000000001e-11
401.91137830425345 1.34151e-11
401.94473471377324 1.523415e-11
401.9780911232931 1.671205e-11
402.0114475328129 1.762155e-11
402.0448039423327 1.90995e-11
402.07816035185255 1.966795e-11
402.11151676137234 1.9895299999999998e-11
402.14487317089214 1.97816e-11
402.17822958041194 1.97816e-11
402.2115859899318 1.86448e-11
402.2449423994516 1.7621550000000003e-11
402.2782988089714 1.62573e-11
402.31165521849124 1.398355e-11
402.34501162801104 1.18235e-11
402.37836803753083 9.32238e-12
402.4117244470507 7.048625e-12
402.44508085657054 3.97907e-12
402.4784372660903 1.70531e-12
402.51179367561014 -1.36425e-12
402.54515008513 -3.63801e-12
402.57850649464973 -6.13912e-12
402.6118629041696 -7.958135e-12
402.6452193136894 -9.777124999999999e-12
402.6785757232092 -1.114135e-11
402.71193213272903 -1.216455e-11
402.74528854224883 -1.307405e-11
402.7786449517686 -1.352875e-11
402.8120013612885 -1.386985e-11
402.8453577708083 -1.398355e-11
402.8787141803281 -1.36425e-11
402.91207058984793 -1.3187749999999999e-11
402.9454269993677 -1.227825e-11
402.9787834088875 -1.114135e-11
403.0121398184073 -9.890824999999999e-12
403.0454962279272 -8.412885000000001e-12
403.07885263744697 -7.389700000000001e-12
403.11220904696677 -5.5706849999999995e-12
403.1455654564866 -4.20644e-12
403.1789218660064 -2.8421850000000004e-12
403.2122782755262 -1.477935e-12
403.24563468504607 3.41063e-13
403.27899109456587 1.477935e-12
403.31234750408566 2.61481e-12
403.3457039136055 3.524315e-12
403.3790603231253 4.774875e-12
403.4124167326451 5.5706849999999995e-12
403.44577314216497 6.3664899999999995e-12
403.47912955168476 7.16231e-12
403.51248596120456 7.048625e-12
403.5458423707244 7.276e-12
403.5791987802442 7.50337e-12
403.612555189764 7.27601e-12
403.64591159928386 7.16231e-12
403.67926800880366 6.934925e-12
403.71262441832346 6.48018e-12
403.7459808278433 5.911745e-12
403.7793372373631 5.229624999999999e-12
403.8126936468829 4.5475e-12
403.8460500564027 3.751685e-12
403.87940646592256 3.296935e-12
403.91276287544235 2.842185e-12
403.94611928496215 2.046375e-12
403.979475694482 1.250565e-12
404.0128321040018 6.821265e-13
404.0461885135216 1.136875e-13
404.07954492304145 -5.684375e-13
404.11290133256125 -1.250565e-12
404.14625774208105 -1.70531e-12
404.1796141516009 -2.27375e-12
404.2129705611207 -2.387435e-12
404.2463269706405 -2.7284950000000003e-12
404.27968338016035 -2.95587e-12
404.31303978968015 -3.18325e-12
404.34639619919994 -3.18325e-12
404.3797526087198 -3.18325e-12
404.4131090182396 -3.296935e-12
404.4464654277594 -2.842185e-12
404.47982183727925 -2.50112e-12
404.51317824679904 -2.50112e-12
404.54653465631884 -2.387435e-12
404.5798910658387 -2.160065e-12
404.6132474753585 -1.36425e-12
404.6466038848783 -1.36425e-12
404.6799602943981 -1.136876e-12
404.71331670391794 -1.023191e-12
404.74667311343774 -6.82124e-13
404.78002952295753 -3.41063e-13
404.8133859324774 0.0
404.8467423419972 1.136875e-13
404.880098751517 4.54751e-13
404.91345516103684 4.54751e-13
404.94681157055663 9.09502e-13
404.98016798007643 9.09502e-13
405.0135243895963 1.13688e-12
405.0468807991161 1.13688e-12
405.0802372086359 1.13688e-12
405.11359361815573 1.5916249999999999e-12
405.14695002767553 1.250565e-12
405.1803064371953 1.023191e-12
405.2136628467152 1.023191e-12
405.247019256235 1.023191e-12
405.2803756657548 7.95813e-13
405.31373207527463 1.13688e-12
405.3470884847944 9.09502e-13
405.3804448943142 9.09502e-13
405.4138013038341 7.95813e-13
405.4471577133539 1.023191e-12
405.48051412287367 6.821265e-13
405.51387053239347 9.09502e-13
405.5472269419133 4.547495e-13
405.5805833514331 2.273755e-13
405.6139397609529 3.41063e-13
405.64729617047277 3.41063e-13
405.68065257999257 1.136875e-13
405.71400898951237 4.54751e-13
405.7473653990322 4.54751e-13
405.780721808552 3.41063e-13
405.8140782180718 3.41063e-13
405.84743462759167 2.273755e-13
405.88079103711146 3.41063e-13
405.91414744663126 4.54751e-13
405.9475038561511 4.54751e-13
405.9808602656709 4.54751e-13
406.0142166751907 2.273755e-13
406.04757308471056 3.4106350000000006e-13
406.08092949423036 4.547495e-13
406.11428590375016 5.684375e-13
406.14764231327 5.684375e-13
406.1809987227898 7.95813e-13
406.2143551323096 3.41063e-13
406.24771154182946 4.54751e-13
406.28106795134926 3.41063e-13
406.31442436086905 5.684375e-13
406.34778077038885 9.09502e-13
406.3811371799087 5.684375e-13
406.4144935894285 6.821265e-13
406.4478499989483 4.547495e-13
406.48120640846815 6.82124e-13
406.51456281798795 1.13688e-12
406.54791922750775 9.09502e-13
406.5812756370276 1.023191e-12
406.6146320465474 1.023191e-12
406.6479884560672 1.13688e-12
406.68134486558705 1.13688e-12
406.71470127510685 9.09502e-13
406.74805768462664 7.95813e-13
406.7814140941465 5.684375e-13
406.81477050366624 9.09502e-13
406.8481269131861 1.023191e-12
406.88148332270595 1.023191e-12
406.91483973222574 7.958155000000001e-13
406.94819614174554 6.821265e-13
406.9815525512654 5.6844e-13
407.0149089607852 5.684375e-13
407.048265370305 4.54751e-13
407.08162177982484 3.41063e-13
407.11497818934464 2.27375e-13
407.14833459886444 4.54751e-13
407.18169100838423 6.821265e-13
407.2150474179041 5.684375e-13
407.2484038274239 7.95813e-13
407.2817602369437 7.95813e-13
407.31511664646354 7.95813e-13
407.34847305598333 6.821265e-13
407.38182946550313 4.54751e-13
407.415185875023 5.684375e-13
407.4485422845428 5.684375e-13
407.4818986940626 4.54751e-13
407.51525510358243 4.54751e-13
407.54861151310223 3.41063e-13
407.581967922622 1.136875e-13
407.6153243321419 4.54751e-13
407.6486807416616 6.82124e-13
407.6820371511815 4.54751e-13
407.71539356070133 4.54751e-13
407.74874997022107 4.54751e-13
407.7821063797409 3.41063e-13
407.8154627892608 4.54751e-13
407.8488191987805 3.41063e-13
407.8821756083004 3.41063e-13
407.9155320178202 2.27375e-13
407.94888842734 4.54751e-13
407.9822448368598 4.547495e-13
408.0156012463796 2.273755e-13
408.04895765589947 4.54751e-13
408.08231406541927 4.547495e-13
408.11567047493907 4.54751e-13
408.1490268844589 5.684375e-13
408.1823832939787 4.54751e-13
408.2157397034985 4.547495e-13
408.24909611301837 5.684375e-13
408.28245252253816 3.41062e-13
408.31580893205796 2.273755e-13
408.3491653415778 4.54751e-13
408.3825217510976 6.82124e-13
408.4158781606174 7.958155000000001e-13
408.44923457013726 7.958155000000001e-13
408.482590979657 9.09502e-13
408.51594738917686 1.13688e-12
408.5493037986967 1.023191e-12
408.58266020821645 1.13688e-12
408.6160166177363 1.250565e-12
408.64937302725616 1.36425e-12
408.6827294367759 1.477935e-12
408.71608584629575 1.250565e-12
408.7494422558156 1.36425e-12
408.78279866533535 1.477935e-12
408.8161550748552 1.70531e-12
408.849511484375 1.819e-12
408.8828678938948 1.70531e-12
408.91622430341465 2.160065e-12
408.94958071293445 2.3874399999999998e-12
408.98293712245425 2.5011250000000002e-12
409.0162935319741 2.27375e-12
409.0496499414939 2.7285e-12
409.08300635101375 2.7284950000000003e-12
409.11636276053355 2.61481e-12
409.14971917005334 2.5011250000000002e-12
409.1830755795732 2.95587e-12
409.216431989093 2.7284950000000003e-12
409.2497883986128 2.387435e-12
409.28314480813265 2.5011250000000002e-12
409.3165012176524 2.50112e-12
409.34985762717224 2.04638e-12
409.3832140366921 1.93269e-12
409.41657044621184 1.819e-12
409.4499268557317 1.36425e-12
409.48328326525154 1.023191e-12
409.5166396747713 3.41063e-13
409.54999608429114 -1.136875e-13
409.583352493811 -5.684375e-13
409.61670890333073 -7.95813e-13
409.6500653128506 -1.36425e-12
409.6834217223704 -2.160065e-12
409.7167781318902 -2.61481e-12
409.75013454141003 -3.296935e-12
409.78349095092983 -4.0927549999999996e-12
409.81684736044963 -4.3201250000000004e-12
409.8502037699695 -4.8885599999999995e-12
409.8835601794893 -5.115935e-12
409.9169165890091 -5.68437e-12
409.95027299852893 -5.911745e-12
409.9836294080487 -6.1391150000000005e-12
410.0169858175685 -6.02543e-12
410.0503422270884 -5.798055e-12
410.0836986366082 -5.5706849999999995e-12
410.11705504612803 -5.229624999999999e-12
410.15041145564777 -4.661185000000001e-12
410.1837678651676 -4.3201250000000004e-12
410.2171242746875 -3.524315e-12
410.2504806842072 -2.955875e-12
410.2838370937271 -2.04638e-12
410.3171935032469 -1.36425e-12
410.35054991276667 0.0
410.3839063222865 6.821265e-13
410.4172627318064 1.5916249999999999e-12
410.4506191413261 2.27375e-12
410.48397555084597 2.95587e-12
410.51733196036577 3.979065e-12
410.55068836988556 4.661185000000001e-12
410.5840447794054 5.115935e-12
410.6174011889252 5.34331e-12
410.650757598445 5.91174e-12
410.68411400796487 6.13912e-12
410.71747041748466 6.02543e-12
410.75082682700446 6.02543e-12
410.7841832365243 5.68437e-12
410.8175396460441 5.34331e-12
410.8508960555639 5.22962e-12
410.88425246508376 4.661185000000001e-12
410.91760887460356 3.97907e-12
410.95096528412336 3.524315e-12
410.98432169364315 2.95587e-12
411.017678103163 2.61481e-12
411.0510345126828 2.27375e-12
411.0843909222026 1.819e-12
411.11774733172246 1.136876e-12
411.1511037412423 6.821265e-13
411.18446015076205 1.136875e-13
411.2178165602819 -3.41062e-13
411.25117296980176 -6.82124e-13
411.2845293793215 -9.09502e-13
411.31788578884135 -1.5916249999999999e-12
411.35124219836115 -1.47794e-12
411.38459860788095 -1.93269e-12
411.4179550174008 -1.8190000000000002e-12
411.4513114269206 -2.046375e-12
411.4846678364404 -2.04638e-12
411.51802424596025 -1.36425e-12
411.55138065548005 -1.93269e-12
411.58473706499984 -1.705315e-12
411.6180934745197 -1.36425e-12
411.6514498840395 -1.36425e-12
411.6848062935593 -1.023187e-12
411.71816270307914 -6.82124e-13
411.75151911259894 -2.273755e-13
411.78487552211874 1.136875e-13
411.81823193163854 2.27375e-13
411.8515883411584 4.54751e-13
411.8849447506782 5.684375e-13
411.918301160198 9.09502e-13
411.95165756971784 1.13688e-12
411.98501397923764 1.250565e-12
412.01837038875743 1.819e-12
412.0517267982773 1.819e-12
412.0850832077971 1.93269e-12
412.1184396173169 1.819e-12
412.15179602683673 1.819e-12
412.18515243635653 2.046375e-12
412.21850884587633 2.046375e-12
412.2518652553962 1.932685e-12
412.285221664916 1.932685e-12
412.3185780744358 1.5916249999999999e-12
412.35193448395563 1.5916249999999999e-12
412.3852908934754 1.70531e-12
412.4186473029952 1.70531e-12
412.4520037125151 1.705315e-12
412.4853601220349 1.364251e-12
412.5187165315547 1.2505619999999998e-12
412.5520729410745 1.36425e-12
412.5854293505943 9.09502e-13
412.6187857601141 9.09502e-13
412.6521421696339 9.09502e-13
412.6854985791538 7.95813e-13
412.71885498867357 5.684375e-13
412.75221139819337 6.821265e-13
412.7855678077132 6.82124e-13
412.818924217233 4.54751e-13
412.8522806267528 2.273755e-13
412.88563703627267 1.136875e-13
412.91899344579247 2.273755e-13
412.95234985531226 0.0
412.9857062648321 1.1368800000000003e-13
413.0190626743519 3.41063e-13
413.0524190838717 2.273755e-13
413.08577549339157 2.273755e-13
413.11913190291136 3.41063e-13
413.15248831243116 4.54751e-13
413.185844721951 5.684375e-13
413.2192011314708 4.54751e-13
413.2525575409906 4.54751e-13
413.28591395051046 1.136875e-13
413.31927036003026 2.273755e-13
413.35262676955006 5.684375e-13
413.3859831790699 7.958155000000001e-13
413.4193395885897 6.821265e-13
413.4526959981095 4.547495e-13
413.4860524076293 7.958155000000001e-13
413.51940881714916 5.684375e-13
413.55276522666895 7.95813e-13
413.58612163618875 9.09502e-13
413.6194780457086 9.09502e-13
413.6528344552284 9.09502e-13
413.6861908647482 1.023187e-12
413.71954727426805 1.023191e-12
413.75290368378785 1.13688e-12
413.78626009330765 1.13688e-12
413.8196165028275 1.023187e-12
413.8529729123473 9.09502e-13
413.8863293218671 1.13688e-12
413.91968573138695 1.13688e-12
413.95304214090675 1.36425e-12
413.98639855042654 1.13688e-12
414.0197549599464 7.95813e-13
414.0531113694662 1.023191e-12
414.086467778986 9.095005e-13
414.11982418850585 1.023191e-12
414.15318059802564 1.023191e-12
414.18653700754544 1.023191e-12
414.2198934170653 6.82124e-13
414.2532498265851 5.684375e-13
414.2866062361049 7.95813e-13
414.3199626456247 9.09502e-13
414.35331905514454 5.684375e-13
414.38667546466434 7.95813e-13
414.42003187418413 6.821265e-13
414.453388283704 4.54751e-13
414.4867446932238 3.41063e-13
414.5201011027436 3.41063e-13
414.55345751226344 3.41063e-13
414.58681392178323 4.54751e-13
414.62017033130303 4.54751e-13
414.6535267408229 4.547495e-13
414.6868831503427 4.54751e-13
414.7202395598625 2.27375e-13
414.75359596938233 4.54751e-13
414.78695237890213 4.54751e-13
414.8203087884219 5.684375e-13
414.8536651979418 4.54751e-13
414.8870216074616 4.547495e-13
414.9203780169814 2.273755e-13
414.9537344265012 3.41063e-13
414.987090836021 3.41063e-13
415.0204472455408 4.547495e-13
415.0538036550607 3.41063e-13
415.0871600645805 2.273755e-13
415.12051647410027 4.54751e-13
415.15387288362007 4.547495e-13
415.1872292931399 4.547495e-13
415.2205857026597 6.82124e-13
415.2539421121795 6.82124e-13
415.28729852169937 6.821265e-13
415.32065493121917 4.547495e-13
415.35401134073896 5.684375e-13
415.3873677502588 7.958155000000001e-13
415.4207241597786 6.821265e-13
415.4540805692984 6.821265e-13
415.48743697881827 5.684375e-13
415.520793388338 5.684375e-13
415.55414979785786 9.09502e-13
415.5875062073777 1.13688e-12
415.6208626168975 1.023191e-12
415.6542190264173 7.95813e-13
415.68757543593716 9.09502e-13
415.72093184545696 1.13688e-12
415.75428825497676 9.09502e-13
415.7876446644966 1.13688e-12
415.8210010740164 1.023191e-12
415.8543574835362 6.821265e-13
415.88771389305606 5.684375e-13
415.92107030257586 5.684385e-13
415.95442671209565 5.684375e-13
415.98778312161545 4.54751e-13
416.0211395311353 6.821265e-13
416.0544959406551 6.821265e-13
416.0878523501749 3.41063e-13
416.12120875969475 2.27375e-13
416.15456516921455 1.136875e-13
416.18792157873435 1.136875e-13
416.2212779882542 4.54751e-13
416.254634397774 2.273755e-13
416.2879908072938 2.273755e-13
416.32134721681365 2.273755e-13
416.3547036263334 1.136875e-13
416.38806003585324 -1.136875e-13
416.4214164453731 1.136875e-13
416.45477285489284 0.0
416.4881292644127 -2.27375e-13
416.52148567393255 -3.41063e-13
416.5548420834523 0.0
416.58819849297214 -1.136875e-13
416.621554902492 -3.41063e-13
416.65491131201173 -3.41063e-13
416.6882677215316 -1.136875e-13
416.72162413105144 -2.273755e-13
416.75498054057124 -2.27375e-13
416.78833695009104 0.0
416.82169335961083 -1.136875e-13
416.8550497691307 -2.273755e-13
416.8884061786505 -2.273755e-13
416.9217625881703 -2.273755e-13
416.95511899769014 -4.547495e-13
