pos X
390.26999138183794 1.3642504999999999e-12
390.3033477913578 1.3074075e-12
390.33670420087753 1.477935e-12
390.3700606103974 1.3642500000000002e-12
390.40341701991724 1.36425e-12
390.436773429437 1.3074075e-12
390.47012983895684 1.4779375e-12
390.50348624847663 1.53478e-12
390.5368426579965 1.250565e-12
390.5701990675163 1.2505650000000001e-12
390.6035554770361 1.421095e-12
390.63691188655594 1.477935e-12
390.67026829607573 1.36425e-12
390.70362470559553 1.477935e-12
390.7369811151154 1.421095e-12
390.7703375246352 1.4210925e-12
390.803693934155 1.5347799999999998e-12
390.83705034367483 1.4210925e-12
390.87040675319463 1.3074075e-12
390.9037631627144 1.36425e-12
390.9371195722343 1.1937225e-12
390.970475981754 1.5916225e-12
391.0038323912739 1.53478e-12
391.03718880079373 1.53478e-12
391.07054521031347 1.47794e-12
391.1039016198333 1.53478e-12
391.1372580293532 1.6484675e-12
391.1706144388729 1.5347775e-12
391.20397084839277 1.6484649999999999e-12
391.2373272579126 1.53478e-12
391.27068366743237 1.5347799999999998e-12
391.3040400769522 1.5347799999999998e-12
391.337396486472 1.5916249999999999e-12
391.3707528959918 1.70531e-12
391.40410930551167 1.6484675e-12
391.43746571503146 1.7053125e-12
391.47082212455126 1.5916225e-12
391.5041785340711 1.477935e-12
391.5375349435909 1.5916225e-12
391.57089135311077 1.70531e-12
391.60424776263056 1.6484699999999997e-12
391.63760417215036 1.5916225e-12
391.6709605816702 1.7053099999999997e-12
391.70431699119 1.93269e-12
391.7376734007098 1.819e-12
391.77102981022966 1.7621549999999998e-12
391.8043862197494 1.6484675e-12
391.83774262926926 1.7053125e-12
391.8710990387891 1.819e-12
391.90445544830885 1.7621550000000002e-12
391.9378118578287 1.7053099999999997e-12
391.97116826734856 1.421095e-12
392.0045246768683 1.591625e-12
392.03788108638815 1.6484675e-12
392.071237495908 1.7053125e-12
392.10459390542775 1.5916224999999999e-12
392.1379503149476 1.875845e-12
392.1713067244674 1.762155e-12
392.2046631339872 1.53478e-12
392.23801954350705 1.7053125000000002e-12
392.27137595302685 1.5916275e-12
392.30473236254664 1.4779375e-12
392.3380887720665 1.36425e-12
392.3714451815863 1.4779375e-12
392.4048015911061 1.6484649999999999e-12
392.43815800062595 1.70531e-12
392.47151441014574 1.477935e-12
392.50487081966554 1.477935e-12
392.5382272291854 1.477935e-12
392.5715836387052 1.70531e-12
392.604940048225 1.4210949999999998e-12
392.6382964577448 1.5916224999999999e-12
392.67165286726464 1.53478e-12
392.7050092767845 1.1937225e-12
392.73836568630423 1.53478e-12
392.7717220958241 1.421095e-12
392.80507850534394 1.36425e-12
392.8384349148637 1.3642525e-12
392.87179132438354 1.3074075e-12
392.9051477339034 1.13688e-12
392.93850414342313 1.421095e-12
392.971860552943 1.3074075e-12
393.0052169624628 1.3074075e-12
393.0385733719826 1.3074075e-12
393.07192978150243 1.3074075e-12
393.10528619102223 1.3074075e-12
393.138642600542 1.4779399999999999e-12
393.1719990100619 1.250563e-12
393.2053554195817 1.3642505e-12
393.2387118291015 1.250565e-12
393.27206823862133 1.36425e-12
393.3054246481411 1.3642525e-12
393.3387810576609 1.1937205000000002e-12
393.3721374671808 1.1937225e-12
393.4054938767006 1.136876e-12
393.4388502862204 1.136876e-12
393.47220669574017 1.250563e-12
393.50556310526 1.2505650000000001e-12
393.5389195147798 1.13688e-12
393.5722759242996 1.421095e-12
393.60563233381947 1.36425e-12
393.63898874333927 1.023189e-12
393.67234515285907 1.250563e-12
393.7057015623789 1.3642525e-12
393.7390579718988 1.136878e-12
393.7724143814185 1.13688e-12
393.80577079093837 1.1937225e-12
393.83912720045817 1.4210949999999998e-12
393.87248360997796 1.0800355000000001e-12
393.9058400194978 9.663465e-13
393.9391964290176 1.13688e-12
393.9725528385374 1.0800355e-12
394.00590924805726 1.250565e-12
394.03926565757706 1.3074075e-12
394.07262206709686 1.1937225000000001e-12
394.1059784766167 1.0800355e-12
394.1393348861365 9.663465e-13
394.1726912956563 1.0800335e-12
394.20604770517616 1.136878e-12
394.23940411469596 1.0800355e-12
394.27276052421576 1.023191e-12
394.30611693373555 1.13688e-12
394.3394733432554 1.023191e-12
394.3728297527752 1.1937205e-12
394.406186162295 1.023191e-12
394.43954257181485 1.136878e-12
394.47289898133465 1.0800355e-12
394.50625539085445 1.023189e-12
394.5396118003743 1.0800355000000001e-12
394.5729682098941 1.0800355000000001e-12
394.6063246194139 1.023189e-12
394.63968102893375 9.09502e-13
394.67303743845355 9.663465e-13
394.70639384797335 1.0800355000000001e-12
394.7397502574932 1.023187e-12
394.773106667013 1.0800355e-12
394.8064630765328 1.2505650000000001e-12
394.83981948605265 1.1937205e-12
394.87317589557244 1.0800355e-12
394.90653230509224 1.0800355000000001e-12
394.9398887146121 1.13688e-12
394.9732451241319 1.0800335e-12
395.0066015336517 1.023187e-12
395.03995794317154 9.663445e-13
395.07331435269134 1.023189e-12
395.10667076221114 1.1937225e-12
395.14002717173094 1.250565e-12
395.1733835812508 1.136878e-12
395.2067399907706 1.1937225e-12
395.2400964002904 1.250565e-12
395.27345280981024 1.136878e-12
395.30680921933003 9.6634575e-13
395.34016562884983 9.663465e-13
395.3735220383697 1.023189e-12
395.4068784478895 1.023189e-12
395.4402348574093 9.09502e-13
395.47359126692913 8.526575000000001e-13
395.50694767644893 1.13688e-12
395.5403040859687 9.09502e-13
395.5736604954886 1.0800355e-12
395.6070169050084 1.1937225e-12
395.6403733145282 1.0800335e-12
395.67372972404803 1.250565e-12
395.7070861335678 1.1937225000000001e-12
395.7404425430876 1.13688e-12
395.7737989526075 1.0800335e-12
395.8071553621273 1.250565e-12
395.8405117716471 1.3074075e-12
395.8738681811669 1.1937225e-12
395.9072245906867 1.1368765e-12
395.9405810002065 1.13688e-12
395.9739374097263 1.0800355000000001e-12
396.0072938192462 1.023191e-12
396.04065022876597 1.136878e-12
396.07400663828577 1.0800335e-12
396.1073630478056 1.0800355e-12
396.1407194573254 1.1937225000000001e-12
396.1740758668452 1.1937225e-12
396.20743227636507 1.4210925e-12
396.24078868588487 1.250565e-12
396.27414509540466 1.4779375e-12
396.3075015049245 1.4210925e-12
396.3408579144443 1.4210949999999998e-12
396.3742143239641 1.5347775e-12
396.40757073348396 1.5916225e-12
396.44092714300376 1.70531e-12
396.47428355252356 1.2505650000000001e-12
396.5076399620434 1.4779374999999998e-12
396.5409963715632 1.5347799999999998e-12
396.574352781083 1.6484675e-12
396.60770919060286 1.6484649999999999e-12
396.64106560012266 1.5347824999999999e-12
396.67442200964246 1.875845e-12
396.7077784191623 1.819e-12
396.7411348286821 1.6484675e-12
396.7744912382019 1.5916225e-12
396.8078476477217 1.5916249999999999e-12
396.84120405724155 1.819e-12
396.87456046676135 1.7621575e-12
396.90791687628115 1.5916224999999999e-12
396.941273285801 1.5916224999999999e-12
396.9746296953208 1.7053099999999997e-12
397.0079861048406 1.4779374999999998e-12
397.04134251436045 1.5916224999999999e-12
397.07469892388025 1.5916225e-12
397.10805533340005 1.5916225e-12
397.1414117429199 1.7053125e-12
397.1747681524397 1.70531e-12
397.2081245619595 1.7053100000000001e-12
397.24148097147935 1.70531e-12
397.27483738099914 1.819e-12
397.30819379051894 1.6484649999999999e-12
397.3415502000388 1.819e-12
397.3749066095586 1.8190000000000002e-12
397.4082630190784 1.7621549999999998e-12
397.44161942859824 1.819e-12
397.47497583811804 1.875845e-12
397.50833224763784 1.93269e-12
397.5416886571577 1.93269e-12
397.5750450666775 1.819e-12
397.6084014761973 1.7621575e-12
397.6417578857171 1.7621575e-12
397.67511429523694 1.8758424999999996e-12
397.70847070475673 1.7621575e-12
397.74182711427653 1.8758425e-12
397.7751835237964 1.7621575e-12
397.8085399333162 1.819e-12
397.841896342836 1.819e-12
397.87525275235583 1.9326875e-12
397.90860916187563 1.9895325e-12
397.94196557139543 1.819e-12
397.9753219809153 1.7621549999999998e-12
398.008678390435 1.8189975e-12
398.0420347999549 1.6484675e-12
398.07539120947473 1.819e-12
398.10874761899447 1.7053125e-12
398.1421040285143 1.7621549999999998e-12
398.1754604380342 1.875845e-12
398.208816847554 1.9326874999999997e-12
398.2421732570738 2.0463774999999998e-12
398.2755296665936 1.875845e-12
398.3088860761134 1.875845e-12
398.3422424856332 1.875845e-12
398.3755988951531 1.8758425e-12
398.4089553046729 1.93269e-12
398.44231171419267 1.9895324999999997e-12
398.47566812371247 1.93269e-12
398.5090245332323 1.9895324999999997e-12
398.5423809427521 1.9895325e-12
398.5757373522719 2.10322e-12
398.60909376179177 2.10322e-12
398.64245017131157 2.160065e-12
398.67580658083136 1.989535e-12
398.7091629903512 2.0463775e-12
398.742519399871 2.160065e-12
398.7758758093908 2.10322e-12
398.80923221891067 2.2169075000000003e-12
398.8425886284304 1.9326874999999997e-12
398.87594503795026 1.93269e-12
398.9093014474701 1.93269e-12
398.94265785698985 1.9326875e-12
398.9760142665097 2.0463775e-12
399.00937067602956 2.10322e-12
399.0427270855493 2.27375e-12
399.07608349506916 2.10322e-12
399.109439904589 1.9895324999999997e-12
399.14279631410875 1.9895324999999997e-12
399.1761527236286 2.0463775e-12
399.20950913314846 1.819e-12
399.24286554266826 2.10322e-12
399.27622195218805 2.046375e-12
399.30957836170785 2.046375e-12
399.3429347712277 2.046375e-12
399.3762911807475 1.9895325e-12
399.4096475902673 1.9895325e-12
399.44300399978715 2.046375e-12
399.47636040930695 2.0463774999999998e-12
399.50971681882675 2.0463774999999998e-12
399.5430732283466 2.10322e-12
399.5764296378664 1.875845e-12
399.6097860473862 2.0463774999999998e-12
399.64314245690605 2.046375e-12
399.6764988664258 1.9895325e-12
399.70985527594564 2.1032174999999998e-12
399.7432116854655 1.819e-12
399.77656809498524 2.160065e-12
399.8099245045051 2.27375e-12
399.84328091402494 2.10322e-12
399.8766373235447 2.1032199999999996e-12
399.90999373306454 2.10322e-12
399.9433501425844 1.9895324999999997e-12
399.97670655210413 2.1032225e-12
400.010062961624 2.330595e-12
400.04341937114384 2.2169075e-12
400.0767757806636 2.27375e-12
400.11013219018344 2.2737475e-12
400.14348859970323 2.10322e-12
400.17684500922303 2.1600625000000002e-12
400.2102014187429 2.2169075e-12
400.2435578282627 2.10322e-12
400.27691423778253 2.0463774999999998e-12
400.31027064730233 1.9895325e-12
400.34362705682213 2.1032225e-12
400.376983466342 2.10322e-12
400.4103398758618 2.046375e-12
400.4436962853816 1.93269e-12
400.47705269490143 1.9895325e-12
400.51040910442117 1.9326875e-12
400.543765513941 1.875845e-12
400.5771219234609 1.762155e-12
400.6104783329806 1.36425e-12
400.6438347425005 1.250565e-12
400.6771911520203 1.1937205e-12
400.71054756154007 8.526575000000001e-13
400.7439039710599 5.115942500000001e-13
400.7772603805798 5.684375e-14
400.8106167900995 -2.2737524999999997e-13
400.84397319961937 -6.2528075e-13
400.8773296091392 -1.0800335e-12
400.91068601865896 -1.7053125e-12
400.9440424281788 -2.216905e-12
400.9773988376986 -2.61481e-12
401.0107552472184 -3.24009e-12
401.04411165673827 -3.8085375e-12
401.07746806625806 -4.5475e-12
401.11082447577786 -5.4001524999999996e-12
401.1441808852977 -6.252805e-12
401.1775372948175 -6.93493e-12
401.2108937043373 -7.617065e-12
401.24425011385716 -8.640255e-12
401.27760652337696 -9.37922e-12
401.31096293289676 -1.00044925e-11
401.34431934241655 -1.0913975e-11
401.3776757519364 -1.153925e-11
401.41103216145626 -1.199405e-11
401.444388570976 -1.2050850000000001e-11
401.47774498049586 -1.2164575000000001e-11
401.5111013900157 -1.2107725000000001e-11
401.54445779953545 -1.15961e-11
401.5778142090553 -1.125505e-11
401.61117061857516 -1.062975e-11
401.6445270280949 -9.322375000000001e-12
401.67788343761475 -8.014979999999999e-12
401.7112398471346 -6.4801775e-12
401.74459625665435 -4.774875e-12
401.7779526661742 -2.7284975e-12
401.811309075694 -2.8421849999999997e-13
401.8446654852138 2.046375e-12
401.87802189473365 4.718032499999999e-12
401.91137830425345 7.389685e-12
401.94473471377324 1.017501e-11
401.9780911232931 1.26193e-11
402.0114475328129 1.5063625e-11
402.0448039423327 1.7507875e-11
402.07816035185255 1.97816e-11
402.11151676137234 2.1543775e-11
402.14487317089214 2.296485e-11
402.17822958041194 2.398805e-11
402.2115859899318 2.4727e-11
402.2449423994516 2.4897525000000002e-11
402.2782988089714 2.5011225000000002e-11
402.31165521849124 2.4442774999999998e-11
402.34501162801104 2.3646975e-11
402.37836803753083 2.2510125e-11
402.4117244470507 2.097535e-11
402.44508085657054 1.92132e-11
402.4784372660903 1.7280525e-11
402.51179367561014 1.5404674999999997e-11
402.54515008513 1.31309e-11
402.57850649464973 1.0913975e-11
402.6118629041696 8.5834125e-12
402.6452193136894 6.2528025e-12
402.6785757232092 4.1495975e-12
402.71193213272903 2.046375e-12
402.74528854224883 -1.1368775e-13
402.7786449517686 -2.16006e-12
402.8120013612885 -3.808535e-12
402.8453577708083 -5.0590925e-12
402.8787141803281 -6.537027500000001e-12
402.91207058984793 -7.730755e-12
402.9454269993677 -8.299187500000001e-12
402.9787834088875 -8.640255e-12
403.0121398184073 -8.7539425e-12
403.0454962279272 -8.86763e-12
403.07885263744697 -8.5834125e-12
403.11220904696677 -7.844442500000001e-12
403.1455654564866 -6.934937500000001e-12
403.1789218660064 -5.5706825e-12
403.2122782755262 -4.37697e-12
403.24563468504607 -2.7853425000000006e-12
403.27899109456587 -1.0800315e-12
403.31234750408566 7.389697500000001e-13
403.3457039136055 2.3305925e-12
403.3790603231253 4.263285e-12
403.4124167326451 6.2528025e-12
403.44577314216497 7.9012825e-12
403.47912955168476 9.72028e-12
403.51248596120456 1.11982e-11
403.5458423707244 1.2221400000000001e-11
403.5791987802442 1.296035e-11
403.612555189764 1.3813025e-11
403.64591159928386 1.4210950000000001e-11
403.67926800880366 1.4267775000000001e-11
403.71262441832346 1.41541e-11
403.7459808278433 1.35288e-11
403.7793372373631 1.2676124999999999e-11
403.8126936468829 1.136875e-11
403.8460500564027 1.011818e-11
403.87940646592256 8.52657e-12
403.91276287544235 6.764395e-12
403.94611928496215 4.71803e-12
403.979475694482 2.842185e-12
404.0128321040018 1.023191e-12
404.0461885135216 -1.2505634999999999e-12
404.07954492304145 -3.2400950000000002e-12
404.11290133256125 -5.115934999999999e-12
404.14625774208105 -6.9349325e-12
404.1796141516009 -8.41288e-12
404.2129705611207 -9.72028e-12
404.2463269706405 -1.085715e-11
404.27968338016035 -1.1596100000000001e-11
404.31303978968015 -1.227825e-11
404.34639619919994 -1.2789825000000001e-11
404.3797526087198 -1.2676125e-11
404.4131090182396 -1.25056e-11
404.4464654277594 -1.1994024999999999e-11
404.47982183727925 -1.1368725000000001e-11
404.51317824679904 -1.0572924999999999e-11
404.54653465631884 -9.6065925e-12
404.5798910658387 -8.52657e-12
404.6132474753585 -7.2191625e-12
404.6466038848783 -5.798057499999999e-12
404.6799602943981 -4.6043425e-12
404.71331670391794 -3.1264050000000006e-12
404.74667311343774 -1.5916249999999997e-12
404.78002952295753 5.684375e-14
404.8133859324774 1.0800355e-12
404.8467423419972 2.3305925000000003e-12
404.880098751517 3.3537824999999997e-12
404.91345516103684 4.4906574999999995e-12
404.94681157055663 5.229624999999999e-12
404.98016798007643 6.0254325e-12
405.0135243895963 6.6507100000000004e-12
405.0468807991161 6.7644025e-12
405.0802372086359 7.1054675e-12
405.11359361815573 7.0486249999999996e-12
405.14695002767553 7.048625e-12
405.1803064371953 6.764395e-12
405.2136628467152 6.3664875000000004e-12
405.247019256235 5.8549025e-12
405.2803756657548 5.22962e-12
405.31373207527463 4.4906550000000005e-12
405.3470884847944 3.524315e-12
405.3804448943142 2.8990275e-12
405.4138013038341 2.2169075e-12
405.4471577133539 1.3074075000000002e-12
405.48051412287367 4.547495e-13
405.51387053239347 -3.9790575e-13
405.5472269419133 -1.3074075e-12
405.5805833514331 -2.160065e-12
405.6139397609529 -2.728495e-12
405.64729617047277 -3.296935e-12
405.68065257999257 -3.86538e-12
405.71400898951237 -4.3201250000000004e-12
405.7473653990322 -4.7748725e-12
405.780721808552 -5.00225e-12
405.8140782180718 -5.2864675e-12
405.84743462759167 -5.51384e-12
405.88079103711146 -5.343309999999999e-12
405.91414744663126 -5.17278e-12
405.9475038561511 -4.888562499999999e-12
405.9808602656709 -4.7180299999999994e-12
406.0142166751907 -4.263282500000001e-12
406.04757308471056 -3.6948475e-12
406.08092949423036 -2.9558725e-12
406.11428590375016 -2.7284975e-12
406.14764231327 -1.932685e-12
406.1809987227898 -1.3642510000000001e-12
406.2143551323096 -6.8212575e-13
406.24771154182946 1.705315e-13
406.28106795134926 6.821252500000001e-13
406.31442436086905 1.250565e-12
406.34778077038885 1.989535e-12
406.3811371799087 2.7284975e-12
406.4144935894285 3.4106274999999997e-12
406.4478499989483 4.149595e-12
406.48120640846815 4.661185000000001e-12
406.51456281798795 5.456997499999999e-12
406.54791922750775 5.79806e-12
406.5812756370276 6.2528025e-12
406.6146320465474 6.8212375e-12
406.6479884560672 6.8780824999999995e-12
406.68134486558705 7.1054675e-12
406.71470127510685 7.503385e-12
406.74805768462664 7.389684999999999e-12
406.7814140941465 7.4465275e-12
406.81477050366624 7.0486175e-12
406.8481269131861 7.048625e-12
406.88148332270595 6.878087500000001e-12
406.91483973222574 6.5938700000000005e-12
406.94819614174554 6.252805e-12
406.9815525512654 5.68437e-12
407.0149089607852 5.286464999999999e-12
407.048265370305 4.88856e-12
407.08162177982484 4.3769725e-12
407.11497818934464 3.9222249999999995e-12
407.14833459886444 3.4106274999999997e-12
407.18169100838423 3.1264050000000006e-12
407.2150474179041 2.78534e-12
407.2484038274239 2.2169075e-12
407.2817602369437 1.875845e-12
407.31511664646354 1.6484675e-12
407.34847305598333 1.3074075e-12
407.38182946550313 1.0800355e-12
407.415185875023 8.5265875e-13
407.4485422845428 3.9790624999999997e-13
407.4818986940626 1.136875e-13
407.51525510358243 -1.1368775e-13
407.54861151310223 -2.8421875e-13
407.581967922622 -6.252825e-13
407.6153243321419 -9.09502e-13
407.6486807416616 -1.36425e-12
407.6820371511815 -1.591625e-12
407.71539356070133 -1.9895325e-12
407.74874997022107 -2.3874375e-12
407.7821063797409 -2.7284975e-12
407.8154627892608 -2.78534e-12
407.8488191987805 -3.2400925e-12
407.8821756083004 -3.5811575e-12
407.9155320178202 -3.524315e-12
407.94888842734 -3.638005e-12
407.9822448368598 -3.808535e-12
408.0156012463796 -3.8653775e-12
408.04895765589947 -3.751694999999999e-12
408.08231406541927 -3.638005e-12
408.11567047493907 -3.353785e-12
408.1490268844589 -2.9558725e-12
408.1823832939787 -2.6716550000000003e-12
408.2157397034985 -2.2169075000000003e-12
408.24909611301837 -1.7053125e-12
408.28245252253816 -1.1937205e-12
408.31580893205796 -3.9790575e-13
408.3491653415778 2.8421925e-13
408.3825217510976 9.663445e-13
408.4158781606174 1.4779375e-12
408.44923457013726 1.98953e-12
408.482590979657 2.8990275e-12
408.51594738917686 3.5811625e-12
408.5493037986967 4.1496e-12
408.58266020821645 4.71803e-12
408.6160166177363 5.17278e-12
408.64937302725616 5.456997499999999e-12
408.6827294367759 5.798057499999999e-12
408.71608584629575 5.9685875e-12
408.7494422558156 6.0822725e-12
408.78279866533535 6.19596e-12
408.8161550748552 5.9685875e-12
408.849511484375 5.79806e-12
408.8828678938948 5.456995e-12
408.91622430341465 5.17278e-12
408.94958071293445 4.774875e-12
408.98293712245425 4.32013e-12
409.0162935319741 3.9222249999999995e-12
409.0496499414939 3.5243149999999996e-12
409.08300635101375 3.0695625e-12
409.11636276053355 2.5011250000000002e-12
409.14971917005334 2.27375e-12
409.1830755795732 1.93269e-12
409.216431989093 1.6484649999999999e-12
409.2497883986128 1.1937225e-12
409.28314480813265 1.1937205e-12
409.3165012176524 1.3074035e-12
409.34985762717224 1.3074075e-12
409.3832140366921 1.534785e-12
409.41657044621184 1.705315e-12
409.4499268557317 1.9326874999999997e-12
409.48328326525154 2.1600625e-12
409.5166396747713 2.44428e-12
409.54999608429114 3.1264049999999997e-12
409.583352493811 3.4674725e-12
409.61670890333073 3.638005e-12
409.6500653128506 4.092755e-12
409.6834217223704 4.32013e-12
409.7167781318902 4.661185000000001e-12
409.75013454141003 4.945404999999999e-12
409.78349095092983 4.8317175e-12
409.81684736044963 4.88856e-12
409.8502037699695 4.831715e-12
409.8835601794893 4.6043425e-12
409.9169165890091 4.433815e-12
409.95027299852893 4.0927525e-12
409.9836294080487 3.5243199999999997e-12
410.0169858175685 3.1264025e-12
410.0503422270884 2.78534e-12
410.0836986366082 2.2169075000000003e-12
410.11705504612803 1.9326874999999997e-12
410.15041145564777 1.5347775e-12
410.1837678651676 1.2505650000000001e-12
410.2171242746875 9.663465e-13
410.2504806842072 6.252820000000001e-13
410.2838370937271 4.54751e-13
410.3171935032469 5.115942500000001e-13
410.35054991276667 6.8212575e-13
410.3839063222865 5.684375e-13
410.4172627318064 6.82124e-13
410.4506191413261 1.023191e-12
410.48397555084597 1.136878e-12
410.51733196036577 1.591625e-12
410.55068836988556 1.819e-12
410.5840447794054 1.9326875e-12
410.6174011889252 2.216905e-12
410.650757598445 2.5579675000000004e-12
410.68411400796487 3.0127149999999996e-12
410.71747041748466 3.3537825e-12
410.75082682700446 3.751695e-12
410.7841832365243 4.20644e-12
410.8175396460441 4.1495975e-12
410.8508960555639 4.433815e-12
410.88425246508376 4.604345e-12
410.91760887460356 4.831715e-12
410.95096528412336 4.8885599999999995e-12
410.98432169364315 4.831715e-12
411.017678103163 4.7748725e-12
411.0510345126828 4.7180299999999994e-12
411.0843909222026 4.7180299999999994e-12
411.11774733172246 4.5475e-12
411.1511037412423 4.3769725e-12
411.18446015076205 4.149595e-12
411.2178165602819 3.86538e-12
411.25117296980176 3.63801e-12
411.2845293793215 3.52431e-12
411.31788578884135 2.95587e-12
411.35124219836115 2.3305925000000003e-12
411.38459860788095 1.9326875e-12
411.4179550174008 1.4779374999999998e-12
411.4513114269206 9.09502e-13
411.4846678364404 2.2737524999999997e-13
411.51802424596025 -3.979065e-13
411.55138065548005 -1.023191e-12
411.58473706499984 -1.477935e-12
411.6180934745197 -2.1600625e-12
411.6514498840395 -2.5011225e-12
411.6848062935593 -2.9558750000000005e-12
411.71816270307914 -3.3537825e-12
411.75151911259894 -3.86538e-12
411.78487552211874 -3.9790675e-12
411.81823193163854 -4.0927525e-12
411.8515883411584 -4.0927525000000005e-12
411.8849447506782 -4.263285e-12
411.918301160198 -4.37697e-12
411.95165756971784 -4.20644e-12
411.98501397923764 -4.03591e-12
412.01837038875743 -3.75169e-12
412.0517267982773 -3.524315e-12
412.0850832077971 -3.1264050000000006e-12
412.1184396173169 -2.27375e-12
412.15179602683673 -1.7053125e-12
412.18515243635653 -1.36425e-12
412.21850884587633 -7.958129999999999e-13
412.2518652553962 -3.410625e-13
412.285221664916 2.2737524999999997e-13
412.3185780744358 9.0950325e-13
412.35193448395563 1.36425e-12
412.3852908934754 1.819e-12
412.4186473029952 2.44428e-12
412.4520037125151 3.0127149999999996e-12
412.4853601220349 3.2969325e-12
412.5187165315547 3.63801e-12
412.5520729410745 3.8653825e-12
412.5854293505943 4.20644e-12
412.6187857601141 4.5475e-12
412.6521421696339 4.8885575e-12
412.6854985791538 4.9454025e-12
412.71885498867357 5.05909e-12
412.75221139819337 5.2296224999999995e-12
412.7855678077132 5.343309999999999e-12
412.818924217233 5.4569975e-12
412.8522806267528 5.5706849999999995e-12
412.88563703627267 5.343309999999999e-12
412.91899344579247 5.5138425e-12
412.95234985531226 5.627527499999999e-12
412.9857062648321 5.5138425e-12
413.0190626743519 5.3433125e-12
413.0524190838717 5.343307499999999e-12
413.08577549339157 5.0590924999999994e-12
413.11913190291136 4.7748725e-12
413.15248831243116 4.6043425e-12
413.185844721951 4.4906575e-12
413.2192011314708 4.263285e-12
413.2525575409906 3.8653825e-12
413.28591395051046 3.41063e-12
413.31927036003026 3.1264025e-12
413.35262676955006 2.8990275e-12
413.3859831790699 2.3874375000000003e-12
413.4193395885897 2.10322e-12
413.4526959981095 1.819e-12
413.4860524076293 1.819e-12
413.51940881714916 1.1937205000000002e-12
413.55276522666895 7.9581425e-13
413.58612163618875 6.2528075e-13
413.6194780457086 5.115942500000001e-13
413.6528344552284 1.705315e-13
413.6861908647482 1.705315e-13
413.71954727426805 -5.684375e-14
413.75290368378785 -2.84219e-13
413.78626009330765 -4.5475025e-13
413.8196165028275 -5.115935e-13
413.8529729123473 -6.82124e-13
413.8863293218671 -7.389685e-13
413.91968573138695 -6.2528075e-13
413.95304214090675 -6.2528075e-13
413.98639855042654 -4.5474975e-13
414.0197549599464 -6.8212525e-13
414.0531113694662 -6.8212525e-13
414.086467778986 -5.11593e-13
414.11982418850585 -5.115935e-13
414.15318059802564 -2.273755e-13
414.18653700754544 -5.684400000000001e-14
414.2198934170653 2.8421875e-13
414.2532498265851 2.8421925e-13
414.2866062361049 3.4106325e-13
414.3199626456247 3.41063e-13
414.35331905514454 5.6843875e-13
414.38667546466434 7.389697500000001e-13
414.42003187418413 9.663465e-13
414.453388283704 1.023191e-12
414.4867446932238 1.0800355e-12
414.5201011027436 1.4210925e-12
414.55345751226344 1.3074075e-12
414.58681392178323 1.36425e-12
414.62017033130303 1.3074075e-12
414.6535267408229 1.477935e-12
414.6868831503427 1.4779375e-12
414.7202395598625 1.4779405e-12
414.75359596938233 1.2505655e-12
414.78695237890213 1.136878e-12
414.8203087884219 1.0800355000000001e-12
414.8536651979418 6.821265e-13
414.8870216074616 6.252820000000001e-13
414.9203780169814 6.821265e-13
414.9537344265012 5.115942500000001e-13
414.987090836021 2.8421925e-13
415.0204472455408 1.7053125e-13
415.0538036550607 0.0
415.0871600645805 -1.1368775e-13
415.12051647410027 -1.136875e-13
415.15387288362007 -1.136875e-13
415.1872292931399 -3.97907e-13
415.2205857026597 -6.821265e-13
415.2539421121795 -5.115935e-13
415.28729852169937 -3.4106325e-13
415.32065493121917 -5.115942500000001e-13
415.35401134073896 -6.252825e-13
415.3873677502588 -6.8212575e-13
415.4207241597786 -4.547495e-13
415.4540805692984 -3.97907e-13
415.48743697881827 -1.136875e-13
415.520793388338 -5.684375e-14
415.55414979785786 1.1368775e-13
415.5875062073777 3.97907e-13
415.6208626168975 3.41063e-13
415.6542190264173 5.6843875e-13
415.68757543593716 6.821265e-13
415.72093184545696 1.023191e-12
415.75428825497676 1.250565e-12
415.7876446644966 1.477935e-12
415.8210010740164 1.7053099999999997e-12
415.8543574835362 1.875845e-12
415.88771389305606 1.93269e-12
415.92107030257586 2.0463774999999998e-12
415.95442671209565 1.9895324999999997e-12
415.98778312161545 2.216905e-12
416.0211395311353 1.93269e-12
416.0544959406551 1.9326874999999997e-12
416.0878523501749 1.9326874999999997e-12
416.12120875969475 2.27375e-12
416.15456516921455 2.046375e-12
416.18792157873435 1.875845e-12
416.2212779882542 1.819e-12
416.254634397774 1.9895325e-12
416.2879908072938 1.819e-12
416.32134721681365 1.7053125e-12
416.3547036263334 1.8758424999999996e-12
416.38806003585324 1.8190025e-12
416.4214164453731 1.93269e-12
416.45477285489284 1.9895325e-12
416.4881292644127 1.9895324999999997e-12
416.52148567393255 2.046375e-12
416.5548420834523 2.1600625e-12
416.58819849297214 2.3874375e-12
416.621554902492 2.5579675e-12
416.65491131201173 2.842185e-12
416.6882677215316 3.1264025e-12
416.72162413105144 3.2400925e-12
416.75498054057124 3.353785e-12
416.78833695009104 3.5243175e-12
416.82169335961083 3.9222225e-12
416.8550497691307 4.20644e-12
416.8884061786505 4.4338125e-12
416.9217625881703 4.4906575e-12
416.95511899769014 4.5475e-12
416.98847540720993 4.5475e-12
417.02183181672973 4.661185000000001e-12
417.0551882262496 4.7748725e-12
417.0885446357694 4.7748725e-12
417.1219010452892 4.8317175e-12
417.15525745480903 4.71803e-12
417.1886138643288 4.6043425e-12
417.2219702738486 4.661185000000001e-12
417.2553266833685 4.661185000000001e-12
417.2886830928882 4.4338125e-12
417.3220395024081 4.37697e-12
417.3553959119279 4.20644e-12
417.38875232144767 4.1495975e-12
417.4221087309675 3.9222249999999995e-12
417.4554651404874 3.86538e-12
417.4888215500071 3.4674699999999996e-12
417.52217795952697 3.2969375e-12
417.5555343690468 3.06956e-12
417.58889077856657 2.6148075e-12
417.6222471880864 2.27375e-12
417.6556035976062 2.0463775e-12
417.688960007126 1.9326874999999997e-12
417.72231641664587 1.819e-12
417.75567282616566 1.36425e-12
417.7890292356855 1.13688e-12
417.8223856452053 8.526575000000001e-13
417.8557420547251 5.115942500000001e-13
417.88909846424497 2.8421925e-13
417.92245487376476 0.0
417.95581128328456 -3.41063e-13
417.9891676928044 -4.5475025e-13
418.02252410232416 -3.979065e-13
418.055880511844 -7.389685e-13
418.08923692136386 -1.02318825e-12
418.1225933308836 -9.663445e-13
418.15594974040346 -1.08003275e-12
418.1893061499233 -9.6634575e-13
418.22266255944305 -9.0950175e-13
418.2560189689629 -7.389697500000001e-13
418.28937537848276 -5.115935e-13
418.3227317880025 -2.2737475e-13
418.35608819752235 -1.705315e-13
418.3894446070422 -2.5000000001809856e-19
418.42280101656195 4.5475025e-13
418.4561574260818 7.389697500000001e-13
418.4895138356016 1.0800335e-12
418.5228702451214 1.477935e-12
418.55622665464125 1.7621575e-12
418.58958306416105 2.160065e-12
418.62293947368084 2.3305925000000003e-12
418.6562958832007 2.7284975e-12
418.6896522927205 3.1832475000000004e-12
418.7230087022403 3.41063e-12
418.75636511176015 3.5811575e-12
418.78972152127994 3.5811625e-12
418.8230779307998 3.52432e-12
418.85643434031954 3.5811575e-12
418.8897907498394 3.63801e-12
418.92314715935925 3.353785e-12
418.956503568879 3.3537825e-12
418.98985997839884 3.353785e-12
419.0232163879187 3.0127175000000003e-12
419.05657279743843 2.78534e-12
419.0899292069583 2.61481e-12
419.12328561647814 2.3305925000000003e-12
419.1566420259979 2.3305925000000003e-12
419.18999843551774 2.27375e-12
419.2233548450376 2.2169075e-12
419.25671125455733 1.989535e-12
419.2900676640772 1.7621549999999998e-12
419.323424073597 1.819e-12
419.3567804831168 1.7621549999999998e-12
419.39013689263663 1.6484675e-12
419.42349330215643 1.477935e-12
419.4568497116762 1.421095e-12
419.4902061211961 1.7053125e-12
419.5235625307159 1.8190000000000002e-12
419.5569189402357 1.875845e-12
419.59027534975553 1.70531e-12
419.6236317592753 1.6484649999999999e-12
419.6569881687951 1.875845e-12
419.6903445783149 1.875845e-12
419.7237009878348 1.875845e-12
419.7570573973546 1.819e-12
419.79041380687437 1.7621575e-12
419.8237702163942 1.7621575e-12
419.8571266259141 1.5347824999999999e-12
419.8904830354338 1.4210949999999998e-12
419.92383944495367 1.250565e-12
419.9571958544735 1.250565e-12
419.99055226399327 1.023191e-12
420.0239086735131 8.526575000000001e-13
420.057265083033 6.8212525e-13
420.0906214925527 3.97907e-13
420.12397790207257 1.705315e-13
420.15733431159236 -1.705315e-13
420.19069072111216 -5.684375e-14
420.224047130632 -1.7053125e-13
420.2574035401518 -3.979065e-13
420.2907599496716 -6.2528075e-13
420.32411635919146 -5.684375e-13
420.35747276871126 -8.526575000000001e-13
420.39082917823106 -7.389697500000001e-13
420.4241855877509 -7.958130000000001e-13
420.4575419972707 -9.095000000000001e-13
420.4908984067905 -8.526575000000001e-13
420.5242548163103 -7.389685e-13
420.55761122583016 -7.389685e-13
420.59096763534995 -5.684375e-13
420.62432404486975 -3.41063e-13
420.6576804543896 0.0
420.6910368639094 5.684375e-14
420.7243932734292 1.705315e-13
420.75774968294905 5.1159475e-13
420.79110609246885 7.958130000000001e-13
420.82446250198865 1.0800335e-12
420.8578189115085 1.36425e-12
420.89117532102836 1.6484649999999999e-12
420.9245317305481 1.8190000000000002e-12
420.95788814006795 2.4442775000000003e-12
420.99124454958775 2.78534e-12
421.02460095910754 3.2400924999999996e-12
421.0579573686274 3.24009e-12
421.0913137781472 3.4674674999999997e-12
421.124670187667 3.6948524999999996e-12
421.15802659718685 4.0927525e-12
421.19138300670664 4.263285e-12
421.22473941622644 4.2632825e-12
421.2580958257463 4.3201275e-12
421.2914522352661 4.376972500000001e-12
421.3248086447859 4.3769725e-12
421.3581650543057 4.3769725e-12
421.39152146382554 4.3769725e-12
421.42487787334534 4.0927525e-12
421.45823428286513 4.0359075e-12
421.491590692385 3.63801e-12
421.5249471019048 3.524315e-12
421.5583035114246 3.1264025e-12
421.59165992094444 3.06956e-12
421.62501633046423 2.842185e-12
421.65837273998403 2.5579675e-12
421.6917291495039 2.2169075000000003e-12
421.7250855590237 1.9895324999999997e-12
421.7584419685435 1.64847e-12
421.79179837806333 1.4779399999999999e-12
421.82515478758313 1.53478e-12
421.8585111971029 1.4779374999999998e-12
421.8918676066228 1.250565e-12
421.9252240161426 1.13688e-12
421.9585804256624 1.36425e-12
421.99193683518223 1.13688e-12
422.025293244702 8.526575000000001e-13
422.0586496542218 8.5265875e-13
422.0920060637417 9.663465e-13
422.1253624732615 1.1937225000000001e-12
422.1587188827813 1.3642500000000002e-12
422.19207529230107 1.3642525e-12
422.2254317018209 1.6484649999999999e-12
422.2587881113407 1.9326874999999997e-12
422.2921445208605 1.93269e-12
422.3255009303804 1.9895325e-12
422.35885733990017 1.9895325e-12
422.39221374941997 2.10322e-12
422.4255701589398 2.27375e-12
422.4589265684596 2.3874375e-12
422.4922829779794 2.3305925e-12
422.52563938749927 2.2169075000000003e-12
422.55899579701907 2.330595e-12
422.59235220653886 2.04638e-12
422.6257086160587 1.875845e-12
422.6590650255785 1.9326874999999997e-12
422.6924214350983 1.5916249999999999e-12
422.72577784461816 1.4779374999999998e-12
422.75913425413796 1.30741e-12
422.79249066365776 1.0800355000000001e-12
422.8258470731776 7.958130000000001e-13
422.8592034826974 4.547495e-13
422.8925598922172 3.4106325e-13
422.92591630173706 1.136875e-13
422.95927271125686 2.2737475e-13
422.99262912077666 -5.684375e-14
423.02598553029645 1.1368775e-13
423.0593419398163 5.684374999999998e-14
423.0926983493361 2.8421925e-13
423.1260547588559 1.705315e-13
423.15941116837575 3.410625e-13
423.19276757789555 3.4106325e-13
423.22612398741535 7.389697500000001e-13
423.2594803969352 1.250563e-12
423.292836806455 1.4779374999999998e-12
423.3261932159748 1.875845e-12
423.35954962549465 2.046375e-12
423.39290603501445 2.3305925000000003e-12
423.42626244453425 2.61481e-12
423.4596188540541 2.9558725e-12
423.4929752635739 3.0695575000000003e-12
423.5263316730937 3.2969375e-12
423.55968808261355 3.4674724999999998e-12
423.59304449213334 3.6948524999999996e-12
423.62640090165314 4.0927525e-12
423.659757311173 4.3769725e-12
423.6931137206928 4.263285e-12
423.7264701302126 4.3769725e-12
423.75982653973244 4.4906575e-12
423.79318294925224 4.3201275e-12
423.82653935877204 4.149595e-12
423.85989576829184 4.2064425e-12
423.8932521778117 4.20644e-12
423.9266085873315 4.035910000000001e-12
423.9599649968513 3.8085375e-12
423.99332140637114 3.751695e-12
424.02667781589093 3.6948524999999996e-12
424.06003422541073 3.2400925e-12
424.0933906349306 2.8990275e-12
424.1267470444504 2.61481e-12
424.1601034539702 2.44428e-12
424.19345986349003 2.3874375e-12
424.22681627300983 1.9895325e-12
424.2601726825296 1.7621549999999998e-12
424.2935290920495 1.4779375e-12
424.3268855015693 1.1937225e-12
424.3602419110891 1.13688e-12
424.39359832060893 7.9581425e-13
424.4269547301287 5.684375e-13
424.4603111396485 5.1159475e-13
424.4936675491684 3.4106325e-13
424.5270239586882 5.684375e-14
424.560380368208 5.684400000000001e-14
424.5937367777278 0.0
424.6270931872476 5.684400000000001e-14
424.6604495967674 -2.27375e-13
424.6938060062872 -2.8421899999999995e-13
424.7271624158071 -1.1368775e-13
424.76051882532687 -2.2737475e-13
424.79387523484667 -1.70531e-13
424.8272316443665 -1.1368775e-13
424.8605880538863 -1.7053125e-13
424.8939444634061 -1.136875e-13
424.92730087292597 0.0
424.96065728244577 1.7053125e-13
424.99401369196556 1.1368775e-13
425.0273701014854 1.1368775e-13
425.0607265110052 3.4106325e-13
425.094082920525 5.115942500000001e-13
425.12743933004487 3.41063e-13
425.1607957395646 5.684375e-13
425.19415214908446 4.5475075e-13
425.2275085586043 2.8421849999999997e-13
425.26086496812405 5.115942500000001e-13
425.2942213776439 5.684375e-13
425.32757778716376 3.97907e-13
425.3609341966835 4.5475025e-13
425.39429060620336 4.5475025e-13
425.4276470157232 3.97907e-13
425.461003425243 2.8421925e-13
425.4943598347628 3.9790624999999997e-13
425.5277162442826 6.8212525e-13
425.56107265380246 7.389697500000001e-13
425.59442906332225 5.684380000000001e-13
425.62778547284205 7.38971e-13
425.6611418823619 7.38971e-13
425.6944982918817 8.5265875e-13
425.7278547014015 1.023191e-12
425.76121111092135 1.13688e-12
425.79456752044115 1.1937205e-12
425.82792392996095 1.421095e-12
425.8612803394808 1.5916225e-12
425.8946367490006 1.8758425e-12
425.9279931585204 1.8758425e-12
425.96134956804025 2.10322e-12
425.99470597756 2.2737525e-12
426.02806238707984 2.557965e-12
426.0614187965997 2.7284975e-12
426.09477520611944 3.0127149999999996e-12
426.1281316156393 3.2969374999999997e-12
426.16148802515914 3.2969374999999997e-12
426.1948444346789 3.5811625e-12
426.22820084419874 3.524315e-12
426.2615572537186 3.4106275e-12
426.29491366323833 3.6948475e-12
426.3282700727582 3.9222249999999995e-12
426.361626482278 4.03591e-12
426.3949828917978 3.9222225000000005e-12
426.42833930131764 3.6948524999999996e-12
426.46169571083743 3.5811625e-12
426.4950521203573 3.5811625e-12
426.5284085298771 3.5811625e-12
426.5617649393969 3.2969375e-12
426.59512134891673 3.2400925e-12
426.62847775843653 3.0127175000000003e-12
426.66183416795633 2.78534e-12
426.6951905774762 2.44428e-12
426.728546986996 2.3305925e-12
426.7619033965158 1.989535e-12
426.79525980603563 1.875845e-12
426.82861621555537 1.7053125e-12
426.8619726250752 1.4210925e-12
426.8953290345951 1.250563e-12
426.9286854441148 1.1937205000000002e-12
426.9620418536347 1.13688e-12
426.99539826315447 9.0950325e-13
427.0287546726743 7.38971e-13
427.0621110821941 5.6843875e-13
427.0954674917139 6.8212525e-13
427.1288239012338 5.1159475e-13
427.16218031075357 3.97907e-13
427.19553672027337 3.979065e-13
427.2288931297932 2.273755e-13
427.262249539313 2.273755e-13
427.2956059488328 1.7053125e-13
427.32896235835267 1.1368775e-13
427.36231876787247 0.0
427.39567517739226 0.0
427.42903158691206 5.684375e-14
427.4623879964319 -5.684375e-14
427.4957444059517 -1.70531e-13
427.5291008154715 0.0
427.56245722499136 -1.1368775e-13
427.59581363451116 5.684375e-14
427.62917004403096 5.684375e-14
427.6625264535508 1.136875e-13
427.6958828630706 1.1368775e-13
427.7292392725904 1.136875e-13
427.76259568211026 2.8421950000000004e-13
427.79595209163006 3.4106325e-13
427.82930850114985 2.273755e-13
427.8626649106697 2.8421899999999995e-13
427.8960213201895 3.41063e-13
427.9293777297093 6.252825e-13
427.96273413922916 6.252825e-13
427.99609054874895 7.9581425e-13
428.02944695826875 9.663465e-13
428.0628033677886 1.0800335e-12
428.0961597773084 1.2505650000000001e-12
428.1295161868282 1.7053099999999997e-12
428.16287259634805 1.8189975e-12
428.19622900586785 1.9326875e-12
428.22958541538765 2.3305925e-12
428.26294182490744 2.44428e-12
428.2962982344273 2.61481e-12
428.3296546439471 3.1264049999999997e-12
428.3630110534669 3.524315e-12
428.39636746298675 3.8085375e-12
428.42972387250654 4.20644e-12
428.46308028202634 4.433815e-12
428.4964366915462 4.8317175e-12
428.529793101066 5.2296224999999995e-12
428.5631495105858 5.5706849999999995e-12
428.59650592010564 5.7412149999999996e-12
428.62986232962544 5.9685875e-12
428.66321873914524 6.252805e-12
428.6965751486651 6.59386e-12
428.7299315581849 6.8212375e-12
428.7632879677047 6.8212375e-12
428.79664437722454 6.82124e-12
428.83000078674434 6.934925e-12
428.86335719626413 6.9349325000000004e-12
428.896713605784 6.821237500000001e-12
428.9300700153038 6.8780825e-12
428.9634264248236 6.87808e-12
428.99678283434343 6.7075525e-12
429.03013924386323 6.3096475e-12
429.06349565338303 6.0822725e-12
429.0968520629028 5.7412149999999996e-12
429.1302084724227 5.457e-12
429.1635648819425 5.2296224999999995e-12
429.1969212914623 4.7748725e-12
429.2302777009821 4.4906550000000005e-12
429.2636341105019 4.0359125e-12
429.2969905200217 3.6948425e-12
429.3303469295416 3.24009e-12
429.3637033390614 2.7284975e-12
429.39705974858117 2.1600625000000002e-12
429.430416158101 1.7621549999999998e-12
429.4637725676208 1.5347799999999998e-12
429.4971289771406 1.023191e-12
429.5304853866605 4.5475025e-13
429.56384179618027 5.684375e-14
429.59719820570007 -5.684375e-14
429.6305546152199 -2.2737524999999997e-13
429.6639110247397 -1.7053125e-13
429.6972674342595 -4.547495e-13
429.73062384377937 -8.526575000000001e-13
429.76398025329917 -1.136878e-12
429.79733666281896 -1.250565e-12
429.8306930723388 -1.3074075e-12
429.8640494818586 -1.3074075e-12
429.8974058913784 -1.1937205e-12
429.9307623008982 -1.1937225e-12
429.96411871041806 -1.0800335e-12
429.99747511993786 -8.526575000000001e-13
430.03083152945766 -8.526555e-13
430.0641879389775 -6.8212525e-13
430.0975443484973 -4.5474975e-13
430.1309007580171 -3.97907e-13
430.16425716753696 5.684375e-14
430.19761357705676 0.0
430.23096998657655 1.136875e-13
430.2643263960964 5.684375e-14
430.2976828056162 2.8421875e-13
430.331039215136 2.8421925e-13
430.36439562465586 5.115935e-13
430.39775203417565 8.5265875e-13
430.43110844369545 1.0800335e-12
430.4644648532153 1.1937225000000001e-12
430.4978212627351 1.30741e-12
430.5311776722549 1.1937225e-12
430.56453408177475 1.136878e-12
430.59789049129455 1.477935e-12
430.63124690081435 1.6484675e-12
430.6646033103342 1.53478e-12
430.697959719854 1.4779375e-12
430.7313161293738 1.4779375e-12
430.76467253889354 1.6484675e-12
430.79802894841345 1.7053099999999997e-12
430.83138535793324 1.8190000000000002e-12
430.864741767453 1.9326874999999997e-12
430.8980981769729 1.8758425e-12
430.9314545864927 1.875845e-12
430.9648109960125 1.591625e-12
430.99816740553234 1.591625e-12
431.03152381505214 1.8189975e-12
431.06488022457194 1.9326875e-12
431.0982366340918 2.0463774999999998e-12
431.1315930436116 2.1600625000000002e-12
431.1649494531314 2.160065e-12
431.19830586265124 2.2169075e-12
431.23166227217104 2.1032225000000002e-12
431.26501868169083 1.93269e-12
431.2983750912107 1.819e-12
431.3317315007305 1.819e-12
431.3650879102503 1.9895325e-12
431.39844431977014 1.819e-12
431.43180072928993 1.875845e-12
431.46515713880973 1.53478e-12
431.4985135483296 1.3074075e-12
431.5318699578494 1.36425e-12
431.5652263673692 1.1937205e-12
431.5985827768889 1.023191e-12
431.63193918640883 1.0800355000000001e-12
431.6652955959286 9.0950125e-13
431.69865200544837 8.5265875e-13
431.7320084149683 7.958155000000001e-13
431.7653648244881 7.38971e-13
431.7987212340078 4.5475025e-13
431.8320776435277 2.8421925e-13
431.8654340530475 2.2737524999999997e-13
431.89879046256726 2.8421925e-13
431.9321468720872 3.4106325e-13
431.96550328160697 5.115942500000001e-13
431.99885969112677 4.54751e-13
432.0322161006466 5.115942500000001e-13
432.0655725101664 5.115942500000001e-13
432.0989289196862 6.821265e-13
432.13228532920607 6.2528075e-13
432.16564173872587 7.958130000000001e-13
432.19899814824566 8.5265875e-13
432.2323545577655 7.9581425e-13
432.2657109672853 9.663477500000001e-13
432.2990673768051 9.0950325e-13
432.33242378632497 1.136876e-12
432.36578019584476 1.136878e-12
432.39913660536456 1.023191e-12
432.4324930148843 9.663465e-13
432.4658494244042 7.389697500000001e-13
432.499205833924 9.09502e-13
432.53256224344375 9.663465e-13
432.56591865296366 8.5265875e-13
432.59927506248346 8.526575000000001e-13
432.6326314720032 9.0950325e-13
432.6659878815231 7.95813e-13
432.6993442910429 9.663465e-13
432.73270070056265 1.023191e-12
432.76605711008256 1.1937225e-12
432.79941351960235 1.136876e-12
432.8327699291221 1.250565e-12
432.866126338642 1.3074075e-12
432.8994827481618 1.5347775e-12
432.93283915768154 1.93269e-12
432.96619556720145 2.2169075000000003e-12
432.99955197672125 2.27375e-12
433.032908386241 2.387435e-12
433.0662647957609 2.78534e-12
433.0996212052807 3.06956e-12
433.1329776148005 3.3537825e-12
433.16633402432035 3.63801e-12
433.19969043384015 3.8653825e-12
433.23304684335994 3.86538e-12
433.2664032528797 4.20644e-12
433.2997596623996 4.0927525e-12
433.3331160719194 4.37697e-12
433.36647248143913 4.3201275e-12
433.39982889095904 4.4906575e-12
433.43318530047884 4.4338125e-12
433.4665417099986 4.2064425e-12
433.4998981195185 4.2064425e-12
433.5332545290383 4.20644e-12
433.56661093855803 4.0359075e-12
433.59996734807794 3.5811625000000003e-12
433.63332375759774 3.3537825e-12
433.6666801671175 3.1264025e-12
433.7000365766374 2.9558725e-12
433.7333929861572 2.89903e-12
433.7667493956769 2.61481e-12
433.80010580519684 2.387435e-12
433.83346221471663 2.387435e-12
433.8668186242364 2.3305925e-12
433.9001750337563 2.0463774999999998e-12
433.9335314432761 1.8758425e-12
433.9668878527958 1.7621549999999998e-12
434.00024426231573 1.648465e-12
434.03360067183553 1.53478e-12
434.06695708135527 1.6484700000000001e-12
434.10031349087507 1.70531e-12
434.133669900395 1.64847e-12
434.1670263099148 1.819e-12
434.2003827194345 1.7621575e-12
434.2337391289544 1.875845e-12
434.2670955384742 2.0463774999999998e-12
434.30045194799396 2.27375e-12
434.3338083575139 2.4442799999999998e-12
434.36716476703367 2.4442775000000003e-12
434.4005211765534 2.671655e-12
434.4338775860733 2.5579675e-12
434.4672339955931 2.95587e-12
434.50059040511286 3.0127150000000005e-12
434.53394681463277 3.0695625e-12
434.56730322415257 3.3537800000000003e-12
434.6006596336723 3.4674724999999998e-12
434.6340160431922 3.41063e-12
434.667372452712 3.5811575e-12
434.70072886223176 3.808535e-12
434.73408527175167 3.8085375e-12
434.76744168127146 3.751694999999999e-12
434.8007980907912 3.638005e-12
434.8341545003111 3.5811625e-12
434.8675109098309 3.638e-12
434.90086731935065 3.5243175e-12
434.93422372887045 3.4106274999999997e-12
434.96758013839036 3.2969325e-12
435.0009365479101 3.24009e-12
435.0342929574299 3.0127150000000005e-12
435.0676493669498 2.8421849999999996e-12
435.10100577646955 2.78534e-12
435.13436218598935 2.7284974999999997e-12
435.16771859550926 2.5011225000000004e-12
435.20107500502905 2.216905e-12
435.2344314145488 2.27375e-12
435.2677878240687 1.989535e-12
435.3011442335885 1.93269e-12
435.33450064310824 1.7621549999999998e-12
435.36785705262815 1.762155e-12
435.40121346214795 1.7621549999999998e-12
435.4345698716677 1.70531e-12
435.4679262811876 1.4779375e-12
435.5012826907074 1.5347824999999999e-12
435.53463910022714 1.7053125e-12
435.56799550974705 1.591625e-12
435.60135191926685 1.591625e-12
435.6347083287866 1.819e-12
435.6680647383065 1.7621549999999998e-12
435.7014211478263 1.7053125e-12
435.73477755734604 1.9326875e-12
435.76813396686583 2.046375e-12
435.80149037638574 2.160065e-12
435.8348467859055 2.160065e-12
435.8682031954253 2.4442799999999998e-12
435.9015596049452 2.5579675e-12
435.93491601446493 2.5011225000000004e-12
435.96827242398473 2.5579675e-12
436.00162883350464 2.6148075e-12
436.0349852430244 2.842185e-12
436.0683416525442 2.8990275e-12
436.1016980620641 2.9558725e-12
436.1350544715838 3.1264025e-12
436.1684108811036 3.0127149999999996e-12
436.20176729062354 2.78534e-12
436.23512370014333 2.6716525e-12
436.2684801096631 2.6716525e-12
436.301836519183 2.5011225e-12
436.3351929287028 2.44428e-12
436.3685493382225 2.3874375e-12
436.40190574774243 2.216905e-12
436.43526215726223 1.875845e-12
436.46861856678197 1.7053099999999997e-12
436.5019749763019 1.4210925e-12
436.5353313858217 1.023191e-12
436.5686877953414 8.5265875e-13
436.6020442048612 5.11593e-13
436.6354006143811 2.2737524999999997e-13
436.66875702390087 0.0
436.70211343342066 -5.684375e-14
436.7354698429406 -5.115935e-13
436.7688262524603 -5.115935e-13
436.8021826619801 -6.2528075e-13
436.8355390715 -8.526575000000001e-13
436.86889548101976 -6.252812500000001e-13
436.90225189053956 -9.09502e-13
436.93560830005947 -7.389685e-13
436.9689647095792 -6.8212525e-13
