pos	X
57.0	-2.27375e-13
57.005	-4.54751e-13
57.01	0.0
57.015	-2.27375e-13
57.02	0.0
57.025	-2.27375e-13
57.03	-4.54751e-13
57.035	-2.27375e-13
57.04	-2.27375e-13
57.045	-2.27375e-13
57.05	-4.54751e-13
57.055	-2.27375e-13
57.06	-2.27375e-13
57.065	-2.27375e-13
57.07	-4.54751e-13
57.075	-4.54751e-13
57.08	-2.27375e-13
57.085	-2.27375e-13
57.09	0.0
57.095	0.0
57.1	0.0
57.105	0.0
57.11	0.0
57.115	0.0
57.12	0.0
57.125	0.0
57.13	2.27375e-13
57.135	2.27375e-13
57.14	0.0
57.145	2.27375e-13
57.15	2.27375e-13
57.155	2.27375e-13
57.16	2.27375e-13
57.165	4.54751e-13
57.17	4.54751e-13
57.175	4.54751e-13
57.18	4.54751e-13
57.185	4.54751e-13
57.19	4.54751e-13
57.195	4.54751e-13
57.2	2.27375e-13
57.205	4.54751e-13
57.21	4.54751e-13
57.215	4.54751e-13
57.22	4.54751e-13
57.225	2.27375e-13
57.23	2.27375e-13
57.235	2.27375e-13
57.24	2.27375e-13
57.245	2.27375e-13
57.25	0.0
57.255	0.0
57.26	0.0
57.265	2.27375e-13
57.27	4.54751e-13
57.275	2.27375e-13
57.28	2.27375e-13
57.285	4.54751e-13
57.29	2.27375e-13
57.295	0.0
57.3	0.0
57.305	0.0
57.31	0.0
57.315	2.27375e-13
57.32	2.27375e-13
57.325	2.27375e-13
57.33	2.27375e-13
57.335	0.0
57.34	0.0
57.345	0.0
57.35	2.27375e-13
57.355	4.54751e-13
57.36	6.82124e-13
57.365	6.82124e-13
57.37	6.82124e-13
57.375	4.54751e-13
57.38	4.54751e-13
57.385	4.54751e-13
57.39	4.54751e-13
57.395	4.54751e-13
57.4	4.54751e-13
57.405	4.54751e-13
57.41	4.54751e-13
57.415	6.82124e-13
57.42	6.82124e-13
57.425	4.54751e-13
57.43	4.54751e-13
57.435	4.54751e-13
57.44	4.54751e-13
57.445	4.54751e-13
57.45	4.54751e-13
57.455	4.54751e-13
57.46	4.54751e-13
57.465	2.27375e-13
57.47	2.27375e-13
57.475	4.54751e-13
57.48	4.54751e-13
57.485	4.54751e-13
57.49	4.54751e-13
57.495	4.54751e-13
57.5	4.54751e-13
57.505	4.54751e-13
57.51	2.27375e-13
57.515	2.27375e-13
57.52	2.27375e-13
57.525	4.54751e-13
57.53	4.54751e-13
57.535	4.54751e-13
57.54	4.54751e-13
57.545	4.54751e-13
57.55	6.82124e-13
57.555	4.54751e-13
57.56	4.54751e-13
57.565	4.54751e-13
57.57	4.54751e-13
57.575	4.54751e-13
57.58	6.82124e-13
57.585	4.54751e-13
57.59	4.54751e-13
57.595	6.82124e-13
57.6	6.82124e-13
57.605	6.82124e-13
57.61	6.82124e-13
57.615	6.82124e-13
57.62	4.54751e-13
57.625	6.82124e-13
57.63	4.54751e-13
57.635	4.54751e-13
57.64	4.54751e-13
57.645	4.54751e-13
57.65	4.54751e-13
57.655	6.82124e-13
57.66	4.54751e-13
57.665	4.54751e-13
57.67	4.54751e-13
57.675	4.54751e-13
57.68	4.54751e-13
57.685	2.27375e-13
57.69	2.27375e-13
57.695	4.54751e-13
57.7	2.27375e-13
57.705	4.54751e-13
57.71	2.27375e-13
57.715	2.27375e-13
57.72	0.0
57.725	0.0
57.73	0.0
57.735	0.0
57.74	0.0
57.745	0.0
57.75	0.0
57.755	0.0
57.76	0.0
57.765	0.0
57.77	-2.27375e-13
57.775	-2.27375e-13
57.78	-2.27375e-13
57.785	-2.27375e-13
57.79	-2.27375e-13
57.795	-2.27375e-13
57.8	-2.27375e-13
57.805	0.0
57.81	0.0
57.815	0.0
57.82	0.0
57.825	-2.27375e-13
57.83	-2.27375e-13
57.835	-2.27375e-13
57.84	-4.54751e-13
57.845	-4.54751e-13
57.85	-6.82124e-13
57.855	-6.82124e-13
57.86	-6.82124e-13
57.865	-6.82124e-13
57.87	-9.09502e-13
57.875	-1.13688e-12
57.88	-1.13688e-12
57.885	-1.36425e-12
57.89	-1.36425e-12
57.895	-1.36425e-12
57.9	-1.59162e-12
57.905	-1.819e-12
57.91	-1.819e-12
57.915	-2.04638e-12
57.92	-2.04638e-12
57.925	-2.04638e-12
57.93	-2.04638e-12
57.935	-1.819e-12
57.94	-1.819e-12
57.945	-2.04638e-12
57.95	-1.59162e-12
57.955	-1.36425e-12
57.96	-1.13688e-12
57.965	-6.82124e-13
57.97	-2.27375e-13
57.975	0.0
57.98	4.54751e-13
57.985	1.13688e-12
57.99	1.819e-12
57.995	2.50112e-12
58.0	3.18325e-12
58.005	4.09275e-12
58.01	4.5475e-12
58.015	4.77487e-12
58.02	5.457e-12
58.025	6.13912e-12
58.03	6.59386e-12
58.035	6.82124e-12
58.04	7.27601e-12
58.045	7.27601e-12
58.05	7.27601e-12
58.055	7.27601e-12
58.06	7.27601e-12
58.065	7.04861e-12
58.07	6.82124e-12
58.075	6.59386e-12
58.08	6.36649e-12
58.085	6.13912e-12
58.09	5.68437e-12
58.095	5.457e-12
58.1	5.22962e-12
58.105	4.77487e-12
58.11	4.32013e-12
58.115	4.32013e-12
58.12	3.86538e-12
58.125	3.63801e-12
58.13	3.63801e-12
58.135	3.18325e-12
58.14	2.95587e-12
58.145	2.7285e-12
58.15	2.7285e-12
58.155	2.27375e-12
58.16	2.27375e-12
58.165	1.819e-12
58.17	1.819e-12
58.175	1.36425e-12
58.18	1.13688e-12
58.185	1.13688e-12
58.19	1.13688e-12
58.195	4.54751e-13
58.2	2.27375e-13
58.205	0.0
58.21	-2.27375e-13
58.215	-4.54751e-13
58.22	-9.09502e-13
58.225	-1.36425e-12
58.23	-1.59162e-12
58.235	-1.819e-12
58.24	-2.04638e-12
58.245	-2.27375e-12
58.25	-2.50112e-12
58.255	-2.50112e-12
58.26	-2.7285e-12
58.265	-2.7285e-12
58.27	-2.7285e-12
58.275	-2.7285e-12
58.28	-2.7285e-12
58.285	-2.95587e-12
58.29	-3.18325e-12
58.295	-3.18325e-12
58.3	-3.18325e-12
58.305	-3.18325e-12
58.31	-2.95587e-12
58.315	-2.7285e-12
58.32	-2.50112e-12
58.325	-2.50112e-12
58.33	-2.50112e-12
58.335	-2.50112e-12
58.34	-2.27375e-12
58.345	-2.04638e-12
58.35	-2.04638e-12
58.355	-1.819e-12
58.36	-1.36425e-12
58.365	-1.36425e-12
58.37	-1.36425e-12
58.375	-9.09502e-13
58.38	-9.09502e-13
58.385	-9.09502e-13
58.39	-6.82124e-13
58.395	-6.82124e-13
58.4	-2.27375e-13
58.405	-2.27375e-13
58.41	0.0
58.415	0.0
58.42	0.0
58.425	0.0
58.43	4.54751e-13
58.435	4.54751e-13
58.44	4.54751e-13
58.445	6.82124e-13
58.45	6.82124e-13
58.455	9.09502e-13
58.46	9.09502e-13
58.465	6.82124e-13
58.47	4.54751e-13
58.475	4.54751e-13
58.48	4.54751e-13
58.485	4.54751e-13
58.49	4.54751e-13
58.495	4.54751e-13
58.5	4.54751e-13
58.505	4.54751e-13
58.51	4.54751e-13
58.515	4.54751e-13
58.52	4.54751e-13
58.525	2.27375e-13
58.53	2.27375e-13
58.535	2.27375e-13
58.54	2.27375e-13
58.545	2.27375e-13
58.55	0.0
58.555	2.27375e-13
58.56	2.27375e-13
58.565	2.27375e-13
58.57	0.0
58.575	0.0
58.58	0.0
58.585	0.0
58.59	0.0
58.595	0.0
58.6	0.0
58.605	-2.27375e-13
58.61	-2.27375e-13
58.615	0.0
58.62	0.0
58.625	-4.54751e-13
58.63	-4.54751e-13
58.635	-2.27375e-13
58.64	0.0
58.645	2.27375e-13
58.65	2.27375e-13
58.655	0.0
58.66	0.0
58.665	0.0
58.67	0.0
58.675	0.0
58.68	0.0
58.685	0.0
58.69	0.0
58.695	0.0
58.7	2.27375e-13
58.705	0.0
58.71	2.27375e-13
58.715	0.0
58.72	2.27375e-13
58.725	4.54751e-13
58.73	4.54751e-13
58.735	4.54751e-13
58.74	2.27375e-13
58.745	4.54751e-13
58.75	4.54751e-13
58.755	4.54751e-13
58.76	4.54751e-13
58.765	4.54751e-13
58.77	4.54751e-13
58.775	4.54751e-13
58.78	6.82124e-13
58.785	6.82124e-13
58.79	6.82124e-13
58.795	6.82124e-13
58.8	9.09502e-13
58.805	4.54751e-13
58.81	4.54751e-13
58.815	6.82124e-13
58.82	4.54751e-13
58.825	4.54751e-13
58.83	4.54751e-13
58.835	4.54751e-13
58.84	4.54751e-13
58.845	4.54751e-13
58.85	4.54751e-13
58.855	4.54751e-13
58.86	2.27375e-13
58.865	2.27375e-13
58.87	4.54751e-13
58.875	2.27375e-13
58.88	0.0
58.885	4.54751e-13
58.89	4.54751e-13
58.895	2.27375e-13
58.9	4.54751e-13
58.905	4.54751e-13
58.91	4.54751e-13
58.915	4.54751e-13
58.92	4.54751e-13
58.925	4.54751e-13
58.93	4.54751e-13
58.935	4.54751e-13
58.94	4.54751e-13
58.945	4.54751e-13
58.95	4.54751e-13
58.955	2.27375e-13
58.96	4.54751e-13
58.965	4.54751e-13
58.97	4.54751e-13
58.975	4.54751e-13
58.98	4.54751e-13
58.985	4.54751e-13
58.99	4.54751e-13
58.995	4.54751e-13
59.0	4.54751e-13
59.005	4.54751e-13
59.01	4.54751e-13
59.015	4.54751e-13
59.02	4.54751e-13
59.025	4.54751e-13
59.03	4.54751e-13
59.035	6.82124e-13
59.04	4.54751e-13
59.045	6.82124e-13
59.05	4.54751e-13
59.055	2.27375e-13
59.06	4.54751e-13
59.065	6.82124e-13
59.07	6.82124e-13
59.075	4.54751e-13
59.08	4.54751e-13
59.085	6.82124e-13
59.09	6.82124e-13
59.095	4.54751e-13
59.1	4.54751e-13
59.105	4.54751e-13
59.11	4.54751e-13
59.115	4.54751e-13
59.12	4.54751e-13
59.125	4.54751e-13
59.13	6.82124e-13
59.135	4.54751e-13
59.14	4.54751e-13
59.145	4.54751e-13
59.15	4.54751e-13
59.155	4.54751e-13
59.16	4.54751e-13
59.165	4.54751e-13
59.17	4.54751e-13
59.175	4.54751e-13
59.18	2.27375e-13
59.185	2.27375e-13
59.19	4.54751e-13
59.195	4.54751e-13
59.2	4.54751e-13
59.205	6.82124e-13
59.21	9.09502e-13
59.215	6.82124e-13
59.22	6.82124e-13
59.225	6.82124e-13
59.23	4.54751e-13
59.235	4.54751e-13
59.24	6.82124e-13
59.245	6.82124e-13
59.25	6.82124e-13
59.255	6.82124e-13
59.26	4.54751e-13
59.265	4.54751e-13
59.27	9.09502e-13
59.275	1.13688e-12
59.28	1.13688e-12
59.285	1.13688e-12
59.29	9.09502e-13
59.295	6.82124e-13
59.3	4.54751e-13
59.305	4.54751e-13
59.31	6.82124e-13
59.315	9.09502e-13
59.32	9.09502e-13
59.325	1.13688e-12
59.33	1.13688e-12
59.335	1.13688e-12
59.34	1.13688e-12
59.345	1.13688e-12
59.35	9.09502e-13
59.355	1.13688e-12
59.36	1.13688e-12
59.365	1.13688e-12
59.37	1.13688e-12
59.375	9.09502e-13
59.38	1.13688e-12
59.385	9.09502e-13
59.39	1.13688e-12
59.395	1.13688e-12
59.4	1.36425e-12
59.405	1.13688e-12
59.41	1.13688e-12
59.415	1.36425e-12
59.42	1.13688e-12
59.425	1.36425e-12
59.43	1.36425e-12
59.435	1.13688e-12
59.44	1.13688e-12
59.445	1.36425e-12
59.45	1.36425e-12
59.455	1.59162e-12
59.46	1.59162e-12
59.465	1.36425e-12
59.47	1.59162e-12
59.475	1.59162e-12
59.48	1.36425e-12
59.485	1.13688e-12
59.49	1.13688e-12
59.495	1.13688e-12
59.5	1.13688e-12
59.505	9.09502e-13
59.51	6.82124e-13
59.515	6.82124e-13
59.52	6.82124e-13
59.525	4.54751e-13
59.53	4.54751e-13
59.535	0.0
59.54	0.0
59.545	-2.27375e-13
59.55	-4.54751e-13
59.555	-4.54751e-13
59.56	-6.82124e-13
59.565	-1.13688e-12
59.57	-1.36425e-12
59.575	-1.36425e-12
59.58	-1.36425e-12
59.585	-1.819e-12
59.59	-2.04638e-12
59.595	-2.04638e-12
59.6	-2.50112e-12
59.605	-2.50112e-12
59.61	-2.50112e-12
59.615	-2.50112e-12
59.62	-2.50112e-12
59.625	-2.50112e-12
59.63	-2.27375e-12
59.635	-2.27375e-12
59.64	-2.50112e-12
59.645	-2.27375e-12
59.65	-2.04638e-12
59.655	-1.819e-12
59.66	-1.59162e-12
59.665	-1.36425e-12
59.67	-1.36425e-12
59.675	-1.36425e-12
59.68	-1.36425e-12
59.685	-1.13688e-12
59.69	-6.82124e-13
59.695	-6.82124e-13
59.7	-9.09502e-13
59.705	-9.09502e-13
59.71	-6.82124e-13
59.715	-4.54751e-13
59.72	-4.54751e-13
59.725	-2.27375e-13
59.73	-2.27375e-13
59.735	0.0
59.74	0.0
59.745	0.0
59.75	2.27375e-13
59.755	2.27375e-13
59.76	4.54751e-13
59.765	6.82124e-13
59.77	6.82124e-13
59.775	6.82124e-13
59.78	1.13688e-12
59.785	1.36425e-12
59.79	1.36425e-12
59.795	1.36425e-12
59.8	1.59162e-12
59.805	1.819e-12
59.81	2.04638e-12
59.815	2.27375e-12
59.82	2.27375e-12
59.825	2.27375e-12
59.83	2.27375e-12
59.835	2.27375e-12
59.84	2.50112e-12
59.845	2.7285e-12
59.85	2.7285e-12
59.855	2.7285e-12
59.86	2.7285e-12
59.865	2.7285e-12
59.87	2.95587e-12
59.875	2.95587e-12
59.88	2.95587e-12
59.885	2.95587e-12
59.89	2.95587e-12
59.895	2.7285e-12
59.9	2.50112e-12
59.905	2.27375e-12
59.91	2.27375e-12
59.915	2.27375e-12
59.92	2.27375e-12
59.925	2.04638e-12
59.93	2.04638e-12
59.935	1.819e-12
59.94	1.59162e-12
59.945	1.59162e-12
59.95	1.36425e-12
59.955	1.13688e-12
59.96	1.13688e-12
59.965	1.13688e-12
59.97	1.13688e-12
59.975	6.82124e-13
59.98	4.54751e-13
59.985	4.54751e-13
59.99	4.54751e-13
59.995	4.54751e-13
60.0	2.27375e-13
