pos X
395.6070169050084 1.819e-12
395.6403733145282 2.04638e-12
395.67372972404803 2.04638e-12
395.7070861335678 1.819e-12
395.7404425430876 1.819e-12
395.7737989526075 1.819e-12
395.8071553621273 1.819e-12
395.8405117716471 2.04638e-12
395.8738681811669 2.27375e-12
395.9072245906867 2.04638e-12
395.9405810002065 1.819e-12
395.9739374097263 2.27375e-12
396.0072938192462 2.50112e-12
396.04065022876597 2.27375e-12
396.07400663828577 2.04638e-12
396.1073630478056 2.27375e-12
396.1407194573254 2.27375e-12
396.1740758668452 2.04638e-12
396.20743227636507 2.27375e-12
396.24078868588487 2.27375e-12
396.27414509540466 2.27375e-12
396.3075015049245 2.04638e-12
396.3408579144443 1.819e-12
396.3742143239641 1.819e-12
396.40757073348396 2.04638e-12
396.44092714300376 2.27375e-12
396.47428355252356 2.27375e-12
396.5076399620434 2.04638e-12
396.5409963715632 2.27375e-12
396.574352781083 2.27375e-12
396.60770919060286 2.27375e-12
396.64106560012266 2.7285e-12
396.67442200964246 2.50112e-12
396.7077784191623 2.50112e-12
396.7411348286821 2.27375e-12
396.7744912382019 2.27375e-12
396.8078476477217 2.50112e-12
396.84120405724155 2.27375e-12
396.87456046676135 2.27375e-12
396.90791687628115 2.7285e-12
396.941273285801 2.7285e-12
396.9746296953208 2.50112e-12
397.0079861048406 2.27375e-12
397.04134251436045 2.95587e-12
397.07469892388025 2.50112e-12
397.10805533340005 2.7285e-12
397.1414117429199 2.7285e-12
397.1747681524397 2.95587e-12
397.2081245619595 2.7285e-12
397.24148097147935 2.95587e-12
397.27483738099914 2.95587e-12
397.30819379051894 2.95587e-12
397.3415502000388 2.95587e-12
397.3749066095586 2.95587e-12
397.4082630190784 2.95587e-12
397.44161942859824 2.50112e-12
397.47497583811804 2.50112e-12
397.50833224763784 2.95587e-12
397.5416886571577 3.18325e-12
397.5750450666775 2.7285e-12
397.6084014761973 2.95587e-12
397.6417578857171 2.95587e-12
397.67511429523694 3.41062e-12
397.70847070475673 3.63801e-12
397.74182711427653 2.95587e-12
397.7751835237964 2.95587e-12
397.8085399333162 3.18325e-12
397.841896342836 3.41062e-12
397.87525275235583 3.63801e-12
397.90860916187563 3.63801e-12
397.94196557139543 3.18325e-12
397.9753219809153 3.18325e-12
398.008678390435 3.63801e-12
398.0420347999549 3.41062e-12
398.07539120947473 3.18325e-12
398.10874761899447 3.18325e-12
398.1421040285143 2.95587e-12
398.1754604380342 3.18325e-12
398.208816847554 3.41062e-12
398.2421732570738 3.63801e-12
398.2755296665936 3.18325e-12
398.3088860761134 3.18325e-12
398.3422424856332 2.95587e-12
398.3755988951531 3.18325e-12
398.4089553046729 2.95587e-12
398.44231171419267 2.95587e-12
398.47566812371247 3.18325e-12
398.5090245332323 3.18325e-12
398.5423809427521 3.63801e-12
398.5757373522719 3.63801e-12
398.60909376179177 3.63801e-12
398.64245017131157 3.18325e-12
398.67580658083136 2.95587e-12
398.7091629903512 2.95587e-12
398.742519399871 3.63801e-12
398.7758758093908 3.63801e-12
398.80923221891067 3.63801e-12
398.8425886284304 3.63801e-12
398.87594503795026 3.86538e-12
398.9093014474701 2.95587e-12
398.94265785698985 3.41062e-12
398.9760142665097 2.95587e-12
399.00937067602956 2.95587e-12
399.0427270855493 3.18325e-12
399.07608349506916 3.41062e-12
399.109439904589 3.41062e-12
399.14279631410875 3.18325e-12
399.1761527236286 3.18325e-12
399.20950913314846 3.18325e-12
399.24286554266826 2.95587e-12
399.27622195218805 3.41062e-12
399.30957836170785 3.41062e-12
399.3429347712277 2.95587e-12
399.3762911807475 3.41062e-12
399.4096475902673 3.18325e-12
399.44300399978715 2.95587e-12
399.47636040930695 3.18325e-12
399.50971681882675 3.18325e-12
399.5430732283466 3.41062e-12
399.5764296378664 3.63801e-12
399.6097860473862 3.18325e-12
399.64314245690605 2.7285e-12
399.6764988664258 2.95587e-12
399.70985527594564 2.95587e-12
399.7432116854655 2.95587e-12
399.77656809498524 2.7285e-12
399.8099245045051 2.95587e-12
399.84328091402494 2.27375e-12
399.8766373235447 2.27375e-12
399.90999373306454 2.27375e-12
399.9433501425844 2.27375e-12
399.97670655210413 2.04638e-12
400.010062961624 2.04638e-12
400.04341937114384 1.819e-12
400.0767757806636 1.59162e-12
400.11013219018344 1.36425e-12
400.14348859970323 1.13688e-12
400.17684500922303 1.13688e-12
400.2102014187429 9.09502e-13
400.2435578282627 9.09502e-13
400.27691423778253 4.54751e-13
400.31027064730233 4.54751e-13
400.34362705682213 2.27375e-13
400.376983466342 0.0
400.4103398758618 0.0
400.4436962853816 0.0
400.47705269490143 0.0
400.51040910442117 -4.54751e-13
400.543765513941 -6.82124e-13
400.5771219234609 -2.27375e-13
400.6104783329806 -4.54751e-13
400.6438347425005 0.0
400.6771911520203 2.27375e-13
400.71054756154007 2.27375e-13
400.7439039710599 0.0
400.7772603805798 -2.27375e-13
400.8106167900995 2.27375e-13
400.84397319961937 1.13688e-12
400.8773296091392 9.09502e-13
400.91068601865896 1.59162e-12
400.9440424281788 2.04638e-12
400.9773988376986 2.27375e-12
401.0107552472184 2.50112e-12
401.04411165673827 3.18325e-12
401.07746806625806 3.63801e-12
401.11082447577786 3.18325e-12
401.1441808852977 3.18325e-12
401.1775372948175 3.63801e-12
401.2108937043373 4.32013e-12
401.24425011385716 4.5475e-12
401.27760652337696 4.5475e-12
401.31096293289676 4.77487e-12
401.34431934241655 4.77487e-12
401.3776757519364 4.77487e-12
401.41103216145626 4.77487e-12
401.444388570976 4.77487e-12
401.47774498049586 5.00225e-12
401.5111013900157 5.22962e-12
401.54445779953545 4.77487e-12
401.5778142090553 4.77487e-12
401.61117061857516 4.77487e-12
401.6445270280949 4.32013e-12
401.67788343761475 4.32013e-12
401.7112398471346 4.32013e-12
401.74459625665435 4.5475e-12
401.7779526661742 4.32013e-12
401.811309075694 4.09275e-12
401.8446654852138 3.63801e-12
401.87802189473365 3.41062e-12
401.91137830425345 3.41062e-12
401.94473471377324 3.63801e-12
401.9780911232931 3.63801e-12
402.0114475328129 3.18325e-12
402.0448039423327 2.95587e-12
402.07816035185255 2.95587e-12
402.11151676137234 2.27375e-12
402.14487317089214 1.819e-12
402.17822958041194 1.819e-12
402.2115859899318 1.819e-12
402.2449423994516 2.04638e-12
402.2782988089714 2.27375e-12
402.31165521849124 1.819e-12
402.34501162801104 2.27375e-12
402.37836803753083 2.50112e-12
402.4117244470507 2.50112e-12
402.44508085657054 2.50112e-12
402.4784372660903 2.27375e-12
402.51179367561014 2.50112e-12
402.54515008513 2.95587e-12
402.57850649464973 2.95587e-12
402.6118629041696 3.18325e-12
402.6452193136894 3.18325e-12
402.6785757232092 3.63801e-12
402.71193213272903 3.63801e-12
402.74528854224883 4.09275e-12
402.7786449517686 3.86538e-12
402.8120013612885 4.32013e-12
402.8453577708083 4.32013e-12
402.8787141803281 4.32013e-12
402.91207058984793 4.5475e-12
402.9454269993677 4.5475e-12
402.9787834088875 4.77487e-12
403.0121398184073 4.77487e-12
403.0454962279272 5.22962e-12
403.07885263744697 5.457e-12
403.11220904696677 5.22962e-12
403.1455654564866 5.457e-12
403.1789218660064 5.457e-12
403.2122782755262 5.457e-12
403.24563468504607 5.00225e-12
403.27899109456587 5.00225e-12
403.31234750408566 5.457e-12
403.3457039136055 5.457e-12
403.3790603231253 5.22962e-12
403.4124167326451 4.77487e-12
403.44577314216497 4.77487e-12
403.47912955168476 4.77487e-12
403.51248596120456 4.5475e-12
403.5458423707244 4.09275e-12
403.5791987802442 3.63801e-12
403.612555189764 3.63801e-12
403.64591159928386 3.18325e-12
403.67926800880366 2.7285e-12
403.71262441832346 2.27375e-12
403.7459808278433 2.04638e-12
403.7793372373631 1.59162e-12
403.8126936468829 1.13688e-12
403.8460500564027 4.54751e-13
403.87940646592256 0.0
403.91276287544235 -6.82124e-13
403.94611928496215 -4.54751e-13
403.979475694482 -6.82124e-13
404.0128321040018 -1.36425e-12
404.0461885135216 -1.819e-12
404.07954492304145 -2.04638e-12
404.11290133256125 -2.27375e-12
404.14625774208105 -2.50112e-12
404.1796141516009 -2.7285e-12
404.2129705611207 -2.7285e-12
404.2463269706405 -2.7285e-12
404.27968338016035 -2.50112e-12
404.31303978968015 -2.27375e-12
404.34639619919994 -2.04638e-12
404.3797526087198 -2.04638e-12
404.4131090182396 -1.36425e-12
404.4464654277594 -9.09502e-13
404.47982183727925 -2.27375e-13
404.51317824679904 2.27375e-13
404.54653465631884 1.13688e-12
404.5798910658387 1.59162e-12
404.6132474753585 2.95587e-12
404.6466038848783 3.86538e-12
404.6799602943981 4.5475e-12
404.71331670391794 5.22962e-12
404.74667311343774 6.59386e-12
404.78002952295753 7.27601e-12
404.8133859324774 7.95813e-12
404.8467423419972 9.095e-12
404.880098751517 1.04592e-11
404.91345516103684 1.11414e-11
404.94681157055663 1.18235e-11
404.98016798007643 1.2733e-11
405.0135243895963 1.34151e-11
405.0468807991161 1.40972e-11
405.0802372086359 1.47794e-11
405.11359361815573 1.52341e-11
405.14695002767553 1.54615e-11
405.1803064371953 1.59163e-11
405.2136628467152 1.59163e-11
405.247019256235 1.61436e-11
405.2803756657548 1.54615e-11
405.31373207527463 1.47794e-11
405.3470884847944 1.43246e-11
405.3804448943142 1.31877e-11
405.4138013038341 1.22782e-11
405.4471577133539 1.0914e-11
405.48051412287367 9.54975e-12
405.51387053239347 7.95813e-12
405.5472269419133 6.13912e-12
405.5805833514331 4.32013e-12
405.6139397609529 2.27375e-12
405.64729617047277 9.09502e-13
405.68065257999257 -6.82124e-13
405.71400898951237 -2.50112e-12
405.7473653990322 -4.5475e-12
405.780721808552 -5.22962e-12
405.8140782180718 -6.13912e-12
405.84743462759167 -7.50339e-12
405.88079103711146 -8.18551e-12
405.91414744663126 -8.86763e-12
405.9475038561511 -9.54975e-12
405.9808602656709 -9.77712e-12
406.0142166751907 -1.00045e-11
406.04757308471056 -1.00045e-11
406.08092949423036 -1.00045e-11
406.11428590375016 -1.00045e-11
406.14764231327 -9.77712e-12
406.1809987227898 -9.54975e-12
406.2143551323096 -9.54975e-12
406.24771154182946 -9.32238e-12
406.28106795134926 -8.86763e-12
406.31442436086905 -8.86763e-12
406.34778077038885 -8.41288e-12
406.3811371799087 -7.95813e-12
406.4144935894285 -7.50339e-12
406.4478499989483 -7.04861e-12
406.48120640846815 -6.36649e-12
406.51456281798795 -5.68437e-12
406.54791922750775 -5.00225e-12
406.5812756370276 -4.09275e-12
406.6146320465474 -2.7285e-12
406.6479884560672 -2.04638e-12
406.68134486558705 -9.09502e-13
406.71470127510685 -2.27375e-13
406.74805768462664 1.13688e-12
406.7814140941465 2.95587e-12
406.81477050366624 4.32013e-12
406.8481269131861 5.91174e-12
406.88148332270595 7.27601e-12
406.91483973222574 8.64026e-12
406.94819614174554 1.02319e-11
406.9815525512654 1.0914e-11
407.0149089607852 1.18235e-11
407.048265370305 1.29604e-11
407.08162177982484 1.36425e-11
407.11497818934464 1.43246e-11
407.14833459886444 1.47794e-11
407.18169100838423 1.47794e-11
407.2150474179041 1.4552e-11
407.2484038274239 1.43246e-11
407.2817602369437 1.36425e-11
407.31511664646354 1.29604e-11
407.34847305598333 1.22782e-11
407.38182946550313 1.11414e-11
407.415185875023 9.54975e-12
407.4485422845428 7.73076e-12
407.4818986940626 6.13912e-12
407.51525510358243 4.5475e-12
407.54861151310223 3.18325e-12
407.581967922622 1.13688e-12
407.6153243321419 -6.82124e-13
407.6486807416616 -2.27375e-12
407.6820371511815 -3.86538e-12
407.71539356070133 -4.77487e-12
407.74874997022107 -6.13912e-12
407.7821063797409 -7.04861e-12
407.8154627892608 -7.95813e-12
407.8488191987805 -9.32238e-12
407.8821756083004 -9.54975e-12
407.9155320178202 -9.54975e-12
407.94888842734 -1.00045e-11
407.9822448368598 -9.54975e-12
408.0156012463796 -9.54975e-12
408.04895765589947 -8.86763e-12
408.08231406541927 -8.18551e-12
408.11567047493907 -7.50339e-12
408.1490268844589 -6.36649e-12
408.1823832939787 -5.457e-12
408.2157397034985 -4.09275e-12
408.24909611301837 -3.41062e-12
408.28245252253816 -2.50112e-12
408.31580893205796 -1.36425e-12
408.3491653415778 -6.82124e-13
408.3825217510976 4.54751e-13
408.4158781606174 1.819e-12
408.44923457013726 2.7285e-12
408.482590979657 3.18325e-12
408.51594738917686 4.32013e-12
408.5493037986967 4.77487e-12
408.58266020821645 5.457e-12
408.6160166177363 6.13912e-12
408.64937302725616 6.82124e-12
408.6827294367759 7.27601e-12
408.71608584629575 7.27601e-12
408.7494422558156 7.73076e-12
408.78279866533535 7.95813e-12
408.8161550748552 8.41288e-12
408.849511484375 8.41288e-12
408.8828678938948 8.41288e-12
408.91622430341465 8.41288e-12
408.94958071293445 7.95813e-12
408.98293712245425 7.95813e-12
409.0162935319741 7.95813e-12
409.0496499414939 7.73076e-12
409.08300635101375 7.50339e-12
409.11636276053355 6.82124e-12
409.14971917005334 6.59386e-12
409.1830755795732 6.82124e-12
409.216431989093 6.13912e-12
409.2497883986128 6.13912e-12
409.28314480813265 5.91174e-12
409.3165012176524 5.68437e-12
409.34985762717224 5.457e-12
409.3832140366921 5.457e-12
409.41657044621184 5.457e-12
409.4499268557317 5.457e-12
409.48328326525154 5.457e-12
409.5166396747713 5.457e-12
409.54999608429114 5.457e-12
409.583352493811 5.22962e-12
409.61670890333073 5.22962e-12
409.6500653128506 5.22962e-12
409.6834217223704 5.457e-12
409.7167781318902 5.457e-12
409.75013454141003 5.457e-12
409.78349095092983 5.68437e-12
409.81684736044963 5.457e-12
409.8502037699695 5.457e-12
409.8835601794893 5.457e-12
409.9169165890091 4.77487e-12
409.95027299852893 4.77487e-12
409.9836294080487 4.77487e-12
410.0169858175685 4.32013e-12
410.0503422270884 4.09275e-12
410.0836986366082 3.86538e-12
410.11705504612803 2.95587e-12
410.15041145564777 2.7285e-12
410.1837678651676 2.27375e-12
410.2171242746875 1.36425e-12
410.2504806842072 1.36425e-12
410.2838370937271 1.13688e-12
410.3171935032469 4.54751e-13
410.35054991276667 0.0
410.3839063222865 -6.82124e-13
410.4172627318064 -6.82124e-13
410.4506191413261 -9.09502e-13
410.48397555084597 -9.09502e-13
410.51733196036577 -1.36425e-12
410.55068836988556 -1.36425e-12
410.5840447794054 -1.59162e-12
410.6174011889252 -1.59162e-12
410.650757598445 -9.09502e-13
410.68411400796487 -1.36425e-12
410.71747041748466 -1.13688e-12
410.75082682700446 -9.09502e-13
410.7841832365243 -4.54751e-13
410.8175396460441 0.0
410.8508960555639 -4.54751e-13
410.88425246508376 0.0
410.91760887460356 0.0
410.95096528412336 6.82124e-13
410.98432169364315 1.13688e-12
411.017678103163 1.13688e-12
411.0510345126828 1.819e-12
411.0843909222026 2.27375e-12
411.11774733172246 2.27375e-12
411.1511037412423 2.27375e-12
411.18446015076205 2.95587e-12
411.2178165602819 2.95587e-12
411.25117296980176 3.18325e-12
411.2845293793215 3.63801e-12
411.31788578884135 3.86538e-12
411.35124219836115 4.09275e-12
411.38459860788095 3.86538e-12
411.4179550174008 3.86538e-12
411.4513114269206 3.86538e-12
411.4846678364404 3.63801e-12
411.51802424596025 3.86538e-12
411.55138065548005 4.32013e-12
411.58473706499984 4.32013e-12
411.6180934745197 4.32013e-12
411.6514498840395 4.5475e-12
411.6848062935593 5.00225e-12
411.71816270307914 5.00225e-12
411.75151911259894 5.22962e-12
411.78487552211874 5.457e-12
411.81823193163854 5.457e-12
411.8515883411584 5.68437e-12
411.8849447506782 5.91174e-12
411.918301160198 5.91174e-12
411.95165756971784 6.13912e-12
411.98501397923764 6.36649e-12
412.01837038875743 6.82124e-12
412.0517267982773 6.59386e-12
412.0850832077971 6.36649e-12
412.1184396173169 6.13912e-12
412.15179602683673 6.13912e-12
412.18515243635653 6.13912e-12
412.21850884587633 5.68437e-12
412.2518652553962 5.68437e-12
412.285221664916 6.13912e-12
412.3185780744358 6.13912e-12
412.35193448395563 5.68437e-12
412.3852908934754 5.00225e-12
412.4186473029952 4.77487e-12
412.4520037125151 4.5475e-12
412.4853601220349 4.77487e-12
412.5187165315547 4.32013e-12
412.5520729410745 4.09275e-12
412.5854293505943 4.09275e-12
412.6187857601141 4.32013e-12
412.6521421696339 4.5475e-12
412.6854985791538 4.5475e-12
412.71885498867357 4.77487e-12
412.75221139819337 4.77487e-12
412.7855678077132 5.00225e-12
412.818924217233 5.22962e-12
412.8522806267528 5.22962e-12
412.88563703627267 5.00225e-12
412.91899344579247 4.77487e-12
412.95234985531226 4.77487e-12
412.9857062648321 4.5475e-12
413.0190626743519 4.5475e-12
413.0524190838717 4.32013e-12
413.08577549339157 3.41062e-12
413.11913190291136 3.18325e-12
413.15248831243116 2.50112e-12
413.185844721951 2.27375e-12
413.2192011314708 1.819e-12
413.2525575409906 1.36425e-12
413.28591395051046 6.82124e-13
413.31927036003026 0.0
413.35262676955006 -9.09502e-13
413.3859831790699 -1.819e-12
413.4193395885897 -2.04638e-12
413.4526959981095 -2.95587e-12
413.4860524076293 -2.95587e-12
413.51940881714916 -3.86538e-12
413.55276522666895 -4.32013e-12
413.58612163618875 -4.32013e-12
413.6194780457086 -4.77487e-12
413.6528344552284 -5.00225e-12
413.6861908647482 -5.00225e-12
413.71954727426805 -4.77487e-12
413.75290368378785 -5.00225e-12
413.78626009330765 -5.00225e-12
413.8196165028275 -4.77487e-12
413.8529729123473 -4.09275e-12
413.8863293218671 -3.41062e-12
413.91968573138695 -3.18325e-12
413.95304214090675 -2.7285e-12
413.98639855042654 -2.27375e-12
414.0197549599464 -1.36425e-12
414.0531113694662 -6.82124e-13
414.086467778986 0.0
414.11982418850585 4.54751e-13
414.15318059802564 1.13688e-12
414.18653700754544 2.04638e-12
414.2198934170653 2.7285e-12
414.2532498265851 3.18325e-12
414.2866062361049 4.32013e-12
414.3199626456247 5.00225e-12
414.35331905514454 5.457e-12
414.38667546466434 6.13912e-12
414.42003187418413 6.13912e-12
414.453388283704 6.59386e-12
414.4867446932238 6.82124e-12
414.5201011027436 7.27601e-12
414.55345751226344 7.50339e-12
414.58681392178323 7.50339e-12
414.62017033130303 7.95813e-12
414.6535267408229 7.95813e-12
414.6868831503427 7.50339e-12
414.7202395598625 7.50339e-12
414.75359596938233 7.04861e-12
414.78695237890213 7.27601e-12
414.8203087884219 6.82124e-12
414.8536651979418 7.04861e-12
414.8870216074616 6.82124e-12
414.9203780169814 6.59386e-12
414.9537344265012 5.91174e-12
414.987090836021 5.91174e-12
415.0204472455408 5.457e-12
415.0538036550607 4.77487e-12
415.0871600645805 4.32013e-12
415.12051647410027 4.32013e-12
415.15387288362007 3.63801e-12
415.1872292931399 3.41062e-12
415.2205857026597 2.7285e-12
415.2539421121795 2.27375e-12
415.28729852169937 2.04638e-12
415.32065493121917 1.59162e-12
415.35401134073896 1.13688e-12
415.3873677502588 6.82124e-13
415.4207241597786 2.27375e-13
415.4540805692984 -4.54751e-13
415.48743697881827 -6.82124e-13
415.520793388338 -1.13688e-12
415.55414979785786 -9.09502e-13
415.5875062073777 -9.09502e-13
415.6208626168975 -9.09502e-13
