pos	X
57.0	0.0
57.005	4.54751e-13
57.01	4.54751e-13
57.015	4.54751e-13
57.02	0.0
57.025	0.0
57.03	4.54751e-13
57.035	4.54751e-13
57.04	4.54751e-13
57.045	4.54751e-13
57.05	4.54751e-13
57.055	4.54751e-13
57.06	4.54751e-13
57.065	4.54751e-13
57.07	6.82124e-13
57.075	6.82124e-13
57.08	6.82124e-13
57.085	4.54751e-13
57.09	4.54751e-13
57.095	4.54751e-13
57.1	4.54751e-13
57.105	4.54751e-13
57.11	4.54751e-13
57.115	0.0
57.12	2.27375e-13
57.125	4.54751e-13
57.13	4.54751e-13
57.135	4.54751e-13
57.14	4.54751e-13
57.145	4.54751e-13
57.15	4.54751e-13
57.155	2.27375e-13
57.16	0.0
57.165	2.27375e-13
57.17	2.27375e-13
57.175	0.0
57.18	4.54751e-13
57.185	9.09502e-13
57.19	4.54751e-13
57.195	4.54751e-13
57.2	4.54751e-13
57.205	6.82124e-13
57.21	9.09502e-13
57.215	1.13688e-12
57.22	1.13688e-12
57.225	1.13688e-12
57.23	1.13688e-12
57.235	1.13688e-12
57.24	1.13688e-12
57.245	1.13688e-12
57.25	1.13688e-12
57.255	1.13688e-12
57.26	9.09502e-13
57.265	1.13688e-12
57.27	1.13688e-12
57.275	1.59162e-12
57.28	1.13688e-12
57.285	1.13688e-12
57.29	1.13688e-12
57.295	1.36425e-12
57.3	1.59162e-12
57.305	1.13688e-12
57.31	1.13688e-12
57.315	9.09502e-13
57.32	9.09502e-13
57.325	1.13688e-12
57.33	1.13688e-12
57.335	6.82124e-13
57.34	9.09502e-13
57.345	1.13688e-12
57.35	1.13688e-12
57.355	1.13688e-12
57.36	9.09502e-13
57.365	9.09502e-13
57.37	1.13688e-12
57.375	1.13688e-12
57.38	1.13688e-12
57.385	6.82124e-13
57.39	1.13688e-12
57.395	9.09502e-13
57.4	6.82124e-13
57.405	6.82124e-13
57.41	6.82124e-13
57.415	6.82124e-13
57.42	1.13688e-12
57.425	6.82124e-13
57.43	9.09502e-13
57.435	9.09502e-13
57.44	1.13688e-12
57.445	1.13688e-12
57.45	1.13688e-12
57.455	1.36425e-12
57.46	1.13688e-12
57.465	1.13688e-12
57.47	9.09502e-13
57.475	9.09502e-13
57.48	9.09502e-13
57.485	1.13688e-12
57.49	1.13688e-12
57.495	1.13688e-12
57.5	1.13688e-12
57.505	1.59162e-12
57.51	1.59162e-12
57.515	1.13688e-12
57.52	1.13688e-12
57.525	1.13688e-12
57.53	1.36425e-12
57.535	1.36425e-12
57.54	1.13688e-12
57.545	1.13688e-12
57.55	1.13688e-12
57.555	1.13688e-12
57.56	1.13688e-12
57.565	1.13688e-12
57.57	1.36425e-12
57.575	1.36425e-12
57.58	1.13688e-12
57.585	1.13688e-12
57.59	1.13688e-12
57.595	1.36425e-12
57.6	1.13688e-12
57.605	1.13688e-12
57.61	1.13688e-12
57.615	1.13688e-12
57.62	1.13688e-12
57.625	1.13688e-12
57.63	1.13688e-12
57.635	1.13688e-12
57.64	1.13688e-12
57.645	1.13688e-12
57.65	1.13688e-12
57.655	1.13688e-12
57.66	1.13688e-12
57.665	6.82124e-13
57.67	6.82124e-13
57.675	4.54751e-13
57.68	9.09502e-13
57.685	9.09502e-13
57.69	1.13688e-12
57.695	1.13688e-12
57.7	9.09502e-13
57.705	1.13688e-12
57.71	1.13688e-12
57.715	4.54751e-13
57.72	9.09502e-13
57.725	1.13688e-12
57.73	1.13688e-12
57.735	1.36425e-12
57.74	1.13688e-12
57.745	1.13688e-12
57.75	1.13688e-12
57.755	1.13688e-12
57.76	1.36425e-12
57.765	9.09502e-13
57.77	9.09502e-13
57.775	6.82124e-13
57.78	4.54751e-13
57.785	6.82124e-13
57.79	9.09502e-13
57.795	4.54751e-13
57.8	4.54751e-13
57.805	2.27375e-13
57.81	0.0
57.815	-2.27375e-13
57.82	-4.54751e-13
57.825	-2.27375e-13
57.83	-6.82124e-13
57.835	-4.54751e-13
57.84	-6.82124e-13
57.845	-6.82124e-13
57.85	-6.82124e-13
57.855	-1.13688e-12
57.86	-1.59162e-12
57.865	-2.04638e-12
57.87	-2.04638e-12
57.875	-2.04638e-12
57.88	-2.27375e-12
57.885	-2.50112e-12
57.89	-2.50112e-12
57.895	-2.50112e-12
57.9	-2.50112e-12
57.905	-2.27375e-12
57.91	-2.04638e-12
57.915	-1.59162e-12
57.92	-1.36425e-12
57.925	-2.27375e-13
57.93	4.54751e-13
57.935	1.36425e-12
57.94	2.27375e-12
57.945	3.41062e-12
57.95	4.32013e-12
57.955	5.00225e-12
57.96	6.13912e-12
57.965	7.50339e-12
57.97	8.64026e-12
57.975	9.32238e-12
57.98	9.77712e-12
57.985	1.00045e-11
57.99	1.04592e-11
57.995	1.0914e-11
58.0	1.0914e-11
58.005	1.04592e-11
58.01	9.77712e-12
58.015	9.095e-12
58.02	8.18551e-12
58.025	6.82124e-12
58.03	5.457e-12
58.035	4.32013e-12
58.04	2.95587e-12
58.045	1.59162e-12
58.05	0.0
58.055	-9.09502e-13
58.06	-1.59162e-12
58.065	-2.27375e-12
58.07	-3.18325e-12
58.075	-3.86538e-12
58.08	-4.5475e-12
58.085	-4.5475e-12
58.09	-4.77487e-12
58.095	-4.77487e-12
58.1	-4.5475e-12
58.105	-4.5475e-12
58.11	-3.86538e-12
58.115	-3.18325e-12
58.12	-2.7285e-12
58.125	-2.27375e-12
58.13	-1.59162e-12
58.135	-1.36425e-12
58.14	-6.82124e-13
58.145	0.0
58.15	4.54751e-13
58.155	1.13688e-12
58.16	1.13688e-12
58.165	1.36425e-12
58.17	1.819e-12
58.175	2.27375e-12
58.18	2.50112e-12
58.185	2.95587e-12
58.19	2.7285e-12
58.195	2.7285e-12
58.2	2.7285e-12
58.205	2.95587e-12
58.21	2.95587e-12
58.215	2.95587e-12
58.22	2.50112e-12
58.225	2.7285e-12
58.23	2.7285e-12
58.235	2.7285e-12
58.24	2.7285e-12
58.245	2.27375e-12
58.25	2.27375e-12
58.255	2.04638e-12
58.26	1.819e-12
58.265	1.819e-12
58.27	1.819e-12
58.275	1.819e-12
58.28	1.59162e-12
58.285	1.13688e-12
58.29	6.82124e-13
58.295	9.09502e-13
58.3	6.82124e-13
58.305	2.27375e-13
58.31	4.54751e-13
58.315	2.27375e-13
58.32	0.0
58.325	0.0
58.33	-2.27375e-13
58.335	0.0
58.34	4.54751e-13
58.345	4.54751e-13
58.35	4.54751e-13
58.355	0.0
58.36	2.27375e-13
58.365	6.82124e-13
58.37	1.13688e-12
58.375	6.82124e-13
58.38	4.54751e-13
58.385	2.27375e-13
58.39	2.27375e-13
58.395	2.27375e-13
58.4	4.54751e-13
58.405	6.82124e-13
58.41	9.09502e-13
58.415	1.13688e-12
58.42	1.13688e-12
58.425	1.13688e-12
58.43	9.09502e-13
58.435	9.09502e-13
58.44	6.82124e-13
58.445	6.82124e-13
58.45	9.09502e-13
58.455	9.09502e-13
58.46	6.82124e-13
58.465	4.54751e-13
58.47	9.09502e-13
58.475	1.13688e-12
58.48	1.13688e-12
58.485	1.13688e-12
58.49	1.13688e-12
58.495	1.13688e-12
58.5	1.13688e-12
58.505	1.13688e-12
58.51	1.13688e-12
58.515	9.09502e-13
58.52	6.82124e-13
58.525	6.82124e-13
58.53	1.13688e-12
58.535	9.09502e-13
58.54	9.09502e-13
58.545	9.09502e-13
58.55	9.09502e-13
58.555	6.82124e-13
58.56	1.13688e-12
58.565	1.13688e-12
58.57	1.13688e-12
58.575	9.09502e-13
58.58	1.13688e-12
58.585	1.36425e-12
58.59	1.36425e-12
58.595	1.13688e-12
58.6	9.09502e-13
58.605	1.13688e-12
58.61	1.36425e-12
58.615	1.13688e-12
58.62	1.13688e-12
58.625	6.82124e-13
58.63	9.09502e-13
58.635	9.09502e-13
58.64	9.09502e-13
58.645	6.82124e-13
58.65	4.54751e-13
58.655	4.54751e-13
58.66	6.82124e-13
58.665	6.82124e-13
58.67	9.09502e-13
58.675	6.82124e-13
58.68	4.54751e-13
58.685	4.54751e-13
58.69	4.54751e-13
58.695	9.09502e-13
58.7	1.13688e-12
58.705	1.13688e-12
58.71	6.82124e-13
58.715	6.82124e-13
58.72	6.82124e-13
58.725	6.82124e-13
58.73	9.09502e-13
58.735	9.09502e-13
58.74	9.09502e-13
58.745	6.82124e-13
58.75	9.09502e-13
58.755	1.13688e-12
58.76	1.36425e-12
58.765	1.13688e-12
58.77	9.09502e-13
58.775	1.13688e-12
58.78	1.13688e-12
58.785	1.36425e-12
58.79	1.13688e-12
58.795	9.09502e-13
58.8	9.09502e-13
58.805	9.09502e-13
58.81	4.54751e-13
58.815	6.82124e-13
58.82	1.13688e-12
58.825	1.13688e-12
58.83	9.09502e-13
58.835	6.82124e-13
58.84	9.09502e-13
58.845	9.09502e-13
58.85	1.13688e-12
58.855	1.36425e-12
58.86	1.13688e-12
58.865	1.13688e-12
58.87	1.59162e-12
58.875	1.36425e-12
58.88	1.59162e-12
58.885	1.36425e-12
58.89	1.59162e-12
58.895	1.36425e-12
58.9	1.36425e-12
58.905	1.13688e-12
58.91	1.13688e-12
58.915	1.36425e-12
58.92	1.13688e-12
58.925	1.13688e-12
58.93	1.13688e-12
58.935	1.13688e-12
58.94	9.09502e-13
58.945	6.82124e-13
58.95	1.13688e-12
58.955	1.13688e-12
58.96	1.13688e-12
58.965	1.13688e-12
58.97	1.13688e-12
58.975	1.13688e-12
58.98	9.09502e-13
58.985	9.09502e-13
58.99	9.09502e-13
58.995	6.82124e-13
59.0	4.54751e-13
59.005	6.82124e-13
59.01	9.09502e-13
59.015	6.82124e-13
59.02	4.54751e-13
59.025	4.54751e-13
59.03	4.54751e-13
59.035	9.09502e-13
59.04	1.13688e-12
59.045	1.13688e-12
59.05	6.82124e-13
59.055	9.09502e-13
59.06	9.09502e-13
59.065	4.54751e-13
59.07	4.54751e-13
59.075	6.82124e-13
59.08	1.13688e-12
59.085	1.13688e-12
59.09	9.09502e-13
59.095	9.09502e-13
59.1	6.82124e-13
59.105	9.09502e-13
59.11	1.13688e-12
59.115	6.82124e-13
59.12	6.82124e-13
59.125	1.13688e-12
59.13	1.13688e-12
59.135	1.13688e-12
59.14	9.09502e-13
59.145	9.09502e-13
59.15	9.09502e-13
59.155	1.13688e-12
59.16	1.13688e-12
59.165	1.13688e-12
59.17	1.13688e-12
59.175	1.13688e-12
59.18	1.13688e-12
59.185	1.13688e-12
59.19	1.36425e-12
59.195	1.13688e-12
59.2	1.13688e-12
59.205	1.13688e-12
59.21	1.13688e-12
59.215	1.13688e-12
59.22	1.13688e-12
59.225	1.59162e-12
59.23	1.819e-12
59.235	1.819e-12
59.24	1.819e-12
59.245	1.819e-12
59.25	1.59162e-12
59.255	1.819e-12
59.26	1.819e-12
59.265	2.04638e-12
59.27	1.819e-12
59.275	1.819e-12
59.28	1.819e-12
59.285	2.27375e-12
59.29	2.50112e-12
59.295	2.27375e-12
59.3	2.27375e-12
59.305	2.27375e-12
59.31	2.27375e-12
59.315	2.27375e-12
59.32	2.50112e-12
59.325	2.50112e-12
59.33	2.50112e-12
59.335	2.27375e-12
59.34	1.819e-12
59.345	1.819e-12
59.35	2.04638e-12
59.355	2.04638e-12
59.36	1.819e-12
59.365	1.59162e-12
59.37	1.13688e-12
59.375	9.09502e-13
59.38	4.54751e-13
59.385	2.27375e-13
59.39	0.0
59.395	-2.27375e-13
59.4	-9.09502e-13
59.405	-9.09502e-13
59.41	-1.36425e-12
59.415	-2.04638e-12
59.42	-2.04638e-12
59.425	-2.50112e-12
59.43	-2.7285e-12
59.435	-2.50112e-12
59.44	-2.7285e-12
59.445	-2.7285e-12
59.45	-2.27375e-12
59.455	-2.04638e-12
59.46	-2.04638e-12
59.465	-1.59162e-12
59.47	-1.36425e-12
59.475	-6.82124e-13
59.48	-4.54751e-13
59.485	4.54751e-13
59.49	1.13688e-12
59.495	1.819e-12
59.5	2.50112e-12
59.505	2.7285e-12
59.51	2.95587e-12
59.515	3.63801e-12
59.52	4.09275e-12
59.525	4.32013e-12
59.53	4.32013e-12
59.535	4.5475e-12
59.54	4.09275e-12
59.545	4.09275e-12
59.55	3.63801e-12
59.555	3.41062e-12
59.56	2.95587e-12
59.565	2.50112e-12
59.57	2.27375e-12
59.575	1.819e-12
59.58	2.04638e-12
59.585	1.819e-12
59.59	1.819e-12
59.595	1.13688e-12
59.6	9.09502e-13
59.605	4.54751e-13
59.61	4.54751e-13
59.615	2.27375e-13
59.62	4.54751e-13
59.625	0.0
59.63	2.27375e-13
59.635	2.27375e-13
59.64	-2.27375e-13
59.645	0.0
59.65	2.27375e-13
59.655	2.27375e-13
59.66	2.27375e-13
59.665	2.27375e-13
59.67	2.27375e-13
59.675	4.54751e-13
59.68	4.54751e-13
59.685	6.82124e-13
59.69	4.54751e-13
59.695	4.54751e-13
59.7	6.82124e-13
59.705	6.82124e-13
59.71	9.09502e-13
59.715	9.09502e-13
59.72	9.09502e-13
59.725	1.13688e-12
59.73	9.09502e-13
59.735	9.09502e-13
59.74	1.13688e-12
59.745	1.13688e-12
59.75	1.36425e-12
59.755	1.59162e-12
59.76	1.59162e-12
59.765	1.13688e-12
59.77	1.36425e-12
59.775	1.36425e-12
59.78	1.59162e-12
59.785	1.36425e-12
59.79	1.59162e-12
59.795	1.59162e-12
59.8	1.59162e-12
59.805	1.59162e-12
59.81	1.819e-12
59.815	1.819e-12
59.82	1.36425e-12
59.825	1.36425e-12
59.83	1.13688e-12
59.835	1.13688e-12
59.84	1.13688e-12
59.845	1.36425e-12
59.85	1.13688e-12
59.855	1.36425e-12
59.86	1.36425e-12
59.865	1.13688e-12
59.87	1.36425e-12
59.875	1.13688e-12
59.88	1.13688e-12
59.885	1.13688e-12
59.89	9.09502e-13
59.895	9.09502e-13
59.9	9.09502e-13
59.905	1.13688e-12
59.91	9.09502e-13
59.915	4.54751e-13
59.92	9.09502e-13
59.925	1.36425e-12
59.93	1.13688e-12
59.935	9.09502e-13
59.94	1.13688e-12
59.945	9.09502e-13
59.95	6.82124e-13
59.955	6.82124e-13
59.96	6.82124e-13
59.965	1.13688e-12
59.97	1.13688e-12
59.975	9.09502e-13
59.98	9.09502e-13
59.985	9.09502e-13
59.99	6.82124e-13
59.995	9.09502e-13
60.0	1.13688e-12
