pos	X
57.0	1.13688e-12
57.005	9.09502e-13
57.01	1.819e-12
57.015	1.59162e-12
57.02	1.36425e-12
57.025	1.36425e-12
57.03	1.13688e-12
57.035	1.36425e-12
57.04	6.82124e-13
57.045	6.82124e-13
57.05	4.54751e-13
57.055	9.09502e-13
57.06	1.13688e-12
57.065	4.54751e-13
57.07	2.27375e-13
57.075	4.54751e-13
57.08	6.82124e-13
57.085	9.09502e-13
57.09	0.0
57.095	-2.27375e-13
57.1	2.27375e-13
57.105	4.54751e-13
57.11	1.13688e-12
57.115	2.27375e-13
57.12	0.0
57.125	4.54751e-13
57.13	0.0
57.135	0.0
57.14	0.0
57.145	-4.54751e-13
57.15	0.0
57.155	2.27375e-13
57.16	9.09502e-13
57.165	2.27375e-13
57.17	-4.54751e-13
57.175	2.27375e-13
57.18	0.0
57.185	0.0
57.19	2.27375e-13
57.195	0.0
57.2	0.0
57.205	0.0
57.21	0.0
57.215	-4.54751e-13
57.22	-6.82124e-13
57.225	0.0
57.23	2.27375e-13
57.235	2.27375e-13
57.24	-1.36425e-12
57.245	-9.09502e-13
57.25	2.27375e-13
57.255	0.0
57.26	-2.27375e-13
57.265	-6.82124e-13
57.27	-9.09502e-13
57.275	-6.82124e-13
57.28	0.0
57.285	-2.27375e-13
57.29	-2.27375e-13
57.295	-4.54751e-13
57.3	-2.27375e-13
57.305	-6.82124e-13
57.31	-4.54751e-13
57.315	-1.13688e-12
57.32	0.0
57.325	-2.27375e-13
57.33	-9.09502e-13
57.335	-2.27375e-13
57.34	-6.82124e-13
57.345	-9.09502e-13
57.35	-4.54751e-13
57.355	-6.82124e-13
57.36	-6.82124e-13
57.365	-6.82124e-13
57.37	-9.09502e-13
57.375	-6.82124e-13
57.38	-9.09502e-13
57.385	-9.09502e-13
57.39	-6.82124e-13
57.395	-9.09502e-13
57.4	-1.36425e-12
57.405	-1.13688e-12
57.41	-6.82124e-13
57.415	-6.82124e-13
57.42	-6.82124e-13
57.425	-9.09502e-13
57.43	-6.82124e-13
57.435	-6.82124e-13
57.44	-6.82124e-13
57.445	-9.09502e-13
57.45	-1.36425e-12
57.455	0.0
57.46	-2.27375e-13
57.465	-6.82124e-13
57.47	-1.13688e-12
57.475	-6.82124e-13
57.48	-1.36425e-12
57.485	0.0
57.49	-2.27375e-13
57.495	-2.27375e-13
57.5	-6.82124e-13
57.505	-6.82124e-13
57.51	-6.82124e-13
57.515	4.54751e-13
57.52	-2.27375e-13
57.525	-6.82124e-13
57.53	-6.82124e-13
57.535	-6.82124e-13
57.54	-4.54751e-13
57.545	4.54751e-13
57.55	0.0
57.555	-6.82124e-13
57.56	-4.54751e-13
57.565	-4.54751e-13
57.57	-4.54751e-13
57.575	0.0
57.58	-6.82124e-13
57.585	-2.27375e-13
57.59	-6.82124e-13
57.595	2.27375e-13
57.6	-6.82124e-13
57.605	2.27375e-13
57.61	0.0
57.615	-2.27375e-13
57.62	-4.54751e-13
57.625	4.54751e-13
57.63	0.0
57.635	-2.27375e-13
57.64	-2.27375e-13
57.645	-6.82124e-13
57.65	-6.82124e-13
57.655	-2.27375e-13
57.66	-2.27375e-13
57.665	-2.27375e-13
57.67	-6.82124e-13
57.675	-4.54751e-13
57.68	0.0
57.685	2.27375e-13
57.69	0.0
57.695	4.54751e-13
57.7	-4.54751e-13
57.705	-4.54751e-13
57.71	0.0
57.715	4.54751e-13
57.72	9.09502e-13
57.725	9.09502e-13
57.73	4.54751e-13
57.735	0.0
57.74	4.54751e-13
57.745	1.13688e-12
57.75	4.54751e-13
57.755	0.0
57.76	-4.54751e-13
57.765	0.0
57.77	6.82124e-13
57.775	4.54751e-13
57.78	4.54751e-13
57.785	2.27375e-13
57.79	1.13688e-12
57.795	2.27375e-13
57.8	0.0
57.805	4.54751e-13
57.81	0.0
57.815	4.54751e-13
57.82	1.13688e-12
57.825	9.09502e-13
57.83	2.27375e-13
57.835	6.82124e-13
57.84	9.09502e-13
57.845	6.82124e-13
57.85	4.54751e-13
57.855	1.13688e-12
57.86	6.82124e-13
57.865	6.82124e-13
57.87	6.82124e-13
57.875	6.82124e-13
57.88	1.13688e-12
57.885	9.09502e-13
57.89	1.13688e-12
57.895	1.819e-12
57.9	1.13688e-12
57.905	9.09502e-13
57.91	9.09502e-13
57.915	1.13688e-12
57.92	1.13688e-12
57.925	1.13688e-12
57.93	1.13688e-12
57.935	1.13688e-12
57.94	1.59162e-12
57.945	1.819e-12
57.95	1.819e-12
57.955	1.36425e-12
57.96	9.09502e-13
57.965	1.819e-12
57.97	1.13688e-12
57.975	1.59162e-12
57.98	1.13688e-12
57.985	1.13688e-12
57.99	1.59162e-12
57.995	1.13688e-12
58.0	1.13688e-12
58.005	1.59162e-12
58.01	1.819e-12
58.015	1.819e-12
58.02	1.59162e-12
58.025	1.13688e-12
58.03	1.36425e-12
58.035	2.04638e-12
58.04	1.819e-12
58.045	1.819e-12
58.05	1.59162e-12
58.055	1.36425e-12
58.06	9.09502e-13
58.065	9.09502e-13
58.07	1.36425e-12
58.075	1.819e-12
58.08	2.04638e-12
58.085	1.36425e-12
58.09	1.36425e-12
58.095	1.59162e-12
58.1	1.36425e-12
58.105	1.13688e-12
58.11	1.36425e-12
58.115	1.13688e-12
58.12	1.13688e-12
58.125	1.819e-12
58.13	2.04638e-12
58.135	2.04638e-12
58.14	9.09502e-13
58.145	9.09502e-13
58.15	1.59162e-12
58.155	1.13688e-12
58.16	6.82124e-13
58.165	1.13688e-12
58.17	1.59162e-12
58.175	2.04638e-12
58.18	1.59162e-12
58.185	1.13688e-12
58.19	1.59162e-12
58.195	1.13688e-12
58.2	1.819e-12
58.205	1.819e-12
58.21	1.819e-12
58.215	1.13688e-12
58.22	2.27375e-12
58.225	1.819e-12
58.23	1.59162e-12
58.235	2.27375e-12
58.24	1.36425e-12
58.245	6.82124e-13
58.25	1.13688e-12
58.255	1.13688e-12
58.26	4.54751e-13
58.265	4.54751e-13
58.27	1.13688e-12
58.275	4.54751e-13
58.28	1.13688e-12
58.285	1.36425e-12
58.29	1.13688e-12
58.295	4.54751e-13
58.3	2.27375e-13
58.305	4.54751e-13
58.31	4.54751e-13
58.315	9.09502e-13
58.32	4.54751e-13
58.325	2.27375e-13
58.33	4.54751e-13
58.335	4.54751e-13
58.34	1.13688e-12
58.345	6.82124e-13
58.35	6.82124e-13
58.355	4.54751e-13
58.36	1.13688e-12
58.365	4.54751e-13
58.37	6.82124e-13
58.375	1.59162e-12
58.38	1.36425e-12
58.385	1.59162e-12
58.39	4.54751e-13
58.395	9.09502e-13
58.4	1.13688e-12
58.405	9.09502e-13
58.41	1.13688e-12
58.415	1.13688e-12
58.42	6.82124e-13
58.425	9.09502e-13
58.43	2.27375e-13
58.435	6.82124e-13
58.44	0.0
58.445	0.0
58.45	2.27375e-13
58.455	4.54751e-13
58.46	4.54751e-13
58.465	0.0
58.47	4.54751e-13
58.475	2.27375e-13
58.48	2.27375e-13
58.485	1.13688e-12
58.49	0.0
58.495	0.0
58.5	0.0
58.505	0.0
58.51	-9.09502e-13
58.515	-4.54751e-13
58.52	2.27375e-13
58.525	0.0
58.53	-4.54751e-13
58.535	0.0
58.54	0.0
58.545	0.0
58.55	-4.54751e-13
58.555	-2.27375e-13
58.56	0.0
58.565	0.0
58.57	2.27375e-13
58.575	1.13688e-12
58.58	-6.82124e-13
58.585	2.27375e-13
58.59	0.0
58.595	4.54751e-13
58.6	0.0
58.605	0.0
58.61	4.54751e-13
58.615	4.54751e-13
58.62	0.0
58.625	2.27375e-13
58.63	9.09502e-13
58.635	1.13688e-12
58.64	1.13688e-12
58.645	9.09502e-13
58.65	6.82124e-13
58.655	9.09502e-13
58.66	1.13688e-12
58.665	1.13688e-12
58.67	1.36425e-12
58.675	1.59162e-12
58.68	1.819e-12
58.685	1.13688e-12
58.69	1.13688e-12
58.695	2.27375e-12
58.7	2.95587e-12
58.705	2.27375e-12
58.71	1.59162e-12
58.715	2.27375e-12
58.72	2.27375e-12
58.725	2.50112e-12
58.73	1.819e-12
58.735	2.04638e-12
58.74	2.95587e-12
58.745	3.41062e-12
58.75	2.95587e-12
58.755	3.41062e-12
58.76	3.63801e-12
58.765	2.04638e-12
58.77	2.95587e-12
58.775	2.7285e-12
58.78	3.63801e-12
58.785	3.63801e-12
58.79	3.86538e-12
58.795	2.95587e-12
58.8	2.95587e-12
58.805	2.50112e-12
58.81	2.7285e-12
58.815	2.50112e-12
58.82	2.50112e-12
58.825	1.819e-12
58.83	2.04638e-12
58.835	2.27375e-12
58.84	2.27375e-12
58.845	2.27375e-12
58.85	1.819e-12
58.855	1.59162e-12
58.86	1.36425e-12
58.865	9.09502e-13
58.87	-2.27375e-13
58.875	4.54751e-13
58.88	9.09502e-13
58.885	6.82124e-13
58.89	1.13688e-12
58.895	4.54751e-13
58.9	0.0
58.905	4.54751e-13
58.91	0.0
58.915	0.0
58.92	6.82124e-13
58.925	1.13688e-12
58.93	6.82124e-13
58.935	0.0
58.94	4.54751e-13
58.945	6.82124e-13
58.95	1.13688e-12
58.955	1.13688e-12
58.96	4.54751e-13
58.965	1.36425e-12
58.97	1.36425e-12
58.975	9.09502e-13
58.98	1.13688e-12
58.985	1.13688e-12
58.99	9.09502e-13
58.995	1.13688e-12
59.0	1.13688e-12
59.005	1.36425e-12
59.01	6.82124e-13
59.015	1.819e-12
59.02	1.819e-12
59.025	1.13688e-12
59.03	1.13688e-12
59.035	1.13688e-12
59.04	1.819e-12
59.045	4.54751e-13
59.05	1.36425e-12
59.055	1.36425e-12
59.06	1.13688e-12
59.065	1.36425e-12
59.07	1.36425e-12
59.075	9.09502e-13
59.08	6.82124e-13
59.085	4.54751e-13
59.09	9.09502e-13
59.095	1.13688e-12
59.1	1.13688e-12
59.105	6.82124e-13
59.11	1.13688e-12
59.115	1.819e-12
59.12	1.819e-12
59.125	1.13688e-12
59.13	1.819e-12
59.135	1.819e-12
59.14	1.36425e-12
59.145	9.09502e-13
59.15	9.09502e-13
59.155	2.04638e-12
59.16	1.819e-12
59.165	1.13688e-12
59.17	1.59162e-12
59.175	2.27375e-12
59.18	2.27375e-12
59.185	2.04638e-12
59.19	2.27375e-12
59.195	2.04638e-12
59.2	1.819e-12
59.205	1.36425e-12
59.21	2.27375e-12
59.215	1.36425e-12
59.22	1.36425e-12
59.225	1.59162e-12
59.23	1.59162e-12
59.235	2.04638e-12
59.24	2.27375e-12
59.245	2.27375e-12
59.25	1.819e-12
59.255	2.04638e-12
59.26	2.04638e-12
59.265	1.59162e-12
59.27	2.04638e-12
59.275	1.819e-12
59.28	2.04638e-12
59.285	1.819e-12
59.29	1.13688e-12
59.295	4.54751e-13
59.3	1.13688e-12
59.305	1.59162e-12
59.31	1.36425e-12
59.315	1.13688e-12
59.32	9.09502e-13
59.325	4.54751e-13
59.33	9.09502e-13
59.335	1.13688e-12
59.34	4.54751e-13
59.345	2.27375e-13
59.35	0.0
59.355	4.54751e-13
59.36	2.27375e-13
59.365	-6.82124e-13
59.37	-9.09502e-13
59.375	-6.82124e-13
59.38	2.27375e-13
59.385	-4.54751e-13
59.39	-1.36425e-12
59.395	-1.36425e-12
59.4	-1.36425e-12
59.405	-2.04638e-12
59.41	-1.36425e-12
59.415	-1.819e-12
59.42	-1.59162e-12
59.425	-1.36425e-12
59.43	-9.09502e-13
59.435	-6.82124e-13
59.44	-9.09502e-13
59.445	-1.36425e-12
59.45	-2.50112e-12
59.455	-2.04638e-12
59.46	-1.36425e-12
59.465	-9.09502e-13
59.47	-1.36425e-12
59.475	-1.13688e-12
59.48	-1.36425e-12
59.485	-1.36425e-12
59.49	-2.27375e-13
59.495	-1.36425e-12
59.5	-1.13688e-12
59.505	-1.13688e-12
59.51	-6.82124e-13
59.515	-1.13688e-12
59.52	-1.819e-12
59.525	-2.04638e-12
59.53	-1.819e-12
59.535	-4.54751e-13
59.54	-1.819e-12
59.545	-1.13688e-12
59.55	-1.13688e-12
59.555	-1.59162e-12
59.56	-1.36425e-12
59.565	-1.13688e-12
59.57	-1.13688e-12
59.575	-1.13688e-12
59.58	-1.36425e-12
59.585	-1.819e-12
59.59	-1.13688e-12
59.595	-9.09502e-13
59.6	-1.36425e-12
59.605	-1.36425e-12
59.61	-6.82124e-13
59.615	-1.36425e-12
59.62	-1.13688e-12
59.625	-1.13688e-12
59.63	-1.59162e-12
59.635	-2.27375e-13
59.64	-1.36425e-12
59.645	-4.54751e-13
59.65	-1.13688e-12
59.655	-6.82124e-13
59.66	-9.09502e-13
59.665	-9.09502e-13
59.67	-4.54751e-13
59.675	-6.82124e-13
59.68	-6.82124e-13
59.685	-6.82124e-13
59.69	-6.82124e-13
59.695	-6.82124e-13
59.7	-6.82124e-13
59.705	-2.27375e-13
59.71	-2.27375e-13
59.715	-2.27375e-13
59.72	-9.09502e-13
59.725	-6.82124e-13
59.73	-4.54751e-13
59.735	-4.54751e-13
59.74	0.0
59.745	2.27375e-13
59.75	-6.82124e-13
59.755	-4.54751e-13
59.76	0.0
59.765	-6.82124e-13
59.77	-6.82124e-13
59.775	-4.54751e-13
59.78	-2.27375e-13
59.785	-9.09502e-13
59.79	-4.54751e-13
59.795	-6.82124e-13
59.8	-4.54751e-13
59.805	4.54751e-13
59.81	-6.82124e-13
59.815	-4.54751e-13
59.82	-4.54751e-13
59.825	-4.54751e-13
59.83	0.0
59.835	-6.82124e-13
59.84	0.0
59.845	-9.09502e-13
59.85	-2.27375e-13
59.855	-6.82124e-13
59.86	-1.13688e-12
59.865	0.0
59.87	-4.54751e-13
59.875	-6.82124e-13
59.88	4.54751e-13
59.885	-2.27375e-13
59.89	-4.54751e-13
59.895	-4.54751e-13
59.9	2.27375e-13
59.905	-6.82124e-13
59.91	-1.13688e-12
59.915	2.27375e-13
59.92	0.0
59.925	0.0
59.93	2.27375e-13
59.935	-1.36425e-12
59.94	-6.82124e-13
59.945	0.0
59.95	0.0
59.955	2.27375e-13
59.96	-4.54751e-13
59.965	-4.54751e-13
59.97	-6.82124e-13
59.975	0.0
59.98	-2.27375e-13
59.985	9.09502e-13
59.99	0.0
59.995	0.0
60.0	0.0
60.005	0.0
60.01	4.54751e-13
60.015	0.0
60.02	0.0
60.025	0.0
60.03	-2.27375e-13
60.035	-4.54751e-13
60.04	-2.27375e-13
60.045	6.82124e-13
60.05	0.0
60.055	-6.82124e-13
60.06	-9.09502e-13
60.065	-9.09502e-13
60.07	-2.27375e-13
60.075	0.0
60.08	-2.27375e-13
60.085	2.27375e-13
60.09	4.54751e-13
60.095	0.0
60.1	-2.27375e-13
60.105	2.27375e-13
60.11	-4.54751e-13
60.115	2.27375e-13
60.12	0.0
60.125	2.27375e-13
60.13	4.54751e-13
60.135	1.13688e-12
60.14	0.0
60.145	0.0
60.15	-6.82124e-13
60.155	4.54751e-13
60.16	6.82124e-13
60.165	0.0
60.17	0.0
60.175	9.09502e-13
60.18	0.0
60.185	0.0
60.19	4.54751e-13
60.195	0.0
60.2	0.0
60.205	-4.54751e-13
60.21	0.0
60.215	-2.27375e-13
60.22	-2.27375e-13
60.225	6.82124e-13
60.23	0.0
60.235	0.0
60.24	2.27375e-13
60.245	0.0
60.25	0.0
60.255	4.54751e-13
60.26	0.0
60.265	-6.82124e-13
60.27	0.0
60.275	4.54751e-13
60.28	4.54751e-13
60.285	4.54751e-13
60.29	6.82124e-13
60.295	0.0
60.3	0.0
60.305	6.82124e-13
60.31	-2.27375e-13
60.315	4.54751e-13
60.32	9.09502e-13
60.325	0.0
60.33	4.54751e-13
60.335	9.09502e-13
60.34	6.82124e-13
60.345	0.0
60.35	4.54751e-13
60.355	2.27375e-13
60.36	9.09502e-13
60.365	4.54751e-13
60.37	4.54751e-13
60.375	-4.54751e-13
60.38	0.0
60.385	4.54751e-13
60.39	2.27375e-13
60.395	2.27375e-13
60.4	2.27375e-13
60.405	0.0
60.41	9.09502e-13
60.415	4.54751e-13
60.42	4.54751e-13
60.425	6.82124e-13
60.43	2.27375e-13
60.435	1.13688e-12
60.44	4.54751e-13
60.445	4.54751e-13
60.45	4.54751e-13
60.455	6.82124e-13
60.46	6.82124e-13
60.465	9.09502e-13
60.47	1.13688e-12
60.475	9.09502e-13
60.48	1.13688e-12
60.485	0.0
60.49	2.27375e-13
60.495	9.09502e-13
60.5	6.82124e-13
60.505	2.27375e-13
60.51	0.0
60.515	4.54751e-13
60.52	4.54751e-13
60.525	2.27375e-13
60.53	0.0
60.535	2.27375e-13
60.54	1.36425e-12
60.545	1.13688e-12
60.55	4.54751e-13
60.555	4.54751e-13
60.56	2.27375e-13
60.565	0.0
60.57	4.54751e-13
60.575	4.54751e-13
60.58	4.54751e-13
60.585	-2.27375e-13
60.59	-4.54751e-13
60.595	0.0
60.6	4.54751e-13
60.605	1.13688e-12
60.61	4.54751e-13
60.615	4.54751e-13
60.62	2.27375e-13
60.625	2.27375e-13
60.63	2.27375e-13
60.635	4.54751e-13
60.64	4.54751e-13
60.645	4.54751e-13
60.65	4.54751e-13
60.655	2.27375e-13
60.66	2.27375e-13
60.665	6.82124e-13
60.67	-4.54751e-13
60.675	0.0
60.68	0.0
60.685	2.27375e-13
60.69	0.0
60.695	-2.27375e-13
60.7	-2.27375e-13
60.705	0.0
60.71	-4.54751e-13
60.715	-4.54751e-13
60.72	-4.54751e-13
60.725	-2.27375e-13
60.73	-6.82124e-13
60.735	0.0
60.74	0.0
60.745	2.27375e-13
60.75	-4.54751e-13
60.755	-6.82124e-13
60.76	-4.54751e-13
60.765	-2.27375e-13
60.77	0.0
60.775	-6.82124e-13
60.78	-9.09502e-13
60.785	0.0
60.79	0.0
60.795	0.0
60.8	-2.27375e-13
60.805	0.0
60.81	1.13688e-12
60.815	9.09502e-13
60.82	0.0
60.825	9.09502e-13
60.83	6.82124e-13
60.835	9.09502e-13
60.84	1.13688e-12
60.845	1.36425e-12
60.85	1.36425e-12
60.855	1.36425e-12
60.86	1.819e-12
60.865	1.36425e-12
60.87	1.59162e-12
60.875	2.27375e-12
60.88	9.09502e-13
60.885	1.13688e-12
60.89	1.13688e-12
60.895	9.09502e-13
60.9	1.819e-12
60.905	1.36425e-12
60.91	1.13688e-12
60.915	1.36425e-12
60.92	1.36425e-12
60.925	1.13688e-12
60.93	4.54751e-13
60.935	9.09502e-13
60.94	4.54751e-13
60.945	4.54751e-13
60.95	6.82124e-13
60.955	4.54751e-13
60.96	6.82124e-13
60.965	2.27375e-13
60.97	0.0
60.975	0.0
60.98	0.0
60.985	6.82124e-13
60.99	1.13688e-12
60.995	1.13688e-12
61.0	-6.82124e-13
61.005	4.54751e-13
61.01	0.0
61.015	2.27375e-13
61.02	4.54751e-13
61.025	4.54751e-13
61.03	2.27375e-13
61.035	0.0
61.04	-2.27375e-13
61.045	4.54751e-13
61.05	4.54751e-13
61.055	6.82124e-13
61.06	0.0
61.065	2.27375e-13
61.07	4.54751e-13
61.075	9.09502e-13
61.08	9.09502e-13
61.085	1.13688e-12
61.09	1.13688e-12
61.095	9.09502e-13
61.1	0.0
61.105	6.82124e-13
61.11	6.82124e-13
61.115	4.54751e-13
61.12	4.54751e-13
61.125	4.54751e-13
61.13	4.54751e-13
61.135	4.54751e-13
61.14	0.0
61.145	4.54751e-13
61.15	-2.27375e-13
61.155	-6.82124e-13
61.16	-4.54751e-13
61.165	0.0
61.17	4.54751e-13
61.175	0.0
61.18	-6.82124e-13
61.185	4.54751e-13
61.19	2.27375e-13
61.195	0.0
61.2	0.0
61.205	2.27375e-13
61.21	1.13688e-12
61.215	4.54751e-13
61.22	4.54751e-13
61.225	9.09502e-13
61.23	2.27375e-13
61.235	4.54751e-13
61.24	4.54751e-13
61.245	-2.27375e-13
61.25	9.09502e-13
61.255	4.54751e-13
61.26	6.82124e-13
61.265	9.09502e-13
61.27	9.09502e-13
61.275	4.54751e-13
61.28	6.82124e-13
61.285	4.54751e-13
61.29	6.82124e-13
61.295	1.13688e-12
61.3	9.09502e-13
61.305	9.09502e-13
61.31	1.59162e-12
61.315	1.36425e-12
61.32	1.819e-12
61.325	1.59162e-12
61.33	6.82124e-13
61.335	9.09502e-13
61.34	9.09502e-13
61.345	6.82124e-13
61.35	6.82124e-13
61.355	6.82124e-13
61.36	2.27375e-13
61.365	1.13688e-12
61.37	1.13688e-12
61.375	1.13688e-12
61.38	1.13688e-12
61.385	9.09502e-13
61.39	4.54751e-13
61.395	9.09502e-13
61.4	6.82124e-13
61.405	1.59162e-12
61.41	1.13688e-12
61.415	1.13688e-12
61.42	1.13688e-12
61.425	1.13688e-12
61.43	9.09502e-13
61.435	1.36425e-12
61.44	1.13688e-12
61.445	4.54751e-13
61.45	9.09502e-13
61.455	9.09502e-13
61.46	4.54751e-13
61.465	1.36425e-12
61.47	1.36425e-12
61.475	1.36425e-12
61.48	9.09502e-13
61.485	1.13688e-12
61.49	6.82124e-13
61.495	1.13688e-12
61.5	9.09502e-13
61.505	9.09502e-13
61.51	9.09502e-13
61.515	1.13688e-12
61.52	1.13688e-12
61.525	1.13688e-12
61.53	9.09502e-13
61.535	1.13688e-12
61.54	1.13688e-12
61.545	6.82124e-13
61.55	1.13688e-12
61.555	4.54751e-13
61.56	4.54751e-13
61.565	6.82124e-13
61.57	9.09502e-13
61.575	2.27375e-13
61.58	4.54751e-13
61.585	1.13688e-12
61.59	4.54751e-13
61.595	2.27375e-13
61.6	4.54751e-13
61.605	4.54751e-13
61.61	4.54751e-13
61.615	6.82124e-13
61.62	4.54751e-13
61.625	4.54751e-13
61.63	-2.27375e-13
61.635	4.54751e-13
61.64	6.82124e-13
61.645	-6.82124e-13
61.65	0.0
61.655	0.0
61.66	0.0
61.665	4.54751e-13
61.67	0.0
61.675	-2.27375e-13
61.68	2.27375e-13
61.685	4.54751e-13
61.69	0.0
61.695	4.54751e-13
61.7	0.0
61.705	4.54751e-13
61.71	4.54751e-13
61.715	4.54751e-13
61.72	2.27375e-13
61.725	6.82124e-13
61.73	6.82124e-13
61.735	4.54751e-13
61.74	0.0
61.745	0.0
61.75	2.27375e-13
61.755	4.54751e-13
61.76	9.09502e-13
61.765	0.0
61.77	9.09502e-13
61.775	4.54751e-13
61.78	4.54751e-13
61.785	0.0
61.79	0.0
61.795	2.27375e-13
61.8	0.0
61.805	4.54751e-13
61.81	2.27375e-13
61.815	0.0
61.82	4.54751e-13
61.825	2.27375e-13
61.83	0.0
61.835	4.54751e-13
61.84	1.13688e-12
61.845	4.54751e-13
61.85	9.09502e-13
61.855	6.82124e-13
61.86	1.36425e-12
61.865	1.13688e-12
61.87	6.82124e-13
61.875	1.13688e-12
61.88	1.13688e-12
61.885	1.59162e-12
61.89	1.819e-12
61.895	1.36425e-12
61.9	1.36425e-12
61.905	1.819e-12
61.91	2.27375e-12
61.915	2.50112e-12
61.92	1.59162e-12
61.925	2.27375e-12
61.93	2.27375e-12
61.935	2.27375e-12
61.94	2.95587e-12
61.945	2.27375e-12
61.95	2.95587e-12
61.955	2.7285e-12
61.96	2.27375e-12
61.965	2.95587e-12
61.97	2.95587e-12
61.975	2.95587e-12
61.98	3.18325e-12
61.985	2.95587e-12
61.99	3.63801e-12
61.995	4.32013e-12
62.0	3.63801e-12
62.005	3.86538e-12
62.01	4.5475e-12
62.015	4.77487e-12
62.02	4.32013e-12
62.025	4.77487e-12
62.03	4.77487e-12
62.035	5.22962e-12
62.04	5.22962e-12
62.045	4.77487e-12
62.05	4.32013e-12
62.055	4.77487e-12
62.06	4.5475e-12
62.065	4.32013e-12
62.07	4.77487e-12
62.075	4.32013e-12
62.08	4.09275e-12
62.085	3.63801e-12
62.09	3.63801e-12
62.095	3.86538e-12
62.1	2.95587e-12
62.105	2.04638e-12
62.11	1.36425e-12
62.115	6.82124e-13
62.12	-2.27375e-13
62.125	0.0
62.13	-1.36425e-12
62.135	-2.7285e-12
62.14	-4.5475e-12
62.145	-5.22962e-12
62.15	-6.59386e-12
62.155	-8.18551e-12
62.16	-9.54975e-12
62.165	-1.0914e-11
62.17	-1.38698e-11
62.175	-1.61436e-11
62.18	-1.79626e-11
62.185	-2.0009e-11
62.19	-2.1828e-11
62.195	-2.41017e-11
62.2	-2.63755e-11
62.205	-2.93314e-11
62.21	-3.20599e-11
62.215	-3.43336e-11
62.22	-3.638e-11
62.225	-3.93359e-11
62.23	-4.25191e-11
62.235	-4.43381e-11
62.24	-4.70666e-11
62.245	-4.97951e-11
62.25	-5.22962e-11
62.255	-5.32057e-11
62.26	-5.57068e-11
62.265	-5.7071e-11
62.27	-5.75258e-11
62.275	-5.88902e-11
62.28	-5.91176e-11
62.285	-5.86629e-11
62.29	-5.82081e-11
62.295	-5.79805e-11
62.3	-5.63889e-11
62.305	-5.54794e-11
62.31	-5.25235e-11
62.315	-4.91129e-11
62.32	-4.57023e-11
62.325	-4.16096e-11
62.33	-3.56979e-11
62.335	-3.06957e-11
62.34	-2.31922e-11
62.345	-1.6371e-11
62.35	-9.54975e-12
62.355	-6.82124e-13
62.36	7.50339e-12
62.365	1.70531e-11
62.37	2.68302e-11
62.375	3.77443e-11
62.38	4.75213e-11
62.385	5.86629e-11
62.39	6.98042e-11
62.395	8.04907e-11
62.4	9.18594e-11
62.405	1.03228e-10
62.41	1.14597e-10
62.415	1.24374e-10
62.42	1.33697e-10
62.425	1.42109e-10
62.43	1.50977e-10
62.435	1.58935e-10
62.44	1.65302e-10
62.445	1.70531e-10
62.45	1.73487e-10
62.455	1.75761e-10
62.46	1.76443e-10
62.465	1.75988e-10
62.47	1.74624e-10
62.475	1.68257e-10
62.48	1.62346e-10
62.485	1.54615e-10
62.49	1.45293e-10
62.495	1.32105e-10
62.5	1.20054e-10
62.505	1.04138e-10
62.51	8.84488e-11
62.515	7.20779e-11
62.52	5.25235e-11
62.525	3.38789e-11
62.53	1.34151e-11
62.535	-8.18551e-12
62.54	-2.93314e-11
62.545	-5.02498e-11
62.55	-6.9122e-11
62.555	-9.04952e-11
62.56	-1.08003e-10
62.565	-1.24829e-10
62.57	-1.40518e-10
62.575	-1.56207e-10
62.58	-1.68712e-10
62.585	-1.76898e-10
62.59	-1.85538e-10
62.595	-1.91677e-10
62.6	-1.93951e-10
62.605	-1.93041e-10
62.61	-1.91677e-10
62.615	-1.8622e-10
62.62	-1.77352e-10
62.625	-1.69622e-10
62.63	-1.56661e-10
62.635	-1.41427e-10
62.64	-1.24374e-10
62.645	-1.05047e-10
62.65	-8.66298e-11
62.655	-6.73031e-11
62.66	-4.75213e-11
62.665	-2.56933e-11
62.67	-4.32013e-12
62.675	1.50068e-11
62.68	3.47884e-11
62.685	5.41152e-11
62.69	7.04863e-11
62.695	8.59477e-11
62.7	9.84532e-11
62.705	1.08003e-10
62.71	1.16644e-10
62.715	1.21646e-10
62.72	1.24602e-10
62.725	1.24602e-10
62.73	1.20509e-10
62.735	1.15734e-10
62.74	1.08912e-10
62.745	9.84532e-11
62.75	8.79941e-11
62.755	7.50338e-11
62.76	6.00271e-11
62.765	4.47928e-11
62.77	2.93314e-11
62.775	1.34151e-11
62.78	-2.04638e-12
62.785	-1.70531e-11
62.79	-3.22873e-11
62.795	-4.61571e-11
62.8	-5.72984e-11
62.805	-6.63936e-11
62.81	-7.57159e-11
62.815	-8.25371e-11
62.82	-8.68572e-11
62.825	-8.93583e-11
62.83	-9.07225e-11
62.835	-9.00404e-11
62.84	-8.68572e-11
62.845	-8.23097e-11
62.85	-7.59433e-11
62.855	-6.77578e-11
62.86	-5.97997e-11
62.865	-5.18414e-11
62.87	-4.25191e-11
62.875	-3.2742e-11
62.88	-2.3647e-11
62.885	-1.4552e-11
62.89	-5.68437e-12
62.895	2.04638e-12
62.9	8.64026e-12
62.905	1.52341e-11
62.91	2.04637e-11
62.915	2.43291e-11
62.92	2.77397e-11
62.925	2.91041e-11
62.93	3.00135e-11
62.935	2.95588e-11
62.94	2.93314e-11
62.945	2.79671e-11
62.95	2.47838e-11
62.955	2.20554e-11
62.96	1.90995e-11
62.965	1.59163e-11
62.97	1.20509e-11
62.975	9.32238e-12
62.98	6.82124e-12
62.985	3.41062e-12
62.99	1.819e-12
62.995	-1.36425e-12
63.0	-2.7285e-12
63.005	-3.63801e-12
63.01	-4.5475e-12
63.015	-5.22962e-12
63.02	-5.457e-12
63.025	-5.457e-12
63.03	-4.77487e-12
63.035	-4.5475e-12
63.04	-3.86538e-12
63.045	-2.50112e-12
63.05	-2.27375e-12
63.055	-1.36425e-12
63.06	2.27375e-13
63.065	1.819e-12
63.07	2.50112e-12
63.075	2.7285e-12
63.08	3.18325e-12
63.085	3.63801e-12
63.09	5.22962e-12
63.095	6.36649e-12
63.1	6.59386e-12
63.105	7.04861e-12
63.11	7.95813e-12
63.115	8.64026e-12
63.12	7.95813e-12
63.125	9.095e-12
63.13	1.00045e-11
63.135	1.13687e-11
63.14	1.11414e-11
63.145	1.18235e-11
63.15	1.22782e-11
63.155	1.2733e-11
63.16	1.22782e-11
63.165	1.34151e-11
63.17	1.29604e-11
63.175	1.20509e-11
63.18	1.20509e-11
63.185	1.0914e-11
63.19	9.77712e-12
63.195	9.77712e-12
63.2	7.95813e-12
63.205	6.59386e-12
63.21	5.91174e-12
63.215	4.32013e-12
63.22	3.63801e-12
63.225	1.819e-12
63.23	6.82124e-13
63.235	0.0
63.24	-2.27375e-13
63.245	-1.36425e-12
63.25	-1.819e-12
63.255	-2.7285e-12
63.26	-2.7285e-12
63.265	-2.04638e-12
63.27	-2.50112e-12
63.275	-2.04638e-12
63.28	-2.7285e-12
63.285	-2.27375e-12
63.29	-1.59162e-12
63.295	-1.36425e-12
63.3	-1.36425e-12
63.305	4.54751e-13
63.31	0.0
63.315	2.27375e-13
63.32	6.82124e-13
63.325	1.59162e-12
63.33	2.50112e-12
63.335	2.27375e-12
63.34	2.95587e-12
63.345	3.63801e-12
63.35	3.63801e-12
63.355	3.41062e-12
63.36	2.27375e-12
63.365	3.63801e-12
63.37	3.63801e-12
63.375	3.63801e-12
63.38	3.63801e-12
63.385	3.63801e-12
63.39	3.86538e-12
63.395	3.41062e-12
63.4	4.09275e-12
63.405	4.5475e-12
63.41	4.5475e-12
63.415	4.32013e-12
63.42	3.41062e-12
63.425	3.18325e-12
63.43	2.7285e-12
63.435	2.04638e-12
63.44	2.27375e-12
63.445	2.50112e-12
63.45	2.27375e-12
63.455	2.7285e-12
63.46	1.819e-12
63.465	1.36425e-12
63.47	1.59162e-12
63.475	1.59162e-12
63.48	1.819e-12
63.485	1.13688e-12
63.49	6.82124e-13
63.495	2.27375e-13
63.5	-2.27375e-13
63.505	6.82124e-13
63.51	6.82124e-13
63.515	1.819e-12
63.52	1.59162e-12
63.525	1.36425e-12
63.53	1.36425e-12
63.535	1.36425e-12
63.54	1.819e-12
63.545	1.13688e-12
63.55	2.27375e-12
63.555	2.7285e-12
63.56	2.50112e-12
63.565	1.59162e-12
63.57	2.04638e-12
63.575	1.819e-12
63.58	2.95587e-12
63.585	2.95587e-12
63.59	2.50112e-12
63.595	2.50112e-12
63.6	2.27375e-12
63.605	3.41062e-12
63.61	3.63801e-12
63.615	3.18325e-12
63.62	3.86538e-12
63.625	3.63801e-12
63.63	4.32013e-12
63.635	3.63801e-12
63.64	3.63801e-12
63.645	4.09275e-12
63.65	3.63801e-12
63.655	4.09275e-12
63.66	4.32013e-12
63.665	3.63801e-12
63.67	4.09275e-12
63.675	3.63801e-12
63.68	3.63801e-12
63.685	2.95587e-12
63.69	3.63801e-12
63.695	2.95587e-12
63.7	3.18325e-12
63.705	2.95587e-12
63.71	2.04638e-12
63.715	2.04638e-12
63.72	2.27375e-12
63.725	1.819e-12
63.73	1.13688e-12
63.735	1.13688e-12
63.74	9.09502e-13
63.745	2.27375e-13
63.75	6.82124e-13
63.755	2.27375e-13
63.76	4.54751e-13
63.765	-2.27375e-13
63.77	0.0
63.775	-6.82124e-13
63.78	-4.54751e-13
63.785	0.0
63.79	-2.27375e-13
63.795	-1.13688e-12
63.8	-9.09502e-13
63.805	-9.09502e-13
63.81	-2.27375e-13
63.815	-4.54751e-13
63.82	0.0
63.825	4.54751e-13
63.83	0.0
63.835	0.0
63.84	0.0
63.845	4.54751e-13
63.85	4.54751e-13
63.855	6.82124e-13
63.86	2.27375e-13
63.865	9.09502e-13
63.87	1.13688e-12
63.875	1.59162e-12
63.88	1.819e-12
63.885	1.819e-12
63.89	1.13688e-12
63.895	1.819e-12
63.9	9.09502e-13
63.905	1.13688e-12
63.91	1.13688e-12
63.915	4.54751e-13
63.92	9.09502e-13
63.925	4.54751e-13
63.93	9.09502e-13
63.935	4.54751e-13
63.94	-9.09502e-13
63.945	-6.82124e-13
63.95	-1.36425e-12
63.955	-4.54751e-13
63.96	-6.82124e-13
63.965	-1.59162e-12
63.97	-2.50112e-12
63.975	-2.27375e-12
63.98	-2.27375e-12
63.985	-3.18325e-12
63.99	-3.63801e-12
63.995	-3.41062e-12
64.0	-3.86538e-12
64.005	-4.77487e-12
64.01	-5.00225e-12
64.015	-5.00225e-12
64.02	-5.00225e-12
64.025	-5.457e-12
64.03	-5.91174e-12
64.035	-6.36649e-12
64.04	-6.59386e-12
64.045	-5.68437e-12
64.05	-6.13912e-12
64.055	-6.13912e-12
64.06	-6.36649e-12
64.065	-6.82124e-12
64.07	-6.82124e-12
64.075	-6.36649e-12
64.08	-6.36649e-12
64.085	-5.91174e-12
64.09	-5.68437e-12
64.095	-5.91174e-12
64.1	-5.68437e-12
64.105	-5.00225e-12
64.11	-5.00225e-12
64.115	-4.77487e-12
64.12	-4.77487e-12
64.125	-4.5475e-12
64.13	-4.09275e-12
64.135	-3.86538e-12
64.14	-3.41062e-12
64.145	-3.63801e-12
64.15	-3.63801e-12
64.155	-3.18325e-12
64.16	-2.50112e-12
64.165	-1.59162e-12
64.17	-2.04638e-12
64.175	-2.27375e-12
64.18	-2.04638e-12
64.185	-1.13688e-12
64.19	-1.36425e-12
64.195	-6.82124e-13
64.2	0.0
64.205	-2.27375e-13
64.21	-2.27375e-13
64.215	0.0
64.22	2.27375e-13
64.225	4.54751e-13
64.23	-2.27375e-13
64.235	4.54751e-13
64.24	0.0
64.245	1.13688e-12
64.25	4.54751e-13
64.255	6.82124e-13
64.26	1.36425e-12
64.265	1.13688e-12
64.27	1.36425e-12
64.275	1.819e-12
64.28	2.27375e-12
64.285	2.27375e-12
64.29	2.27375e-12
64.295	1.819e-12
64.3	1.819e-12
64.305	2.95587e-12
64.31	2.95587e-12
64.315	3.18325e-12
64.32	2.95587e-12
64.325	3.63801e-12
64.33	3.86538e-12
64.335	4.09275e-12
64.34	4.32013e-12
64.345	3.63801e-12
64.35	3.41062e-12
64.355	2.27375e-12
64.36	2.50112e-12
64.365	3.18325e-12
64.37	3.18325e-12
64.375	2.95587e-12
64.38	2.27375e-12
64.385	2.27375e-12
64.39	1.13688e-12
64.395	1.59162e-12
64.4	9.09502e-13
64.405	6.82124e-13
64.41	4.54751e-13
64.415	-2.27375e-13
64.42	0.0
64.425	0.0
64.43	-4.54751e-13
64.435	-4.54751e-13
64.44	-6.82124e-13
64.445	-1.36425e-12
64.45	-1.36425e-12
64.455	-9.09502e-13
64.46	-1.36425e-12
64.465	-1.13688e-12
64.47	-6.82124e-13
64.475	-2.27375e-13
64.48	-9.09502e-13
64.485	-6.82124e-13
64.49	-6.82124e-13
64.495	-6.82124e-13
64.5	-2.27375e-13
64.505	0.0
64.51	2.27375e-13
64.515	-2.27375e-13
64.52	2.27375e-13
64.525	4.54751e-13
64.53	4.54751e-13
64.535	-2.27375e-13
64.54	6.82124e-13
64.545	1.13688e-12
64.55	6.82124e-13
64.555	4.54751e-13
64.56	9.09502e-13
64.565	9.09502e-13
64.57	1.13688e-12
64.575	1.819e-12
64.58	2.50112e-12
64.585	2.04638e-12
64.59	1.819e-12
64.595	2.04638e-12
64.6	2.27375e-12
64.605	1.13688e-12
64.61	1.59162e-12
64.615	1.819e-12
64.62	1.59162e-12
64.625	1.819e-12
64.63	2.04638e-12
64.635	2.27375e-12
64.64	2.27375e-12
64.645	2.50112e-12
64.65	3.18325e-12
64.655	2.95587e-12
64.66	2.27375e-12
64.665	2.04638e-12
64.67	1.819e-12
64.675	2.27375e-12
64.68	2.27375e-12
64.685	2.04638e-12
64.69	2.04638e-12
64.695	1.819e-12
64.7	1.36425e-12
64.705	1.819e-12
64.71	1.819e-12
64.715	1.36425e-12
64.72	2.27375e-12
64.725	1.59162e-12
64.73	6.82124e-13
64.735	1.13688e-12
64.74	4.54751e-13
64.745	0.0
64.75	4.54751e-13
64.755	4.54751e-13
64.76	0.0
64.765	-4.54751e-13
64.77	-2.27375e-13
64.775	-9.09502e-13
64.78	-1.36425e-12
64.785	-1.36425e-12
64.79	-1.59162e-12
64.795	-1.819e-12
64.8	-1.36425e-12
64.805	-2.27375e-12
64.81	-2.7285e-12
64.815	-2.7285e-12
64.82	-2.04638e-12
64.825	-2.27375e-12
64.83	-2.95587e-12
64.835	-2.50112e-12
64.84	-2.50112e-12
64.845	-2.27375e-12
64.85	-2.50112e-12
64.855	-3.18325e-12
64.86	-3.18325e-12
64.865	-2.50112e-12
64.87	-2.7285e-12
64.875	-2.50112e-12
64.88	-2.04638e-12
64.885	-2.04638e-12
64.89	-1.13688e-12
64.895	-1.36425e-12
64.9	-9.09502e-13
64.905	-1.36425e-12
64.91	0.0
64.915	2.27375e-13
64.92	-6.82124e-13
64.925	4.54751e-13
64.93	-4.54751e-13
64.935	4.54751e-13
64.94	2.27375e-13
64.945	6.82124e-13
64.95	6.82124e-13
64.955	0.0
64.96	6.82124e-13
64.965	4.54751e-13
64.97	2.27375e-13
64.975	4.54751e-13
64.98	2.27375e-13
64.985	0.0
64.99	0.0
64.995	0.0
65.0	0.0
65.005	6.82124e-13
65.01	-6.82124e-13
65.015	-6.82124e-13
65.02	-2.27375e-13
65.025	-6.82124e-13
65.03	-4.54751e-13
65.035	-4.54751e-13
65.04	0.0
65.045	-4.54751e-13
65.05	-6.82124e-13
65.055	-2.27375e-13
65.06	4.54751e-13
65.065	0.0
65.07	9.09502e-13
65.075	9.09502e-13
65.08	2.27375e-13
65.085	9.09502e-13
65.09	1.36425e-12
65.095	4.54751e-13
65.1	1.13688e-12
65.105	1.13688e-12
65.11	2.04638e-12
65.115	2.27375e-12
65.12	1.819e-12
65.125	1.819e-12
65.13	1.13688e-12
65.135	1.819e-12
65.14	2.04638e-12
65.145	1.819e-12
65.15	2.27375e-12
65.155	2.50112e-12
65.16	1.819e-12
65.165	2.27375e-12
65.17	2.50112e-12
65.175	1.59162e-12
65.18	1.59162e-12
65.185	2.27375e-12
65.19	2.27375e-12
65.195	2.27375e-12
65.2	2.95587e-12
65.205	2.95587e-12
65.21	2.7285e-12
65.215	2.50112e-12
65.22	2.7285e-12
65.225	2.50112e-12
65.23	2.95587e-12
65.235	2.95587e-12
65.24	2.95587e-12
65.245	3.41062e-12
65.25	2.95587e-12
65.255	2.95587e-12
65.26	2.7285e-12
65.265	2.95587e-12
65.27	3.18325e-12
65.275	2.27375e-12
65.28	2.27375e-12
65.285	2.04638e-12
65.29	2.27375e-12
65.295	2.27375e-12
65.3	1.36425e-12
65.305	1.13688e-12
65.31	9.09502e-13
65.315	6.82124e-13
65.32	2.27375e-13
65.325	4.54751e-13
65.33	9.09502e-13
65.335	6.82124e-13
65.34	4.54751e-13
65.345	0.0
65.35	2.27375e-13
65.355	9.09502e-13
65.36	1.819e-12
65.365	1.13688e-12
65.37	1.36425e-12
65.375	9.09502e-13
65.38	9.09502e-13
65.385	1.36425e-12
65.39	1.13688e-12
65.395	1.13688e-12
65.4	1.59162e-12
65.405	1.36425e-12
65.41	1.13688e-12
65.415	1.13688e-12
65.42	1.819e-12
65.425	1.13688e-12
65.43	1.819e-12
65.435	1.36425e-12
65.44	1.36425e-12
65.445	6.82124e-13
65.45	4.54751e-13
65.455	4.54751e-13
65.46	9.09502e-13
65.465	2.27375e-13
65.47	2.27375e-13
65.475	2.27375e-13
65.48	2.27375e-13
65.485	0.0
65.49	-6.82124e-13
65.495	-2.27375e-13
65.5	-1.13688e-12
65.505	-1.13688e-12
65.51	-1.36425e-12
65.515	-2.04638e-12
65.52	-1.59162e-12
65.525	-1.819e-12
65.53	-2.04638e-12
65.535	-1.59162e-12
65.54	-1.819e-12
65.545	-1.59162e-12
65.55	-2.27375e-12
65.555	-1.59162e-12
65.56	-2.04638e-12
65.565	-2.7285e-12
65.57	-2.27375e-12
65.575	-3.18325e-12
65.58	-2.50112e-12
65.585	-2.50112e-12
65.59	-2.27375e-12
65.595	-2.04638e-12
65.6	-2.50112e-12
65.605	-1.819e-12
65.61	-1.59162e-12
65.615	-1.59162e-12
65.62	-2.04638e-12
65.625	-6.82124e-13
65.63	-6.82124e-13
65.635	-9.09502e-13
65.64	-6.82124e-13
65.645	-2.27375e-13
65.65	0.0
65.655	1.13688e-12
65.66	1.819e-12
65.665	1.13688e-12
65.67	1.819e-12
65.675	2.27375e-12
65.68	2.95587e-12
65.685	2.7285e-12
65.69	2.04638e-12
65.695	2.7285e-12
65.7	2.7285e-12
65.705	2.50112e-12
65.71	2.7285e-12
65.715	3.18325e-12
65.72	2.95587e-12
65.725	3.41062e-12
65.73	3.41062e-12
65.735	2.95587e-12
65.74	2.50112e-12
65.745	2.04638e-12
65.75	2.04638e-12
65.755	1.819e-12
65.76	2.27375e-12
65.765	1.13688e-12
65.77	1.59162e-12
65.775	1.13688e-12
65.78	1.59162e-12
65.785	1.13688e-12
65.79	1.13688e-12
65.795	0.0
65.8	-2.27375e-13
65.805	2.27375e-13
65.81	-1.13688e-12
65.815	-6.82124e-13
65.82	0.0
65.825	-6.82124e-13
65.83	-6.82124e-13
65.835	-6.82124e-13
65.84	-4.54751e-13
65.845	-1.36425e-12
65.85	-1.13688e-12
65.855	-1.59162e-12
65.86	-9.09502e-13
65.865	-6.82124e-13
65.87	0.0
65.875	-4.54751e-13
65.88	-6.82124e-13
65.885	4.54751e-13
65.89	2.27375e-13
65.895	4.54751e-13
65.9	9.09502e-13
65.905	1.13688e-12
65.91	1.59162e-12
65.915	1.819e-12
65.92	2.50112e-12
65.925	1.819e-12
65.93	1.819e-12
65.935	2.7285e-12
65.94	2.95587e-12
65.945	3.41062e-12
65.95	3.86538e-12
65.955	4.09275e-12
65.96	4.5475e-12
65.965	4.32013e-12
65.97	4.77487e-12
65.975	4.32013e-12
65.98	4.32013e-12
65.985	4.77487e-12
65.99	4.09275e-12
65.995	4.32013e-12
66.0	3.63801e-12
66.005	3.86538e-12
66.01	3.86538e-12
66.015	3.41062e-12
66.02	3.63801e-12
66.025	2.7285e-12
66.03	2.50112e-12
66.035	1.819e-12
66.04	2.7285e-12
66.045	1.59162e-12
66.05	1.36425e-12
66.055	6.82124e-13
66.06	4.54751e-13
66.065	4.54751e-13
66.07	1.13688e-12
66.075	4.54751e-13
66.08	4.54751e-13
66.085	-6.82124e-13
66.09	0.0
66.095	-2.27375e-13
66.1	-1.13688e-12
66.105	-4.54751e-13
66.11	-4.54751e-13
66.115	0.0
66.12	-2.27375e-13
66.125	-2.27375e-13
66.13	-9.09502e-13
66.135	-6.82124e-13
66.14	4.54751e-13
66.145	2.27375e-13
66.15	2.27375e-13
66.155	0.0
66.16	4.54751e-13
66.165	4.54751e-13
66.17	4.54751e-13
66.175	6.82124e-13
66.18	9.09502e-13
66.185	9.09502e-13
66.19	4.54751e-13
66.195	1.13688e-12
66.2	9.09502e-13
66.205	2.27375e-13
66.21	1.13688e-12
66.215	1.13688e-12
66.22	9.09502e-13
66.225	9.09502e-13
66.23	4.54751e-13
66.235	6.82124e-13
66.24	1.13688e-12
66.245	1.59162e-12
66.25	2.04638e-12
66.255	1.819e-12
66.26	1.59162e-12
66.265	1.13688e-12
66.27	1.819e-12
66.275	1.59162e-12
66.28	1.13688e-12
66.285	1.36425e-12
66.29	2.04638e-12
66.295	2.27375e-12
66.3	1.36425e-12
66.305	1.36425e-12
66.31	6.82124e-13
66.315	9.09502e-13
66.32	9.09502e-13
66.325	1.36425e-12
66.33	9.09502e-13
66.335	0.0
66.34	4.54751e-13
66.345	9.09502e-13
66.35	4.54751e-13
66.355	2.27375e-13
66.36	0.0
66.365	-9.09502e-13
66.37	2.27375e-13
66.375	-4.54751e-13
66.38	-2.27375e-13
66.385	-6.82124e-13
66.39	-6.82124e-13
66.395	-9.09502e-13
66.4	-1.36425e-12
66.405	-6.82124e-13
66.41	-1.13688e-12
66.415	-1.36425e-12
66.42	-1.13688e-12
66.425	-1.36425e-12
66.43	-1.36425e-12
66.435	-9.09502e-13
66.44	0.0
66.445	-2.27375e-13
66.45	-1.36425e-12
66.455	-1.13688e-12
66.46	-6.82124e-13
66.465	0.0
66.47	-6.82124e-13
66.475	0.0
66.48	0.0
66.485	0.0
66.49	2.27375e-13
66.495	-2.27375e-13
66.5	-6.82124e-13
66.505	2.27375e-13
66.51	-4.54751e-13
66.515	2.27375e-13
66.52	4.54751e-13
66.525	0.0
66.53	6.82124e-13
66.535	4.54751e-13
66.54	4.54751e-13
66.545	1.13688e-12
66.55	1.13688e-12
66.555	1.819e-12
66.56	4.54751e-13
66.565	4.54751e-13
66.57	0.0
66.575	4.54751e-13
66.58	1.819e-12
66.585	1.819e-12
66.59	4.54751e-13
66.595	4.54751e-13
66.6	4.54751e-13
66.605	1.36425e-12
66.61	9.09502e-13
66.615	1.13688e-12
66.62	4.54751e-13
66.625	9.09502e-13
66.63	4.54751e-13
66.635	2.27375e-13
66.64	6.82124e-13
66.645	4.54751e-13
66.65	0.0
66.655	4.54751e-13
66.66	-4.54751e-13
66.665	0.0
66.67	0.0
66.675	0.0
66.68	0.0
66.685	-2.27375e-13
66.69	0.0
66.695	6.82124e-13
66.7	0.0
66.705	0.0
66.71	0.0
66.715	4.54751e-13
66.72	4.54751e-13
66.725	4.54751e-13
66.73	1.13688e-12
66.735	6.82124e-13
66.74	1.36425e-12
66.745	1.13688e-12
66.75	1.36425e-12
66.755	2.04638e-12
66.76	2.27375e-12
66.765	2.04638e-12
66.77	2.50112e-12
66.775	2.95587e-12
66.78	2.7285e-12
66.785	3.18325e-12
66.79	2.50112e-12
66.795	2.27375e-12
66.8	2.95587e-12
66.805	2.27375e-12
66.81	2.27375e-12
66.815	2.27375e-12
66.82	2.27375e-12
66.825	2.27375e-12
66.83	2.27375e-12
66.835	1.819e-12
66.84	1.13688e-12
66.845	4.54751e-13
66.85	6.82124e-13
66.855	1.13688e-12
66.86	4.54751e-13
66.865	6.82124e-13
66.87	4.54751e-13
66.875	-4.54751e-13
66.88	-6.82124e-13
66.885	-4.54751e-13
66.89	-6.82124e-13
66.895	-6.82124e-13
66.9	-1.13688e-12
66.905	-6.82124e-13
66.91	-9.09502e-13
66.915	-6.82124e-13
66.92	-6.82124e-13
66.925	-6.82124e-13
66.93	-1.13688e-12
66.935	-9.09502e-13
66.94	-1.36425e-12
66.945	-1.13688e-12
66.95	-1.59162e-12
66.955	-9.09502e-13
66.96	-9.09502e-13
66.965	-4.54751e-13
66.97	-9.09502e-13
66.975	-2.27375e-13
66.98	0.0
66.985	-6.82124e-13
66.99	2.27375e-13
66.995	-4.54751e-13
67.0	-2.27375e-13
67.005	2.27375e-13
67.01	-4.54751e-13
67.015	-4.54751e-13
67.02	2.27375e-13
67.025	0.0
67.03	-4.54751e-13
67.035	4.54751e-13
67.04	0.0
67.045	-2.27375e-13
67.05	-6.82124e-13
67.055	0.0
67.06	-4.54751e-13
67.065	-9.09502e-13
67.07	-6.82124e-13
67.075	-2.27375e-13
67.08	4.54751e-13
67.085	-6.82124e-13
67.09	0.0
67.095	0.0
67.1	2.27375e-13
67.105	-4.54751e-13
67.11	0.0
67.115	6.82124e-13
67.12	1.13688e-12
67.125	1.36425e-12
67.13	1.13688e-12
67.135	2.04638e-12
67.14	1.819e-12
67.145	1.36425e-12
67.15	1.819e-12
67.155	2.7285e-12
67.16	1.819e-12
67.165	2.7285e-12
67.17	3.63801e-12
67.175	2.95587e-12
67.18	4.09275e-12
67.185	3.41062e-12
67.19	4.09275e-12
67.195	4.77487e-12
67.2	4.32013e-12
67.205	3.86538e-12
67.21	4.32013e-12
67.215	4.32013e-12
67.22	4.09275e-12
67.225	4.5475e-12
67.23	4.32013e-12
67.235	4.09275e-12
67.24	3.41062e-12
67.245	2.95587e-12
67.25	2.27375e-12
67.255	2.50112e-12
67.26	2.04638e-12
67.265	1.13688e-12
67.27	6.82124e-13
67.275	4.54751e-13
67.28	-2.27375e-13
67.285	2.27375e-13
67.29	-1.36425e-12
67.295	-1.13688e-12
67.3	-1.13688e-12
67.305	-1.36425e-12
67.31	-2.04638e-12
67.315	-2.50112e-12
67.32	-2.50112e-12
67.325	-3.18325e-12
67.33	-2.7285e-12
67.335	-2.95587e-12
67.34	-2.50112e-12
67.345	-2.50112e-12
67.35	-2.27375e-12
67.355	-2.27375e-12
67.36	-2.7285e-12
67.365	-2.50112e-12
67.37	-2.27375e-12
67.375	-1.819e-12
67.38	-2.04638e-12
67.385	-2.04638e-12
67.39	-6.82124e-13
67.395	-1.59162e-12
67.4	-6.82124e-13
67.405	0.0
67.41	2.27375e-13
67.415	0.0
67.42	4.54751e-13
67.425	1.13688e-12
67.43	6.82124e-13
67.435	1.59162e-12
67.44	1.13688e-12
67.445	6.82124e-13
67.45	1.13688e-12
67.455	1.819e-12
67.46	1.819e-12
67.465	1.819e-12
67.47	2.95587e-12
67.475	1.819e-12
67.48	1.819e-12
67.485	2.50112e-12
67.49	2.04638e-12
67.495	1.59162e-12
67.5	1.819e-12
67.505	9.09502e-13
67.51	1.13688e-12
67.515	1.13688e-12
67.52	1.59162e-12
67.525	1.59162e-12
67.53	9.09502e-13
67.535	6.82124e-13
67.54	1.13688e-12
67.545	1.13688e-12
67.55	1.13688e-12
67.555	4.54751e-13
67.56	6.82124e-13
67.565	6.82124e-13
67.57	4.54751e-13
67.575	4.54751e-13
67.58	4.54751e-13
67.585	0.0
67.59	-2.27375e-13
67.595	-6.82124e-13
67.6	-1.13688e-12
67.605	-2.27375e-13
67.61	-6.82124e-13
67.615	-2.27375e-13
67.62	0.0
67.625	0.0
67.63	-4.54751e-13
67.635	-6.82124e-13
67.64	-4.54751e-13
67.645	-6.82124e-13
67.65	-6.82124e-13
67.655	-6.82124e-13
67.66	-6.82124e-13
67.665	-6.82124e-13
67.67	-2.27375e-13
67.675	0.0
67.68	-2.27375e-13
67.685	0.0
67.69	-2.27375e-13
67.695	2.27375e-13
67.7	-4.54751e-13
67.705	2.27375e-13
67.71	0.0
67.715	6.82124e-13
67.72	4.54751e-13
67.725	0.0
67.73	4.54751e-13
67.735	9.09502e-13
67.74	1.13688e-12
67.745	9.09502e-13
67.75	6.82124e-13
67.755	6.82124e-13
67.76	2.27375e-13
67.765	1.13688e-12
67.77	1.13688e-12
67.775	9.09502e-13
67.78	1.59162e-12
67.785	1.13688e-12
67.79	4.54751e-13
67.795	9.09502e-13
67.8	9.09502e-13
67.805	1.36425e-12
67.81	1.59162e-12
67.815	1.819e-12
67.82	9.09502e-13
67.825	1.59162e-12
67.83	1.819e-12
67.835	1.13688e-12
67.84	1.59162e-12
67.845	2.27375e-13
67.85	1.13688e-12
67.855	1.13688e-12
67.86	4.54751e-13
67.865	4.54751e-13
67.87	4.54751e-13
67.875	9.09502e-13
67.88	1.13688e-12
67.885	1.13688e-12
67.89	6.82124e-13
67.895	2.27375e-13
67.9	4.54751e-13
67.905	0.0
67.91	0.0
67.915	0.0
67.92	0.0
67.925	-6.82124e-13
67.93	0.0
67.935	0.0
67.94	0.0
67.945	-4.54751e-13
67.95	-6.82124e-13
67.955	2.27375e-13
67.96	0.0
67.965	-9.09502e-13
67.97	0.0
67.975	0.0
67.98	0.0
67.985	0.0
67.99	2.27375e-13
67.995	0.0
68.0	2.27375e-13
68.005	4.54751e-13
68.01	4.54751e-13
68.015	6.82124e-13
68.02	1.13688e-12
68.025	0.0
68.03	4.54751e-13
68.035	4.54751e-13
68.04	9.09502e-13
68.045	2.27375e-13
68.05	1.36425e-12
68.055	1.13688e-12
68.06	9.09502e-13
68.065	1.13688e-12
68.07	1.59162e-12
68.075	1.13688e-12
68.08	9.09502e-13
68.085	6.82124e-13
68.09	1.13688e-12
68.095	1.36425e-12
68.1	1.36425e-12
68.105	1.819e-12
68.11	2.04638e-12
68.115	2.04638e-12
68.12	1.59162e-12
68.125	1.819e-12
68.13	2.04638e-12
68.135	1.36425e-12
68.14	1.819e-12
68.145	1.59162e-12
68.15	2.27375e-12
68.155	2.04638e-12
68.16	1.819e-12
68.165	1.13688e-12
68.17	1.36425e-12
68.175	1.13688e-12
68.18	1.59162e-12
68.185	1.13688e-12
68.19	1.13688e-12
68.195	1.36425e-12
68.2	2.27375e-12
68.205	1.59162e-12
68.21	1.36425e-12
68.215	1.819e-12
68.22	1.819e-12
68.225	1.819e-12
68.23	1.819e-12
68.235	2.27375e-12
68.24	2.27375e-12
68.245	2.7285e-12
68.25	2.04638e-12
68.255	2.50112e-12
68.26	2.95587e-12
68.265	2.7285e-12
68.27	3.63801e-12
68.275	2.50112e-12
68.28	3.18325e-12
68.285	2.95587e-12
68.29	2.95587e-12
68.295	3.41062e-12
68.3	3.41062e-12
68.305	3.41062e-12
68.31	3.41062e-12
68.315	2.95587e-12
68.32	2.95587e-12
68.325	2.7285e-12
68.33	3.18325e-12
68.335	3.41062e-12
68.34	2.7285e-12
68.345	2.27375e-12
68.35	2.27375e-12
68.355	2.95587e-12
68.36	1.819e-12
68.365	2.7285e-12
68.37	2.50112e-12
68.375	2.50112e-12
68.38	2.95587e-12
68.385	2.27375e-12
68.39	1.819e-12
68.395	1.819e-12
68.4	1.59162e-12
68.405	1.13688e-12
68.41	1.13688e-12
68.415	1.59162e-12
68.42	1.36425e-12
68.425	1.819e-12
68.43	1.59162e-12
68.435	1.819e-12
68.44	1.819e-12
68.445	1.13688e-12
68.45	1.13688e-12
68.455	1.13688e-12
68.46	1.13688e-12
68.465	9.09502e-13
68.47	1.819e-12
68.475	1.13688e-12
68.48	9.09502e-13
68.485	1.36425e-12
68.49	1.59162e-12
68.495	0.0
68.5	4.54751e-13
68.505	9.09502e-13
68.51	2.27375e-13
68.515	4.54751e-13
68.52	-4.54751e-13
68.525	0.0
68.53	6.82124e-13
68.535	4.54751e-13
68.54	0.0
68.545	-6.82124e-13
68.55	-1.13688e-12
68.555	-6.82124e-13
68.56	-4.54751e-13
68.565	-6.82124e-13
68.57	-1.13688e-12
68.575	-9.09502e-13
68.58	0.0
68.585	-1.13688e-12
68.59	-6.82124e-13
68.595	-9.09502e-13
68.6	-4.54751e-13
68.605	-9.09502e-13
68.61	-1.36425e-12
68.615	-1.36425e-12
68.62	-6.82124e-13
68.625	-6.82124e-13
68.63	-6.82124e-13
68.635	-6.82124e-13
68.64	-4.54751e-13
68.645	-2.27375e-13
68.65	0.0
68.655	-4.54751e-13
68.66	0.0
68.665	-4.54751e-13
68.67	6.82124e-13
68.675	2.27375e-13
68.68	9.09502e-13
68.685	1.13688e-12
68.69	1.819e-12
68.695	2.27375e-12
68.7	2.27375e-12
68.705	1.13688e-12
68.71	1.59162e-12
68.715	1.819e-12
68.72	1.819e-12
68.725	1.819e-12
68.73	1.819e-12
68.735	1.819e-12
68.74	1.819e-12
68.745	1.13688e-12
68.75	9.09502e-13
68.755	1.13688e-12
68.76	1.819e-12
68.765	1.13688e-12
68.77	4.54751e-13
68.775	9.09502e-13
68.78	4.54751e-13
68.785	4.54751e-13
68.79	4.54751e-13
68.795	2.27375e-13
68.8	4.54751e-13
68.805	-4.54751e-13
68.81	0.0
68.815	0.0
68.82	0.0
68.825	-1.13688e-12
68.83	0.0
68.835	-4.54751e-13
68.84	-9.09502e-13
68.845	-9.09502e-13
68.85	-6.82124e-13
68.855	-1.13688e-12
68.86	-4.54751e-13
68.865	-2.27375e-13
68.87	-1.13688e-12
68.875	-4.54751e-13
68.88	-2.27375e-13
68.885	-4.54751e-13
68.89	-1.13688e-12
68.895	-2.27375e-13
68.9	4.54751e-13
68.905	9.09502e-13
68.91	-2.27375e-13
68.915	0.0
68.92	4.54751e-13
68.925	1.13688e-12
68.93	0.0
68.935	2.27375e-13
68.94	4.54751e-13
68.945	2.27375e-13
68.95	4.54751e-13
68.955	6.82124e-13
68.96	2.27375e-13
68.965	6.82124e-13
68.97	4.54751e-13
68.975	1.13688e-12
68.98	1.13688e-12
68.985	4.54751e-13
68.99	1.36425e-12
68.995	1.13688e-12
69.0	9.09502e-13
69.005	1.36425e-12
69.01	9.09502e-13
69.015	4.54751e-13
69.02	2.27375e-13
69.025	9.09502e-13
69.03	1.13688e-12
69.035	4.54751e-13
69.04	1.13688e-12
69.045	1.13688e-12
69.05	6.82124e-13
69.055	1.13688e-12
69.06	6.82124e-13
69.065	1.13688e-12
69.07	1.13688e-12
69.075	1.36425e-12
69.08	1.13688e-12
69.085	1.13688e-12
69.09	1.36425e-12
69.095	1.36425e-12
69.1	4.54751e-13
69.105	9.09502e-13
69.11	1.36425e-12
69.115	1.13688e-12
69.12	1.13688e-12
69.125	2.04638e-12
69.13	1.819e-12
69.135	1.13688e-12
69.14	9.09502e-13
69.145	1.59162e-12
69.15	1.819e-12
69.155	1.13688e-12
69.16	1.59162e-12
69.165	6.82124e-13
69.17	6.82124e-13
69.175	1.13688e-12
69.18	4.54751e-13
69.185	4.54751e-13
69.19	6.82124e-13
69.195	4.54751e-13
69.2	6.82124e-13
69.205	4.54751e-13
69.21	6.82124e-13
69.215	0.0
69.22	4.54751e-13
69.225	1.13688e-12
69.23	1.13688e-12
69.235	4.54751e-13
69.24	4.54751e-13
69.245	1.36425e-12
69.25	4.54751e-13
69.255	1.13688e-12
69.26	4.54751e-13
69.265	1.13688e-12
69.27	1.13688e-12
69.275	4.54751e-13
69.28	1.13688e-12
69.285	1.36425e-12
69.29	1.819e-12
69.295	1.819e-12
69.3	1.13688e-12
69.305	1.36425e-12
69.31	6.82124e-13
69.315	1.13688e-12
69.32	9.09502e-13
69.325	1.36425e-12
69.33	1.13688e-12
69.335	1.13688e-12
69.34	1.36425e-12
69.345	1.13688e-12
69.35	1.819e-12
69.355	1.13688e-12
69.36	2.27375e-13
69.365	1.36425e-12
69.37	6.82124e-13
69.375	9.09502e-13
69.38	4.54751e-13
69.385	0.0
69.39	4.54751e-13
69.395	0.0
69.4	4.54751e-13
69.405	0.0
69.41	0.0
69.415	0.0
69.42	0.0
69.425	6.82124e-13
69.43	9.09502e-13
69.435	2.27375e-13
69.44	4.54751e-13
69.445	4.54751e-13
69.45	6.82124e-13
69.455	-2.27375e-13
69.46	0.0
69.465	4.54751e-13
69.47	9.09502e-13
69.475	1.819e-12
69.48	1.13688e-12
69.485	1.59162e-12
69.49	6.82124e-13
69.495	1.819e-12
69.5	2.27375e-12
69.505	1.819e-12
69.51	2.27375e-12
69.515	2.95587e-12
69.52	1.59162e-12
69.525	1.59162e-12
69.53	2.27375e-12
69.535	1.819e-12
69.54	2.04638e-12
69.545	2.27375e-12
69.55	2.95587e-12
69.555	2.95587e-12
69.56	2.7285e-12
69.565	2.27375e-12
69.57	2.95587e-12
69.575	2.7285e-12
69.58	2.50112e-12
69.585	2.95587e-12
69.59	2.04638e-12
69.595	1.36425e-12
69.6	1.819e-12
69.605	1.819e-12
69.61	1.36425e-12
69.615	1.819e-12
69.62	1.819e-12
69.625	4.54751e-13
69.63	4.54751e-13
69.635	4.54751e-13
69.64	4.54751e-13
69.645	0.0
69.65	4.54751e-13
69.655	6.82124e-13
69.66	2.27375e-13
69.665	4.54751e-13
69.67	2.27375e-13
69.675	4.54751e-13
69.68	-4.54751e-13
69.685	-2.27375e-13
69.69	0.0
69.695	0.0
69.7	-4.54751e-13
69.705	-2.27375e-13
69.71	-6.82124e-13
69.715	-6.82124e-13
69.72	-4.54751e-13
69.725	-6.82124e-13
69.73	2.27375e-13
69.735	-4.54751e-13
69.74	2.27375e-13
69.745	0.0
69.75	-4.54751e-13
69.755	-4.54751e-13
69.76	4.54751e-13
69.765	6.82124e-13
69.77	0.0
69.775	0.0
69.78	2.27375e-13
69.785	4.54751e-13
69.79	2.27375e-13
69.795	-2.27375e-13
69.8	2.27375e-13
69.805	4.54751e-13
69.81	0.0
69.815	0.0
69.82	0.0
69.825	-2.27375e-13
69.83	0.0
69.835	4.54751e-13
69.84	4.54751e-13
69.845	0.0
69.85	4.54751e-13
69.855	-2.27375e-13
69.86	4.54751e-13
69.865	2.27375e-13
69.87	4.54751e-13
69.875	4.54751e-13
69.88	0.0
69.885	-6.82124e-13
69.89	0.0
69.895	0.0
69.9	-2.27375e-13
69.905	4.54751e-13
69.91	6.82124e-13
69.915	2.27375e-13
69.92	2.27375e-13
69.925	2.27375e-13
69.93	0.0
69.935	9.09502e-13
69.94	6.82124e-13
69.945	4.54751e-13
69.95	1.13688e-12
69.955	4.54751e-13
69.96	1.59162e-12
69.965	1.13688e-12
69.97	1.13688e-12
69.975	4.54751e-13
69.98	6.82124e-13
69.985	1.36425e-12
69.99	6.82124e-13
69.995	1.36425e-12
70.0	1.36425e-12
