pos	X
57.0	-4.54751e-13
57.005	-4.54751e-13
57.01	-4.54751e-13
57.015	-6.82124e-13
57.02	-6.82124e-13
57.025	-6.82124e-13
57.03	-4.54751e-13
57.035	-4.54751e-13
57.04	-4.54751e-13
57.045	-6.82124e-13
57.05	-6.82124e-13
57.055	-6.82124e-13
57.06	-4.54751e-13
57.065	0.0
57.07	0.0
57.075	0.0
57.08	0.0
57.085	0.0
57.09	0.0
57.095	0.0
57.1	-2.27375e-13
57.105	-2.27375e-13
57.11	0.0
57.115	0.0
57.12	2.27375e-13
57.125	2.27375e-13
57.13	0.0
57.135	0.0
57.14	2.27375e-13
57.145	2.27375e-13
57.15	2.27375e-13
57.155	2.27375e-13
57.16	2.27375e-13
57.165	2.27375e-13
57.17	4.54751e-13
57.175	4.54751e-13
57.18	4.54751e-13
57.185	4.54751e-13
57.19	2.27375e-13
57.195	2.27375e-13
57.2	0.0
57.205	2.27375e-13
57.21	2.27375e-13
57.215	4.54751e-13
57.22	2.27375e-13
57.225	0.0
57.23	0.0
57.235	0.0
57.24	0.0
57.245	2.27375e-13
57.25	0.0
57.255	0.0
57.26	0.0
57.265	2.27375e-13
57.27	2.27375e-13
57.275	0.0
57.28	0.0
57.285	0.0
57.29	2.27375e-13
57.295	2.27375e-13
57.3	0.0
57.305	0.0
57.31	0.0
57.315	0.0
57.32	0.0
57.325	0.0
57.33	0.0
57.335	2.27375e-13
57.34	4.54751e-13
57.345	2.27375e-13
57.35	4.54751e-13
57.355	4.54751e-13
57.36	4.54751e-13
57.365	4.54751e-13
57.37	4.54751e-13
57.375	4.54751e-13
57.38	4.54751e-13
57.385	2.27375e-13
57.39	2.27375e-13
57.395	4.54751e-13
57.4	2.27375e-13
57.405	4.54751e-13
57.41	4.54751e-13
57.415	2.27375e-13
57.42	2.27375e-13
57.425	0.0
57.43	2.27375e-13
57.435	2.27375e-13
57.44	2.27375e-13
57.445	2.27375e-13
57.45	4.54751e-13
57.455	2.27375e-13
57.46	0.0
57.465	0.0
57.47	0.0
57.475	2.27375e-13
57.48	2.27375e-13
57.485	4.54751e-13
57.49	2.27375e-13
57.495	4.54751e-13
57.5	4.54751e-13
57.505	4.54751e-13
57.51	4.54751e-13
57.515	4.54751e-13
57.52	4.54751e-13
57.525	4.54751e-13
57.53	4.54751e-13
57.535	2.27375e-13
57.54	2.27375e-13
57.545	2.27375e-13
57.55	4.54751e-13
57.555	4.54751e-13
57.56	4.54751e-13
57.565	4.54751e-13
57.57	4.54751e-13
57.575	6.82124e-13
57.58	9.09502e-13
57.585	6.82124e-13
57.59	4.54751e-13
57.595	6.82124e-13
57.6	6.82124e-13
57.605	4.54751e-13
57.61	4.54751e-13
57.615	4.54751e-13
57.62	4.54751e-13
57.625	4.54751e-13
57.63	4.54751e-13
57.635	4.54751e-13
57.64	4.54751e-13
57.645	4.54751e-13
57.65	4.54751e-13
57.655	4.54751e-13
57.66	4.54751e-13
57.665	2.27375e-13
57.67	2.27375e-13
57.675	4.54751e-13
57.68	4.54751e-13
57.685	0.0
57.69	0.0
57.695	0.0
57.7	0.0
57.705	0.0
57.71	0.0
57.715	0.0
57.72	0.0
57.725	0.0
57.73	0.0
57.735	0.0
57.74	0.0
57.745	0.0
57.75	-2.27375e-13
57.755	-4.54751e-13
57.76	-4.54751e-13
57.765	-4.54751e-13
57.77	-4.54751e-13
57.775	-4.54751e-13
57.78	-2.27375e-13
57.785	-2.27375e-13
57.79	0.0
57.795	-2.27375e-13
57.8	-4.54751e-13
57.805	-6.82124e-13
57.81	-4.54751e-13
57.815	-4.54751e-13
57.82	-6.82124e-13
57.825	-6.82124e-13
57.83	-6.82124e-13
57.835	-6.82124e-13
57.84	-6.82124e-13
57.845	-6.82124e-13
57.85	-6.82124e-13
57.855	-1.13688e-12
57.86	-1.36425e-12
57.865	-1.36425e-12
57.87	-1.36425e-12
57.875	-1.819e-12
57.88	-1.819e-12
57.885	-2.04638e-12
57.89	-2.04638e-12
57.895	-2.27375e-12
57.9	-2.50112e-12
57.905	-2.7285e-12
57.91	-2.95587e-12
57.915	-2.95587e-12
57.92	-3.18325e-12
57.925	-3.18325e-12
57.93	-3.18325e-12
57.935	-3.18325e-12
57.94	-3.18325e-12
57.945	-3.18325e-12
57.95	-3.18325e-12
57.955	-2.7285e-12
57.96	-2.04638e-12
57.965	-2.04638e-12
57.97	-1.59162e-12
57.975	-9.09502e-13
57.98	-4.54751e-13
57.985	2.27375e-13
57.99	1.13688e-12
57.995	1.819e-12
58.0	2.95587e-12
58.005	3.86538e-12
58.01	4.77487e-12
58.015	5.457e-12
58.02	6.13912e-12
58.025	6.82124e-12
58.03	7.50339e-12
58.035	8.18551e-12
58.04	8.64026e-12
58.045	9.32238e-12
58.05	9.32238e-12
58.055	9.54975e-12
58.06	9.54975e-12
58.065	9.77712e-12
58.07	9.77712e-12
58.075	9.54975e-12
58.08	9.095e-12
58.085	8.64026e-12
58.09	8.18551e-12
58.095	7.95813e-12
58.1	7.27601e-12
58.105	6.82124e-12
58.11	6.36649e-12
58.115	6.13912e-12
58.12	5.457e-12
58.125	5.22962e-12
58.13	4.77487e-12
58.135	4.5475e-12
58.14	4.09275e-12
58.145	3.63801e-12
58.15	3.41062e-12
58.155	2.7285e-12
58.16	2.27375e-12
58.165	1.819e-12
58.17	1.59162e-12
58.175	1.13688e-12
58.18	4.54751e-13
58.185	2.27375e-13
58.19	-2.27375e-13
58.195	-6.82124e-13
58.2	-9.09502e-13
58.205	-1.36425e-12
58.21	-1.819e-12
58.215	-2.27375e-12
58.22	-2.50112e-12
58.225	-3.18325e-12
58.23	-3.18325e-12
58.235	-3.63801e-12
58.24	-3.86538e-12
58.245	-4.09275e-12
58.25	-4.09275e-12
58.255	-4.5475e-12
58.26	-4.5475e-12
58.265	-4.77487e-12
58.27	-5.00225e-12
58.275	-4.77487e-12
58.28	-4.77487e-12
58.285	-4.5475e-12
58.29	-4.32013e-12
58.295	-4.32013e-12
58.3	-4.09275e-12
58.305	-3.86538e-12
58.31	-3.86538e-12
58.315	-3.63801e-12
58.32	-3.41062e-12
58.325	-3.18325e-12
58.33	-2.95587e-12
58.335	-2.7285e-12
58.34	-2.50112e-12
58.345	-2.04638e-12
58.35	-2.04638e-12
58.355	-2.04638e-12
58.36	-1.819e-12
58.365	-1.59162e-12
58.37	-1.36425e-12
58.375	-9.09502e-13
58.38	-6.82124e-13
58.385	-4.54751e-13
58.39	-2.27375e-13
58.395	-2.27375e-13
58.4	2.27375e-13
58.405	2.27375e-13
58.41	0.0
58.415	2.27375e-13
58.42	2.27375e-13
58.425	4.54751e-13
58.43	4.54751e-13
58.435	4.54751e-13
58.44	4.54751e-13
58.445	4.54751e-13
58.45	4.54751e-13
58.455	4.54751e-13
58.46	2.27375e-13
58.465	2.27375e-13
58.47	4.54751e-13
58.475	4.54751e-13
58.48	4.54751e-13
58.485	4.54751e-13
58.49	4.54751e-13
58.495	2.27375e-13
58.5	2.27375e-13
58.505	2.27375e-13
58.51	2.27375e-13
58.515	2.27375e-13
58.52	4.54751e-13
58.525	2.27375e-13
58.53	2.27375e-13
58.535	2.27375e-13
58.54	0.0
58.545	-2.27375e-13
58.55	0.0
58.555	0.0
58.56	0.0
58.565	-2.27375e-13
58.57	-2.27375e-13
58.575	-2.27375e-13
58.58	-4.54751e-13
58.585	-4.54751e-13
58.59	-2.27375e-13
58.595	0.0
58.6	-2.27375e-13
58.605	-4.54751e-13
58.61	-2.27375e-13
58.615	0.0
58.62	0.0
58.625	-2.27375e-13
58.63	-2.27375e-13
58.635	0.0
58.64	0.0
58.645	0.0
58.65	2.27375e-13
58.655	0.0
58.66	0.0
58.665	0.0
58.67	0.0
58.675	2.27375e-13
58.68	0.0
58.685	0.0
58.69	0.0
58.695	0.0
58.7	4.54751e-13
58.705	4.54751e-13
58.71	4.54751e-13
58.715	4.54751e-13
58.72	4.54751e-13
58.725	4.54751e-13
58.73	4.54751e-13
58.735	4.54751e-13
58.74	4.54751e-13
58.745	4.54751e-13
58.75	4.54751e-13
58.755	4.54751e-13
58.76	4.54751e-13
58.765	4.54751e-13
58.77	4.54751e-13
58.775	4.54751e-13
58.78	4.54751e-13
58.785	4.54751e-13
58.79	4.54751e-13
58.795	4.54751e-13
58.8	6.82124e-13
58.805	4.54751e-13
58.81	4.54751e-13
58.815	2.27375e-13
58.82	2.27375e-13
58.825	4.54751e-13
58.83	2.27375e-13
58.835	2.27375e-13
58.84	2.27375e-13
58.845	2.27375e-13
58.85	4.54751e-13
58.855	2.27375e-13
58.86	0.0
58.865	-2.27375e-13
58.87	0.0
58.875	2.27375e-13
58.88	4.54751e-13
58.885	4.54751e-13
58.89	4.54751e-13
58.895	2.27375e-13
58.9	2.27375e-13
58.905	2.27375e-13
58.91	0.0
58.915	2.27375e-13
58.92	2.27375e-13
58.925	4.54751e-13
58.93	0.0
58.935	0.0
58.94	4.54751e-13
58.945	4.54751e-13
58.95	4.54751e-13
58.955	4.54751e-13
58.96	2.27375e-13
58.965	2.27375e-13
58.97	0.0
58.975	0.0
58.98	2.27375e-13
58.985	4.54751e-13
58.99	4.54751e-13
58.995	4.54751e-13
59.0	4.54751e-13
59.005	4.54751e-13
59.01	4.54751e-13
59.015	4.54751e-13
59.02	4.54751e-13
59.025	4.54751e-13
59.03	4.54751e-13
59.035	4.54751e-13
59.04	6.82124e-13
59.045	6.82124e-13
59.05	6.82124e-13
59.055	9.09502e-13
59.06	6.82124e-13
59.065	6.82124e-13
59.07	4.54751e-13
59.075	4.54751e-13
59.08	4.54751e-13
59.085	2.27375e-13
59.09	4.54751e-13
59.095	4.54751e-13
59.1	4.54751e-13
59.105	6.82124e-13
59.11	6.82124e-13
59.115	6.82124e-13
59.12	4.54751e-13
59.125	6.82124e-13
59.13	6.82124e-13
59.135	4.54751e-13
59.14	4.54751e-13
59.145	4.54751e-13
59.15	4.54751e-13
59.155	2.27375e-13
59.16	2.27375e-13
59.165	4.54751e-13
59.17	4.54751e-13
59.175	4.54751e-13
59.18	2.27375e-13
59.185	2.27375e-13
59.19	4.54751e-13
59.195	4.54751e-13
59.2	4.54751e-13
59.205	4.54751e-13
59.21	4.54751e-13
59.215	4.54751e-13
59.22	4.54751e-13
59.225	4.54751e-13
59.23	4.54751e-13
59.235	4.54751e-13
59.24	6.82124e-13
59.245	6.82124e-13
59.25	6.82124e-13
59.255	4.54751e-13
59.26	6.82124e-13
59.265	9.09502e-13
59.27	6.82124e-13
59.275	6.82124e-13
59.28	9.09502e-13
59.285	6.82124e-13
59.29	6.82124e-13
59.295	6.82124e-13
59.3	6.82124e-13
59.305	9.09502e-13
59.31	9.09502e-13
59.315	9.09502e-13
59.32	9.09502e-13
59.325	9.09502e-13
59.33	1.13688e-12
59.335	1.13688e-12
59.34	1.13688e-12
59.345	6.82124e-13
59.35	6.82124e-13
59.355	9.09502e-13
59.36	9.09502e-13
59.365	1.13688e-12
59.37	1.13688e-12
59.375	1.13688e-12
59.38	1.13688e-12
59.385	1.13688e-12
59.39	1.13688e-12
59.395	1.13688e-12
59.4	1.13688e-12
59.405	1.13688e-12
59.41	1.13688e-12
59.415	1.36425e-12
59.42	1.59162e-12
59.425	1.59162e-12
59.43	1.819e-12
59.435	1.36425e-12
59.44	1.13688e-12
59.445	1.36425e-12
59.45	1.59162e-12
59.455	1.59162e-12
59.46	1.36425e-12
59.465	1.36425e-12
59.47	1.36425e-12
59.475	1.819e-12
59.48	1.819e-12
59.485	1.819e-12
59.49	1.819e-12
59.495	1.59162e-12
59.5	1.36425e-12
59.505	1.13688e-12
59.51	1.13688e-12
59.515	9.09502e-13
59.52	9.09502e-13
59.525	4.54751e-13
59.53	2.27375e-13
59.535	0.0
59.54	0.0
59.545	0.0
59.55	-4.54751e-13
59.555	-6.82124e-13
59.56	-9.09502e-13
59.565	-1.13688e-12
59.57	-1.13688e-12
59.575	-1.36425e-12
59.58	-1.819e-12
59.585	-2.50112e-12
59.59	-2.7285e-12
59.595	-2.95587e-12
59.6	-3.18325e-12
59.605	-3.18325e-12
59.61	-3.18325e-12
59.615	-3.41062e-12
59.62	-3.86538e-12
59.625	-3.86538e-12
59.63	-3.86538e-12
59.635	-3.86538e-12
59.64	-3.41062e-12
59.645	-3.18325e-12
59.65	-3.41062e-12
59.655	-3.18325e-12
59.66	-3.41062e-12
59.665	-3.18325e-12
59.67	-3.18325e-12
59.675	-2.95587e-12
59.68	-2.7285e-12
59.685	-2.50112e-12
59.69	-2.27375e-12
59.695	-2.04638e-12
59.7	-1.59162e-12
59.705	-1.36425e-12
59.71	-1.36425e-12
59.715	-1.13688e-12
59.72	-9.09502e-13
59.725	-9.09502e-13
59.73	-6.82124e-13
59.735	-6.82124e-13
59.74	-2.27375e-13
59.745	0.0
59.75	0.0
59.755	0.0
59.76	4.54751e-13
59.765	4.54751e-13
59.77	6.82124e-13
59.775	1.13688e-12
59.78	1.13688e-12
59.785	1.13688e-12
59.79	1.59162e-12
59.795	1.819e-12
59.8	2.04638e-12
59.805	2.27375e-12
59.81	2.27375e-12
59.815	2.27375e-12
59.82	2.50112e-12
59.825	2.95587e-12
59.83	2.95587e-12
59.835	2.95587e-12
59.84	3.18325e-12
59.845	3.41062e-12
59.85	3.63801e-12
59.855	3.63801e-12
59.86	3.41062e-12
59.865	3.41062e-12
59.87	3.18325e-12
59.875	3.18325e-12
59.88	3.41062e-12
59.885	3.63801e-12
59.89	3.41062e-12
59.895	3.18325e-12
59.9	3.18325e-12
59.905	2.95587e-12
59.91	2.7285e-12
59.915	2.7285e-12
59.92	2.7285e-12
59.925	2.50112e-12
59.93	2.04638e-12
59.935	1.819e-12
59.94	1.819e-12
59.945	1.819e-12
59.95	1.36425e-12
59.955	1.13688e-12
59.96	9.09502e-13
59.965	6.82124e-13
59.97	4.54751e-13
59.975	4.54751e-13
59.98	2.27375e-13
59.985	0.0
59.99	0.0
59.995	0.0
60.0	-2.27375e-13
