pos	X
57.0	-6.82124e-13
57.005	-6.82124e-13
57.01	-6.82124e-13
57.015	-6.82124e-13
57.02	-6.82124e-13
57.025	-9.09502e-13
57.03	-1.13688e-12
57.035	-9.09502e-13
57.04	-9.09502e-13
57.045	-6.82124e-13
57.05	-6.82124e-13
57.055	-6.82124e-13
57.06	-6.82124e-13
57.065	-6.82124e-13
57.07	-6.82124e-13
57.075	-6.82124e-13
57.08	-6.82124e-13
57.085	-6.82124e-13
57.09	-6.82124e-13
57.095	-6.82124e-13
57.1	-6.82124e-13
57.105	-6.82124e-13
57.11	-4.54751e-13
57.115	-2.27375e-13
57.12	-4.54751e-13
57.125	-6.82124e-13
57.13	-2.27375e-13
57.135	0.0
57.14	0.0
57.145	0.0
57.15	0.0
57.155	0.0
57.16	0.0
57.165	0.0
57.17	0.0
57.175	0.0
57.18	0.0
57.185	0.0
57.19	0.0
57.195	0.0
57.2	0.0
57.205	-2.27375e-13
57.21	-2.27375e-13
57.215	0.0
57.22	-2.27375e-13
57.225	-2.27375e-13
57.23	0.0
57.235	0.0
57.24	0.0
57.245	-2.27375e-13
57.25	0.0
57.255	-2.27375e-13
57.26	-2.27375e-13
57.265	0.0
57.27	0.0
57.275	0.0
57.28	0.0
57.285	-2.27375e-13
57.29	-2.27375e-13
57.295	-2.27375e-13
57.3	-2.27375e-13
57.305	0.0
57.31	0.0
57.315	0.0
57.32	0.0
57.325	0.0
57.33	0.0
57.335	0.0
57.34	0.0
57.345	0.0
57.35	0.0
57.355	0.0
57.36	0.0
57.365	0.0
57.37	0.0
57.375	0.0
57.38	0.0
57.385	0.0
57.39	0.0
57.395	0.0
57.4	0.0
57.405	0.0
57.41	2.27375e-13
57.415	2.27375e-13
57.42	2.27375e-13
57.425	2.27375e-13
57.43	2.27375e-13
57.435	0.0
57.44	0.0
57.445	0.0
57.45	0.0
57.455	0.0
57.46	0.0
57.465	0.0
57.47	0.0
57.475	0.0
57.48	0.0
57.485	0.0
57.49	-2.27375e-13
57.495	0.0
57.5	0.0
57.505	0.0
57.51	0.0
57.515	0.0
57.52	2.27375e-13
57.525	0.0
57.53	0.0
57.535	0.0
57.54	0.0
57.545	2.27375e-13
57.55	4.54751e-13
57.555	2.27375e-13
57.56	0.0
57.565	2.27375e-13
57.57	0.0
57.575	0.0
57.58	0.0
57.585	0.0
57.59	0.0
57.595	2.27375e-13
57.6	2.27375e-13
57.605	4.54751e-13
57.61	4.54751e-13
57.615	2.27375e-13
57.62	2.27375e-13
57.625	2.27375e-13
57.63	0.0
57.635	0.0
57.64	2.27375e-13
57.645	2.27375e-13
57.65	2.27375e-13
57.655	2.27375e-13
57.66	0.0
57.665	2.27375e-13
57.67	4.54751e-13
57.675	4.54751e-13
57.68	2.27375e-13
57.685	0.0
57.69	2.27375e-13
57.695	0.0
57.7	0.0
57.705	-2.27375e-13
57.71	-2.27375e-13
57.715	0.0
57.72	0.0
57.725	0.0
57.73	0.0
57.735	0.0
57.74	-2.27375e-13
57.745	-4.54751e-13
57.75	-6.82124e-13
57.755	-6.82124e-13
57.76	-4.54751e-13
57.765	-2.27375e-13
57.77	-2.27375e-13
57.775	0.0
57.78	0.0
57.785	-2.27375e-13
57.79	-2.27375e-13
57.795	-4.54751e-13
57.8	-6.82124e-13
57.805	-6.82124e-13
57.81	-4.54751e-13
57.815	-4.54751e-13
57.82	-4.54751e-13
57.825	-4.54751e-13
57.83	-6.82124e-13
57.835	-6.82124e-13
57.84	-6.82124e-13
57.845	-6.82124e-13
57.85	-6.82124e-13
57.855	-6.82124e-13
57.86	-6.82124e-13
57.865	-6.82124e-13
57.87	-6.82124e-13
57.875	-9.09502e-13
57.88	-1.13688e-12
57.885	-1.36425e-12
57.89	-1.36425e-12
57.895	-1.36425e-12
57.9	-1.819e-12
57.905	-2.04638e-12
57.91	-1.819e-12
57.915	-1.819e-12
57.92	-2.04638e-12
57.925	-2.04638e-12
57.93	-2.04638e-12
57.935	-2.04638e-12
57.94	-2.04638e-12
57.945	-1.59162e-12
57.95	-1.59162e-12
57.955	-1.36425e-12
57.96	-9.09502e-13
57.965	-4.54751e-13
57.97	0.0
57.975	4.54751e-13
57.98	6.82124e-13
57.985	1.36425e-12
57.99	1.819e-12
57.995	2.04638e-12
58.0	2.7285e-12
58.005	3.41062e-12
58.01	4.09275e-12
58.015	4.77487e-12
58.02	5.22962e-12
58.025	5.457e-12
58.03	6.13912e-12
58.035	6.13912e-12
58.04	6.59386e-12
58.045	6.59386e-12
58.05	6.82124e-12
58.055	6.82124e-12
58.06	6.13912e-12
58.065	6.13912e-12
58.07	6.36649e-12
58.075	6.13912e-12
58.08	5.457e-12
58.085	5.22962e-12
58.09	5.00225e-12
58.095	4.77487e-12
58.1	4.5475e-12
58.105	4.32013e-12
58.11	3.86538e-12
58.115	3.63801e-12
58.12	3.41062e-12
58.125	3.41062e-12
58.13	2.95587e-12
58.135	2.95587e-12
58.14	2.95587e-12
58.145	2.7285e-12
58.15	2.27375e-12
58.155	2.27375e-12
58.16	2.04638e-12
58.165	1.819e-12
58.17	1.819e-12
58.175	1.819e-12
58.18	1.59162e-12
58.185	1.13688e-12
58.19	9.09502e-13
58.195	4.54751e-13
58.2	4.54751e-13
58.205	0.0
58.21	0.0
58.215	-4.54751e-13
58.22	-6.82124e-13
58.225	-1.13688e-12
58.23	-1.36425e-12
58.235	-1.36425e-12
58.24	-1.59162e-12
58.245	-1.819e-12
58.25	-2.04638e-12
58.255	-2.04638e-12
58.26	-2.27375e-12
58.265	-2.50112e-12
58.27	-2.7285e-12
58.275	-2.95587e-12
58.28	-2.7285e-12
58.285	-2.7285e-12
58.29	-2.50112e-12
58.295	-2.50112e-12
58.3	-2.7285e-12
58.305	-2.7285e-12
58.31	-2.7285e-12
58.315	-2.7285e-12
58.32	-2.50112e-12
58.325	-2.50112e-12
58.33	-2.27375e-12
58.335	-2.04638e-12
58.34	-2.04638e-12
58.345	-2.04638e-12
58.35	-1.819e-12
58.355	-1.819e-12
58.36	-1.59162e-12
58.365	-1.59162e-12
58.37	-1.36425e-12
58.375	-1.13688e-12
58.38	-9.09502e-13
58.385	-9.09502e-13
58.39	-6.82124e-13
58.395	-4.54751e-13
58.4	-2.27375e-13
58.405	-4.54751e-13
58.41	-2.27375e-13
58.415	-2.27375e-13
58.42	0.0
58.425	2.27375e-13
58.43	2.27375e-13
58.435	2.27375e-13
58.44	2.27375e-13
58.445	4.54751e-13
58.45	4.54751e-13
58.455	4.54751e-13
58.46	4.54751e-13
58.465	4.54751e-13
58.47	6.82124e-13
58.475	4.54751e-13
58.48	4.54751e-13
58.485	4.54751e-13
58.49	4.54751e-13
58.495	6.82124e-13
58.5	4.54751e-13
58.505	2.27375e-13
58.51	2.27375e-13
58.515	4.54751e-13
58.52	4.54751e-13
58.525	4.54751e-13
58.53	4.54751e-13
58.535	4.54751e-13
58.54	4.54751e-13
58.545	4.54751e-13
58.55	4.54751e-13
58.555	4.54751e-13
58.56	4.54751e-13
58.565	4.54751e-13
58.57	2.27375e-13
58.575	2.27375e-13
58.58	2.27375e-13
58.585	0.0
58.59	0.0
58.595	0.0
58.6	0.0
58.605	-2.27375e-13
58.61	0.0
58.615	0.0
58.62	0.0
58.625	0.0
58.63	0.0
58.635	0.0
58.64	0.0
58.645	0.0
58.65	2.27375e-13
58.655	0.0
58.66	0.0
58.665	0.0
58.67	0.0
58.675	2.27375e-13
58.68	2.27375e-13
58.685	2.27375e-13
58.69	2.27375e-13
58.695	2.27375e-13
58.7	2.27375e-13
58.705	4.54751e-13
58.71	4.54751e-13
58.715	2.27375e-13
58.72	4.54751e-13
58.725	4.54751e-13
58.73	4.54751e-13
58.735	4.54751e-13
58.74	4.54751e-13
58.745	4.54751e-13
58.75	4.54751e-13
58.755	4.54751e-13
58.76	4.54751e-13
58.765	4.54751e-13
58.77	4.54751e-13
58.775	4.54751e-13
58.78	4.54751e-13
58.785	6.82124e-13
58.79	4.54751e-13
58.795	4.54751e-13
58.8	4.54751e-13
58.805	4.54751e-13
58.81	4.54751e-13
58.815	2.27375e-13
58.82	4.54751e-13
58.825	4.54751e-13
58.83	4.54751e-13
58.835	2.27375e-13
58.84	4.54751e-13
58.845	4.54751e-13
58.85	4.54751e-13
58.855	4.54751e-13
58.86	4.54751e-13
58.865	4.54751e-13
58.87	2.27375e-13
58.875	2.27375e-13
58.88	4.54751e-13
58.885	4.54751e-13
58.89	4.54751e-13
58.895	4.54751e-13
58.9	4.54751e-13
58.905	4.54751e-13
58.91	4.54751e-13
58.915	4.54751e-13
58.92	6.82124e-13
58.925	4.54751e-13
58.93	4.54751e-13
58.935	4.54751e-13
58.94	4.54751e-13
58.945	4.54751e-13
58.95	4.54751e-13
58.955	4.54751e-13
58.96	4.54751e-13
58.965	4.54751e-13
58.97	4.54751e-13
58.975	4.54751e-13
58.98	4.54751e-13
58.985	4.54751e-13
58.99	6.82124e-13
58.995	6.82124e-13
59.0	4.54751e-13
59.005	6.82124e-13
59.01	4.54751e-13
59.015	6.82124e-13
59.02	6.82124e-13
59.025	4.54751e-13
59.03	4.54751e-13
59.035	6.82124e-13
59.04	4.54751e-13
59.045	6.82124e-13
59.05	6.82124e-13
59.055	6.82124e-13
59.06	6.82124e-13
59.065	4.54751e-13
59.07	4.54751e-13
59.075	4.54751e-13
59.08	4.54751e-13
59.085	4.54751e-13
59.09	4.54751e-13
59.095	4.54751e-13
59.1	4.54751e-13
59.105	6.82124e-13
59.11	6.82124e-13
59.115	4.54751e-13
59.12	4.54751e-13
59.125	4.54751e-13
59.13	6.82124e-13
59.135	6.82124e-13
59.14	4.54751e-13
59.145	4.54751e-13
59.15	6.82124e-13
59.155	6.82124e-13
59.16	6.82124e-13
59.165	6.82124e-13
59.17	6.82124e-13
59.175	4.54751e-13
59.18	4.54751e-13
59.185	4.54751e-13
59.19	4.54751e-13
59.195	4.54751e-13
59.2	4.54751e-13
59.205	6.82124e-13
59.21	9.09502e-13
59.215	4.54751e-13
59.22	4.54751e-13
59.225	4.54751e-13
59.23	6.82124e-13
59.235	6.82124e-13
59.24	4.54751e-13
59.245	6.82124e-13
59.25	6.82124e-13
59.255	9.09502e-13
59.26	9.09502e-13
59.265	9.09502e-13
59.27	4.54751e-13
59.275	4.54751e-13
59.28	6.82124e-13
59.285	9.09502e-13
59.29	6.82124e-13
59.295	9.09502e-13
59.3	9.09502e-13
59.305	1.13688e-12
59.31	1.13688e-12
59.315	9.09502e-13
59.32	9.09502e-13
59.325	6.82124e-13
59.33	6.82124e-13
59.335	1.13688e-12
59.34	9.09502e-13
59.345	1.13688e-12
59.35	1.13688e-12
59.355	1.13688e-12
59.36	9.09502e-13
59.365	9.09502e-13
59.37	9.09502e-13
59.375	1.13688e-12
59.38	1.13688e-12
59.385	1.13688e-12
59.39	1.13688e-12
59.395	1.13688e-12
59.4	1.13688e-12
59.405	1.13688e-12
59.41	1.13688e-12
59.415	1.13688e-12
59.42	1.13688e-12
59.425	1.36425e-12
59.43	1.13688e-12
59.435	1.13688e-12
59.44	1.13688e-12
59.445	1.36425e-12
59.45	1.13688e-12
59.455	1.36425e-12
59.46	1.59162e-12
59.465	1.36425e-12
59.47	1.13688e-12
59.475	1.13688e-12
59.48	1.36425e-12
59.485	1.13688e-12
59.49	1.13688e-12
59.495	1.13688e-12
59.5	1.13688e-12
59.505	1.13688e-12
59.51	9.09502e-13
59.515	9.09502e-13
59.52	4.54751e-13
59.525	4.54751e-13
59.53	2.27375e-13
59.535	0.0
59.54	0.0
59.545	0.0
59.55	-4.54751e-13
59.555	-6.82124e-13
59.56	-6.82124e-13
59.565	-1.13688e-12
59.57	-1.36425e-12
59.575	-1.36425e-12
59.58	-1.36425e-12
59.585	-1.59162e-12
59.59	-2.04638e-12
59.595	-2.04638e-12
59.6	-2.04638e-12
59.605	-2.27375e-12
59.61	-2.27375e-12
59.615	-2.50112e-12
59.62	-2.27375e-12
59.625	-2.04638e-12
59.63	-2.04638e-12
59.635	-1.819e-12
59.64	-2.04638e-12
59.645	-2.04638e-12
59.65	-1.819e-12
59.655	-1.36425e-12
59.66	-1.36425e-12
59.665	-1.13688e-12
59.67	-1.36425e-12
59.675	-1.36425e-12
59.68	-1.13688e-12
59.685	-9.09502e-13
59.69	-9.09502e-13
59.695	-9.09502e-13
59.7	-6.82124e-13
59.705	-6.82124e-13
59.71	-4.54751e-13
59.715	-4.54751e-13
59.72	-4.54751e-13
59.725	-4.54751e-13
59.73	-4.54751e-13
59.735	-2.27375e-13
59.74	0.0
59.745	0.0
59.75	0.0
59.755	2.27375e-13
59.76	4.54751e-13
59.765	4.54751e-13
59.77	4.54751e-13
59.775	4.54751e-13
59.78	9.09502e-13
59.785	1.13688e-12
59.79	1.13688e-12
59.795	1.36425e-12
59.8	1.819e-12
59.805	1.819e-12
59.81	1.819e-12
59.815	2.27375e-12
59.82	2.27375e-12
59.825	2.27375e-12
59.83	2.27375e-12
59.835	2.50112e-12
59.84	2.50112e-12
59.845	2.50112e-12
59.85	2.50112e-12
59.855	2.50112e-12
59.86	2.50112e-12
59.865	2.7285e-12
59.87	2.7285e-12
59.875	2.7285e-12
59.88	2.7285e-12
59.885	2.50112e-12
59.89	2.50112e-12
59.895	2.27375e-12
59.9	2.50112e-12
59.905	2.27375e-12
59.91	2.27375e-12
59.915	2.27375e-12
59.92	2.27375e-12
59.925	1.819e-12
59.93	1.819e-12
59.935	1.36425e-12
59.94	1.36425e-12
59.945	1.36425e-12
59.95	1.13688e-12
59.955	1.13688e-12
59.96	9.09502e-13
59.965	9.09502e-13
59.97	9.09502e-13
59.975	4.54751e-13
59.98	4.54751e-13
59.985	4.54751e-13
59.99	4.54751e-13
59.995	2.27375e-13
60.0	4.54751e-13
