pos	X
57.0	0.0
57.005	0.0
57.01	0.0
57.015	0.0
57.02	0.0
57.025	0.0
57.03	0.0
57.035	0.0
57.04	0.0
57.045	0.0
57.05	0.0
57.055	0.0
57.06	2.27375e-13
57.065	0.0
57.07	2.27375e-13
57.075	0.0
57.08	0.0
57.085	2.27375e-13
57.09	2.27375e-13
57.095	2.27375e-13
57.1	2.27375e-13
57.105	0.0
57.11	0.0
57.115	0.0
57.12	0.0
57.125	0.0
57.13	0.0
57.135	0.0
57.14	0.0
57.145	0.0
57.15	0.0
57.155	0.0
57.16	2.27375e-13
57.165	4.54751e-13
57.17	2.27375e-13
57.175	0.0
57.18	0.0
57.185	2.27375e-13
57.19	2.27375e-13
57.195	4.54751e-13
57.2	4.54751e-13
57.205	4.54751e-13
57.21	4.54751e-13
57.215	4.54751e-13
57.22	4.54751e-13
57.225	2.27375e-13
57.23	0.0
57.235	0.0
57.24	0.0
57.245	2.27375e-13
57.25	2.27375e-13
57.255	2.27375e-13
57.26	0.0
57.265	0.0
57.27	2.27375e-13
57.275	2.27375e-13
57.28	0.0
57.285	0.0
57.29	0.0
57.295	2.27375e-13
57.3	0.0
57.305	0.0
57.31	2.27375e-13
57.315	2.27375e-13
57.32	4.54751e-13
57.325	2.27375e-13
57.33	2.27375e-13
57.335	4.54751e-13
57.34	2.27375e-13
57.345	4.54751e-13
57.35	4.54751e-13
57.355	2.27375e-13
57.36	0.0
57.365	2.27375e-13
57.37	2.27375e-13
57.375	0.0
57.38	0.0
57.385	2.27375e-13
57.39	0.0
57.395	0.0
57.4	0.0
57.405	0.0
57.41	0.0
57.415	2.27375e-13
57.42	0.0
57.425	2.27375e-13
57.43	2.27375e-13
57.435	2.27375e-13
57.44	0.0
57.445	0.0
57.45	0.0
57.455	0.0
57.46	2.27375e-13
57.465	0.0
57.47	0.0
57.475	0.0
57.48	0.0
57.485	2.27375e-13
57.49	2.27375e-13
57.495	2.27375e-13
57.5	0.0
57.505	0.0
57.51	0.0
57.515	2.27375e-13
57.52	2.27375e-13
57.525	2.27375e-13
57.53	0.0
57.535	0.0
57.54	0.0
57.545	0.0
57.55	2.27375e-13
57.555	2.27375e-13
57.56	2.27375e-13
57.565	2.27375e-13
57.57	2.27375e-13
57.575	2.27375e-13
57.58	2.27375e-13
57.585	2.27375e-13
57.59	2.27375e-13
57.595	0.0
57.6	2.27375e-13
57.605	2.27375e-13
57.61	2.27375e-13
57.615	2.27375e-13
57.62	2.27375e-13
57.625	2.27375e-13
57.63	0.0
57.635	0.0
57.64	2.27375e-13
57.645	2.27375e-13
57.65	2.27375e-13
57.655	2.27375e-13
57.66	0.0
57.665	0.0
57.67	-2.27375e-13
57.675	0.0
57.68	0.0
57.685	0.0
57.69	0.0
57.695	2.27375e-13
57.7	0.0
57.705	2.27375e-13
57.71	0.0
57.715	0.0
57.72	0.0
57.725	0.0
57.73	0.0
57.735	0.0
57.74	0.0
57.745	2.27375e-13
57.75	0.0
57.755	0.0
57.76	2.27375e-13
57.765	0.0
57.77	0.0
57.775	0.0
57.78	2.27375e-13
57.785	0.0
57.79	0.0
57.795	2.27375e-13
57.8	0.0
57.805	0.0
57.81	0.0
57.815	0.0
57.82	0.0
57.825	0.0
57.83	2.27375e-13
57.835	2.27375e-13
57.84	2.27375e-13
57.845	2.27375e-13
57.85	0.0
57.855	0.0
57.86	0.0
57.865	2.27375e-13
57.87	2.27375e-13
57.875	2.27375e-13
57.88	2.27375e-13
57.885	4.54751e-13
57.89	2.27375e-13
57.895	0.0
57.9	0.0
57.905	0.0
57.91	2.27375e-13
57.915	0.0
57.92	2.27375e-13
57.925	2.27375e-13
57.93	2.27375e-13
57.935	0.0
57.94	0.0
57.945	0.0
57.95	2.27375e-13
57.955	2.27375e-13
57.96	0.0
57.965	0.0
57.97	-2.27375e-13
57.975	0.0
57.98	0.0
57.985	0.0
57.99	0.0
57.995	-2.27375e-13
58.0	-2.27375e-13
58.005	-4.54751e-13
58.01	-4.54751e-13
58.015	-6.82124e-13
58.02	-4.54751e-13
58.025	-6.82124e-13
58.03	-2.27375e-13
58.035	0.0
58.04	-2.27375e-13
58.045	0.0
58.05	0.0
58.055	0.0
58.06	0.0
58.065	0.0
58.07	0.0
58.075	2.27375e-13
58.08	4.54751e-13
58.085	6.82124e-13
58.09	9.09502e-13
58.095	9.09502e-13
58.1	1.13688e-12
58.105	1.36425e-12
58.11	1.36425e-12
58.115	1.36425e-12
58.12	1.819e-12
58.125	1.819e-12
58.13	1.36425e-12
58.135	1.36425e-12
58.14	1.13688e-12
58.145	1.13688e-12
58.15	1.13688e-12
58.155	1.13688e-12
58.16	1.13688e-12
58.165	9.09502e-13
58.17	9.09502e-13
58.175	9.09502e-13
58.18	6.82124e-13
58.185	4.54751e-13
58.19	4.54751e-13
58.195	2.27375e-13
58.2	0.0
58.205	0.0
58.21	0.0
58.215	0.0
58.22	-4.54751e-13
58.225	-4.54751e-13
58.23	-4.54751e-13
58.235	-6.82124e-13
58.24	-6.82124e-13
58.245	-4.54751e-13
58.25	-4.54751e-13
58.255	-6.82124e-13
58.26	-6.82124e-13
58.265	-6.82124e-13
58.27	-4.54751e-13
58.275	-2.27375e-13
58.28	-2.27375e-13
58.285	-2.27375e-13
58.29	0.0
58.295	0.0
58.3	0.0
58.305	0.0
58.31	0.0
58.315	0.0
58.32	0.0
58.325	2.27375e-13
58.33	4.54751e-13
58.335	2.27375e-13
58.34	2.27375e-13
58.345	4.54751e-13
58.35	4.54751e-13
58.355	2.27375e-13
58.36	0.0
58.365	2.27375e-13
58.37	0.0
58.375	0.0
58.38	0.0
58.385	2.27375e-13
58.39	2.27375e-13
58.395	2.27375e-13
58.4	4.54751e-13
58.405	4.54751e-13
58.41	2.27375e-13
58.415	2.27375e-13
58.42	2.27375e-13
58.425	0.0
58.43	0.0
58.435	0.0
58.44	2.27375e-13
58.445	0.0
58.45	0.0
58.455	0.0
58.46	0.0
58.465	0.0
58.47	0.0
58.475	0.0
58.48	-2.27375e-13
58.485	-4.54751e-13
58.49	-2.27375e-13
58.495	0.0
58.5	0.0
58.505	0.0
58.51	0.0
58.515	0.0
58.52	0.0
58.525	0.0
58.53	0.0
58.535	0.0
58.54	0.0
58.545	2.27375e-13
58.55	2.27375e-13
58.555	2.27375e-13
58.56	2.27375e-13
58.565	0.0
58.57	0.0
58.575	2.27375e-13
58.58	2.27375e-13
58.585	2.27375e-13
58.59	4.54751e-13
58.595	4.54751e-13
58.6	0.0
58.605	2.27375e-13
58.61	0.0
58.615	0.0
58.62	2.27375e-13
58.625	0.0
58.63	0.0
58.635	2.27375e-13
58.64	0.0
58.645	0.0
58.65	2.27375e-13
58.655	0.0
58.66	0.0
58.665	0.0
58.67	0.0
58.675	2.27375e-13
58.68	2.27375e-13
58.685	4.54751e-13
58.69	2.27375e-13
58.695	0.0
58.7	0.0
58.705	0.0
58.71	0.0
58.715	0.0
58.72	0.0
58.725	0.0
58.73	2.27375e-13
58.735	2.27375e-13
58.74	2.27375e-13
58.745	2.27375e-13
58.75	0.0
58.755	0.0
58.76	2.27375e-13
58.765	4.54751e-13
58.77	4.54751e-13
58.775	2.27375e-13
58.78	2.27375e-13
58.785	2.27375e-13
58.79	0.0
58.795	0.0
58.8	0.0
58.805	4.54751e-13
58.81	2.27375e-13
58.815	2.27375e-13
58.82	2.27375e-13
58.825	2.27375e-13
58.83	2.27375e-13
58.835	4.54751e-13
58.84	2.27375e-13
58.845	0.0
58.85	0.0
58.855	0.0
58.86	0.0
58.865	0.0
58.87	0.0
58.875	0.0
58.88	2.27375e-13
58.885	2.27375e-13
58.89	0.0
58.895	0.0
58.9	0.0
58.905	2.27375e-13
58.91	0.0
58.915	0.0
58.92	0.0
58.925	0.0
58.93	0.0
58.935	2.27375e-13
58.94	4.54751e-13
58.945	2.27375e-13
58.95	2.27375e-13
58.955	4.54751e-13
58.96	0.0
58.965	0.0
58.97	0.0
58.975	0.0
58.98	0.0
58.985	2.27375e-13
58.99	2.27375e-13
58.995	0.0
59.0	0.0
59.005	2.27375e-13
59.01	4.54751e-13
59.015	4.54751e-13
59.02	4.54751e-13
59.025	0.0
59.03	0.0
59.035	0.0
59.04	0.0
59.045	0.0
59.05	0.0
59.055	2.27375e-13
59.06	2.27375e-13
59.065	0.0
59.07	2.27375e-13
59.075	2.27375e-13
59.08	2.27375e-13
59.085	2.27375e-13
59.09	2.27375e-13
59.095	0.0
59.1	2.27375e-13
59.105	2.27375e-13
59.11	2.27375e-13
59.115	2.27375e-13
59.12	2.27375e-13
59.125	2.27375e-13
59.13	2.27375e-13
59.135	4.54751e-13
59.14	2.27375e-13
59.145	0.0
59.15	2.27375e-13
59.155	0.0
59.16	0.0
59.165	0.0
59.17	0.0
59.175	2.27375e-13
59.18	2.27375e-13
59.185	2.27375e-13
59.19	2.27375e-13
59.195	0.0
59.2	0.0
59.205	0.0
59.21	0.0
59.215	2.27375e-13
59.22	0.0
59.225	0.0
59.23	2.27375e-13
59.235	0.0
59.24	0.0
59.245	2.27375e-13
59.25	2.27375e-13
59.255	2.27375e-13
59.26	0.0
59.265	2.27375e-13
59.27	2.27375e-13
59.275	2.27375e-13
59.28	0.0
59.285	0.0
59.29	2.27375e-13
59.295	2.27375e-13
59.3	0.0
59.305	0.0
59.31	2.27375e-13
59.315	2.27375e-13
59.32	4.54751e-13
59.325	0.0
59.33	0.0
59.335	0.0
59.34	2.27375e-13
59.345	2.27375e-13
59.35	4.54751e-13
59.355	4.54751e-13
59.36	2.27375e-13
59.365	0.0
59.37	2.27375e-13
59.375	2.27375e-13
59.38	2.27375e-13
59.385	4.54751e-13
59.39	2.27375e-13
59.395	2.27375e-13
59.4	2.27375e-13
59.405	0.0
59.41	2.27375e-13
59.415	2.27375e-13
59.42	0.0
59.425	2.27375e-13
59.43	4.54751e-13
59.435	2.27375e-13
59.44	2.27375e-13
59.445	2.27375e-13
59.45	2.27375e-13
59.455	0.0
59.46	0.0
59.465	2.27375e-13
59.47	2.27375e-13
59.475	0.0
59.48	0.0
59.485	0.0
59.49	0.0
59.495	2.27375e-13
59.5	2.27375e-13
59.505	0.0
59.51	0.0
59.515	2.27375e-13
59.52	4.54751e-13
59.525	2.27375e-13
59.53	2.27375e-13
59.535	0.0
59.54	0.0
59.545	2.27375e-13
59.55	2.27375e-13
59.555	0.0
59.56	0.0
59.565	0.0
59.57	0.0
59.575	2.27375e-13
59.58	2.27375e-13
59.585	0.0
59.59	0.0
59.595	0.0
59.6	0.0
59.605	2.27375e-13
59.61	2.27375e-13
59.615	0.0
59.62	0.0
59.625	0.0
59.63	2.27375e-13
59.635	2.27375e-13
59.64	0.0
59.645	0.0
59.65	0.0
59.655	0.0
59.66	0.0
59.665	0.0
59.67	2.27375e-13
59.675	2.27375e-13
59.68	2.27375e-13
59.685	2.27375e-13
59.69	0.0
59.695	0.0
59.7	2.27375e-13
59.705	4.54751e-13
59.71	2.27375e-13
59.715	2.27375e-13
59.72	0.0
59.725	0.0
59.73	2.27375e-13
59.735	2.27375e-13
59.74	0.0
59.745	4.54751e-13
59.75	4.54751e-13
59.755	4.54751e-13
59.76	4.54751e-13
59.765	4.54751e-13
59.77	4.54751e-13
59.775	2.27375e-13
59.78	2.27375e-13
59.785	2.27375e-13
59.79	4.54751e-13
59.795	4.54751e-13
59.8	4.54751e-13
59.805	4.54751e-13
59.81	0.0
59.815	2.27375e-13
59.82	2.27375e-13
59.825	4.54751e-13
59.83	2.27375e-13
59.835	0.0
59.84	0.0
59.845	0.0
59.85	0.0
59.855	0.0
59.86	0.0
59.865	0.0
59.87	0.0
59.875	0.0
59.88	0.0
59.885	0.0
59.89	0.0
59.895	0.0
59.9	-2.27375e-13
59.905	-6.82124e-13
59.91	-6.82124e-13
59.915	-6.82124e-13
59.92	-6.82124e-13
59.925	-6.82124e-13
59.93	-6.82124e-13
59.935	-4.54751e-13
59.94	-2.27375e-13
59.945	0.0
59.95	0.0
59.955	-2.27375e-13
59.96	-4.54751e-13
59.965	0.0
59.97	0.0
59.975	2.27375e-13
59.98	0.0
59.985	2.27375e-13
59.99	4.54751e-13
59.995	4.54751e-13
60.0	2.27375e-13
