pos	X
57.0	0.0
57.005	0.0
57.01	0.0
57.015	2.27375e-13
57.02	0.0
57.025	2.27375e-13
57.03	2.27375e-13
57.035	2.27375e-13
57.04	2.27375e-13
57.045	2.27375e-13
57.05	4.54751e-13
57.055	4.54751e-13
57.06	4.54751e-13
57.065	2.27375e-13
57.07	2.27375e-13
57.075	0.0
57.08	-2.27375e-13
57.085	0.0
57.09	2.27375e-13
57.095	2.27375e-13
57.1	2.27375e-13
57.105	2.27375e-13
57.11	2.27375e-13
57.115	0.0
57.12	2.27375e-13
57.125	0.0
57.13	0.0
57.135	2.27375e-13
57.14	0.0
57.145	0.0
57.15	2.27375e-13
57.155	0.0
57.16	0.0
57.165	0.0
57.17	0.0
57.175	2.27375e-13
57.18	2.27375e-13
57.185	2.27375e-13
57.19	2.27375e-13
57.195	2.27375e-13
57.2	2.27375e-13
57.205	2.27375e-13
57.21	2.27375e-13
57.215	4.54751e-13
57.22	4.54751e-13
57.225	4.54751e-13
57.23	4.54751e-13
57.235	2.27375e-13
57.24	2.27375e-13
57.245	2.27375e-13
57.25	2.27375e-13
57.255	2.27375e-13
57.26	4.54751e-13
57.265	4.54751e-13
57.27	4.54751e-13
57.275	4.54751e-13
57.28	4.54751e-13
57.285	2.27375e-13
57.29	2.27375e-13
57.295	4.54751e-13
57.3	2.27375e-13
57.305	2.27375e-13
57.31	4.54751e-13
57.315	4.54751e-13
57.32	2.27375e-13
57.325	4.54751e-13
57.33	4.54751e-13
57.335	2.27375e-13
57.34	4.54751e-13
57.345	4.54751e-13
57.35	4.54751e-13
57.355	4.54751e-13
57.36	2.27375e-13
57.365	2.27375e-13
57.37	2.27375e-13
57.375	4.54751e-13
57.38	4.54751e-13
57.385	4.54751e-13
57.39	4.54751e-13
57.395	2.27375e-13
57.4	2.27375e-13
57.405	2.27375e-13
57.41	4.54751e-13
57.415	4.54751e-13
57.42	4.54751e-13
57.425	4.54751e-13
57.43	4.54751e-13
57.435	4.54751e-13
57.44	4.54751e-13
57.445	4.54751e-13
57.45	2.27375e-13
57.455	4.54751e-13
57.46	2.27375e-13
57.465	4.54751e-13
57.47	4.54751e-13
57.475	4.54751e-13
57.48	2.27375e-13
57.485	2.27375e-13
57.49	4.54751e-13
57.495	4.54751e-13
57.5	4.54751e-13
57.505	2.27375e-13
57.51	0.0
57.515	0.0
57.52	0.0
57.525	2.27375e-13
57.53	2.27375e-13
57.535	4.54751e-13
57.54	4.54751e-13
57.545	2.27375e-13
57.55	2.27375e-13
57.555	4.54751e-13
57.56	4.54751e-13
57.565	4.54751e-13
57.57	2.27375e-13
57.575	2.27375e-13
57.58	2.27375e-13
57.585	4.54751e-13
57.59	2.27375e-13
57.595	4.54751e-13
57.6	4.54751e-13
57.605	2.27375e-13
57.61	2.27375e-13
57.615	2.27375e-13
57.62	2.27375e-13
57.625	2.27375e-13
57.63	4.54751e-13
57.635	2.27375e-13
57.64	4.54751e-13
57.645	4.54751e-13
57.65	2.27375e-13
57.655	2.27375e-13
57.66	2.27375e-13
57.665	4.54751e-13
57.67	4.54751e-13
57.675	2.27375e-13
57.68	4.54751e-13
57.685	2.27375e-13
57.69	2.27375e-13
57.695	2.27375e-13
57.7	4.54751e-13
57.705	4.54751e-13
57.71	4.54751e-13
57.715	2.27375e-13
57.72	0.0
57.725	0.0
57.73	2.27375e-13
57.735	4.54751e-13
57.74	4.54751e-13
57.745	4.54751e-13
57.75	4.54751e-13
57.755	4.54751e-13
57.76	4.54751e-13
57.765	4.54751e-13
57.77	4.54751e-13
57.775	2.27375e-13
57.78	2.27375e-13
57.785	4.54751e-13
57.79	4.54751e-13
57.795	6.82124e-13
57.8	6.82124e-13
57.805	4.54751e-13
57.81	4.54751e-13
57.815	2.27375e-13
57.82	4.54751e-13
57.825	4.54751e-13
57.83	4.54751e-13
57.835	2.27375e-13
57.84	0.0
57.845	2.27375e-13
57.85	2.27375e-13
57.855	4.54751e-13
57.86	4.54751e-13
57.865	4.54751e-13
57.87	2.27375e-13
57.875	4.54751e-13
57.88	4.54751e-13
57.885	2.27375e-13
57.89	4.54751e-13
57.895	4.54751e-13
57.9	2.27375e-13
57.905	2.27375e-13
57.91	2.27375e-13
57.915	2.27375e-13
57.92	2.27375e-13
57.925	0.0
57.93	0.0
57.935	2.27375e-13
57.94	0.0
57.945	0.0
57.95	0.0
57.955	0.0
57.96	0.0
57.965	0.0
57.97	0.0
57.975	-2.27375e-13
57.98	-2.27375e-13
57.985	-2.27375e-13
57.99	-2.27375e-13
57.995	-4.54751e-13
58.0	-6.82124e-13
58.005	-6.82124e-13
58.01	-6.82124e-13
58.015	-4.54751e-13
58.02	-6.82124e-13
58.025	-6.82124e-13
58.03	-6.82124e-13
58.035	-4.54751e-13
58.04	-4.54751e-13
58.045	-4.54751e-13
58.05	-4.54751e-13
58.055	0.0
58.06	2.27375e-13
58.065	2.27375e-13
58.07	4.54751e-13
58.075	6.82124e-13
58.08	9.09502e-13
58.085	1.13688e-12
58.09	1.59162e-12
58.095	1.819e-12
58.1	1.819e-12
58.105	2.04638e-12
58.11	2.27375e-12
58.115	2.27375e-12
58.12	2.50112e-12
58.125	2.27375e-12
58.13	2.27375e-12
58.135	2.27375e-12
58.14	2.27375e-12
58.145	2.27375e-12
58.15	2.27375e-12
58.155	2.04638e-12
58.16	1.819e-12
58.165	1.59162e-12
58.17	1.59162e-12
58.175	1.36425e-12
58.18	1.13688e-12
58.185	9.09502e-13
58.19	4.54751e-13
58.195	0.0
58.2	0.0
58.205	0.0
58.21	0.0
58.215	-2.27375e-13
58.22	-6.82124e-13
58.225	-6.82124e-13
58.23	-6.82124e-13
58.235	-6.82124e-13
58.24	-6.82124e-13
58.245	-6.82124e-13
58.25	-6.82124e-13
58.255	-6.82124e-13
58.26	-4.54751e-13
58.265	-6.82124e-13
58.27	-4.54751e-13
58.275	-2.27375e-13
58.28	-2.27375e-13
58.285	0.0
58.29	0.0
58.295	0.0
58.3	0.0
58.305	2.27375e-13
58.31	2.27375e-13
58.315	0.0
58.32	0.0
58.325	0.0
58.33	2.27375e-13
58.335	2.27375e-13
58.34	4.54751e-13
58.345	4.54751e-13
58.35	4.54751e-13
58.355	4.54751e-13
58.36	4.54751e-13
58.365	4.54751e-13
58.37	2.27375e-13
58.375	2.27375e-13
58.38	2.27375e-13
58.385	4.54751e-13
58.39	4.54751e-13
58.395	0.0
58.4	0.0
58.405	2.27375e-13
58.41	0.0
58.415	0.0
58.42	0.0
58.425	-2.27375e-13
58.43	-2.27375e-13
58.435	0.0
58.44	0.0
58.445	0.0
58.45	0.0
58.455	-2.27375e-13
58.46	-2.27375e-13
58.465	-2.27375e-13
58.47	-2.27375e-13
58.475	0.0
58.48	0.0
58.485	-2.27375e-13
58.49	0.0
58.495	0.0
58.5	0.0
58.505	0.0
58.51	2.27375e-13
58.515	0.0
58.52	0.0
58.525	0.0
58.53	0.0
58.535	2.27375e-13
58.54	2.27375e-13
58.545	2.27375e-13
58.55	2.27375e-13
58.555	4.54751e-13
58.56	2.27375e-13
58.565	2.27375e-13
58.57	2.27375e-13
58.575	2.27375e-13
58.58	4.54751e-13
58.585	4.54751e-13
58.59	2.27375e-13
58.595	4.54751e-13
58.6	4.54751e-13
58.605	4.54751e-13
58.61	4.54751e-13
58.615	4.54751e-13
58.62	4.54751e-13
58.625	4.54751e-13
58.63	4.54751e-13
58.635	4.54751e-13
58.64	4.54751e-13
58.645	4.54751e-13
58.65	2.27375e-13
58.655	4.54751e-13
58.66	0.0
58.665	0.0
58.67	2.27375e-13
58.675	2.27375e-13
58.68	2.27375e-13
58.685	4.54751e-13
58.69	2.27375e-13
58.695	0.0
58.7	2.27375e-13
58.705	0.0
58.71	0.0
58.715	0.0
58.72	0.0
58.725	0.0
58.73	2.27375e-13
58.735	4.54751e-13
58.74	2.27375e-13
58.745	4.54751e-13
58.75	2.27375e-13
58.755	2.27375e-13
58.76	4.54751e-13
58.765	0.0
58.77	2.27375e-13
58.775	2.27375e-13
58.78	0.0
58.785	0.0
58.79	0.0
58.795	0.0
58.8	0.0
58.805	0.0
58.81	2.27375e-13
58.815	4.54751e-13
58.82	2.27375e-13
58.825	2.27375e-13
58.83	2.27375e-13
58.835	0.0
58.84	2.27375e-13
58.845	2.27375e-13
58.85	4.54751e-13
58.855	4.54751e-13
58.86	2.27375e-13
58.865	2.27375e-13
58.87	2.27375e-13
58.875	2.27375e-13
58.88	0.0
58.885	2.27375e-13
58.89	0.0
58.895	0.0
58.9	0.0
58.905	2.27375e-13
58.91	2.27375e-13
58.915	4.54751e-13
58.92	4.54751e-13
58.925	4.54751e-13
58.93	2.27375e-13
58.935	2.27375e-13
58.94	4.54751e-13
58.945	4.54751e-13
58.95	0.0
58.955	2.27375e-13
58.96	2.27375e-13
58.965	2.27375e-13
58.97	2.27375e-13
58.975	2.27375e-13
58.98	2.27375e-13
58.985	4.54751e-13
58.99	2.27375e-13
58.995	2.27375e-13
59.0	0.0
59.005	2.27375e-13
59.01	0.0
59.015	0.0
59.02	2.27375e-13
59.025	0.0
59.03	0.0
59.035	2.27375e-13
59.04	0.0
59.045	0.0
59.05	2.27375e-13
59.055	4.54751e-13
59.06	2.27375e-13
59.065	2.27375e-13
59.07	2.27375e-13
59.075	4.54751e-13
59.08	4.54751e-13
59.085	2.27375e-13
59.09	2.27375e-13
59.095	4.54751e-13
59.1	4.54751e-13
59.105	4.54751e-13
59.11	4.54751e-13
59.115	2.27375e-13
59.12	2.27375e-13
59.125	2.27375e-13
59.13	2.27375e-13
59.135	4.54751e-13
59.14	4.54751e-13
59.145	2.27375e-13
59.15	2.27375e-13
59.155	2.27375e-13
59.16	0.0
59.165	2.27375e-13
59.17	2.27375e-13
59.175	2.27375e-13
59.18	4.54751e-13
59.185	4.54751e-13
59.19	4.54751e-13
59.195	4.54751e-13
59.2	4.54751e-13
59.205	2.27375e-13
59.21	4.54751e-13
59.215	4.54751e-13
59.22	4.54751e-13
59.225	4.54751e-13
59.23	4.54751e-13
59.235	4.54751e-13
59.24	2.27375e-13
59.245	4.54751e-13
59.25	2.27375e-13
59.255	2.27375e-13
59.26	2.27375e-13
59.265	4.54751e-13
59.27	6.82124e-13
59.275	6.82124e-13
59.28	6.82124e-13
59.285	4.54751e-13
59.29	4.54751e-13
59.295	4.54751e-13
59.3	2.27375e-13
59.305	4.54751e-13
59.31	4.54751e-13
59.315	4.54751e-13
59.32	2.27375e-13
59.325	2.27375e-13
59.33	4.54751e-13
59.335	2.27375e-13
59.34	2.27375e-13
59.345	2.27375e-13
59.35	4.54751e-13
59.355	2.27375e-13
59.36	4.54751e-13
59.365	4.54751e-13
59.37	4.54751e-13
59.375	4.54751e-13
59.38	4.54751e-13
59.385	4.54751e-13
59.39	4.54751e-13
59.395	4.54751e-13
59.4	4.54751e-13
59.405	4.54751e-13
59.41	4.54751e-13
59.415	4.54751e-13
59.42	0.0
59.425	2.27375e-13
59.43	4.54751e-13
59.435	2.27375e-13
59.44	2.27375e-13
59.445	2.27375e-13
59.45	0.0
59.455	2.27375e-13
59.46	4.54751e-13
59.465	2.27375e-13
59.47	0.0
59.475	2.27375e-13
59.48	2.27375e-13
59.485	2.27375e-13
59.49	0.0
59.495	2.27375e-13
59.5	4.54751e-13
59.505	4.54751e-13
59.51	4.54751e-13
59.515	4.54751e-13
59.52	4.54751e-13
59.525	4.54751e-13
59.53	4.54751e-13
59.535	4.54751e-13
59.54	4.54751e-13
59.545	2.27375e-13
59.55	4.54751e-13
59.555	2.27375e-13
59.56	2.27375e-13
59.565	0.0
59.57	2.27375e-13
59.575	2.27375e-13
59.58	2.27375e-13
59.585	2.27375e-13
59.59	2.27375e-13
59.595	4.54751e-13
59.6	4.54751e-13
59.605	2.27375e-13
59.61	2.27375e-13
59.615	2.27375e-13
59.62	2.27375e-13
59.625	2.27375e-13
59.63	2.27375e-13
59.635	2.27375e-13
59.64	2.27375e-13
59.645	2.27375e-13
59.65	2.27375e-13
59.655	2.27375e-13
59.66	4.54751e-13
59.665	4.54751e-13
59.67	2.27375e-13
59.675	4.54751e-13
59.68	2.27375e-13
59.685	4.54751e-13
59.69	4.54751e-13
59.695	4.54751e-13
59.7	4.54751e-13
59.705	2.27375e-13
59.71	0.0
59.715	2.27375e-13
59.72	2.27375e-13
59.725	4.54751e-13
59.73	4.54751e-13
59.735	4.54751e-13
59.74	4.54751e-13
59.745	4.54751e-13
59.75	4.54751e-13
59.755	4.54751e-13
59.76	4.54751e-13
59.765	4.54751e-13
59.77	6.82124e-13
59.775	4.54751e-13
59.78	4.54751e-13
59.785	4.54751e-13
59.79	6.82124e-13
59.795	4.54751e-13
59.8	6.82124e-13
59.805	4.54751e-13
59.81	4.54751e-13
59.815	4.54751e-13
59.82	4.54751e-13
59.825	4.54751e-13
59.83	4.54751e-13
59.835	4.54751e-13
59.84	4.54751e-13
59.845	4.54751e-13
59.85	2.27375e-13
59.855	2.27375e-13
59.86	0.0
59.865	2.27375e-13
59.87	4.54751e-13
59.875	2.27375e-13
59.88	-2.27375e-13
59.885	-4.54751e-13
59.89	-6.82124e-13
59.895	-6.82124e-13
59.9	-6.82124e-13
59.905	-6.82124e-13
59.91	-6.82124e-13
59.915	-6.82124e-13
59.92	-6.82124e-13
59.925	-6.82124e-13
59.93	-9.09502e-13
59.935	-6.82124e-13
59.94	-6.82124e-13
59.945	-6.82124e-13
59.95	-4.54751e-13
59.955	-2.27375e-13
59.96	0.0
59.965	-2.27375e-13
59.97	-2.27375e-13
59.975	0.0
59.98	2.27375e-13
59.985	2.27375e-13
59.99	4.54751e-13
59.995	4.54751e-13
60.0	6.82124e-13
