pos X
373.59178662193034 -1.1368800000000003e-13
373.6251430314502 -3.41062e-13
373.65849944096993 -3.41063e-13
373.6918558504898 -4.54751e-13
373.72521226000964 -3.4106350000000006e-13
373.7585686695294 -1.1368649999999999e-13
373.79192507904924 -5.6844e-13
373.82528148856903 -3.41062e-13
373.85863789808883 -2.2737800000000004e-13
373.8919943076087 -1.1368900000000002e-13
373.9253507171285 1.136875e-13
373.9587071266483 -1.023187e-12
373.99206353616813 -7.958124999999999e-13
374.02541994568793 -1.023191e-12
374.0587763552077 -3.41062e-13
374.0921327647276 -3.4106350000000006e-13
374.1254891742474 -6.82124e-13
374.15884558376723 0.0
374.19220199328703 -1.023187e-12
374.2255584028068 -6.82125e-13
374.2589148123267 2.2737800000000004e-13
374.2922712218464 -1.1368499999999993e-13
374.3256276313663 -5.6844e-13
374.3589840408861 -2.273755e-13
374.39234045040587 -3.41063e-13
374.4256968599257 -2.273755e-13
374.4590532694456 -6.821265e-13
374.4924096789653 1.136875e-13
374.52576608848517 -5.6844e-13
374.559122498005 -2.273755e-13
374.59247890752476 0.0
374.6258353170446 1.1368900000000002e-13
374.6591917265644 -1.1368649999999999e-13
374.6925481360842 0.0
374.72590454560407 -2.2737450000000004e-13
374.75926095512386 -3.41062e-13
374.79261736464366 -7.95813e-13
374.8259737741635 -2.273755e-13
374.8593301836833 -3.41062e-13
374.8926865932031 -6.821265e-13
374.92604300272296 -9.09502e-13
374.95939941224276 -5.684385e-13
374.99275582176256 1.1368900000000002e-13
375.0261122312824 -6.821225000000001e-13
375.0594686408022 4.54751e-13
375.092825050322 2.2737800000000004e-13
375.1261814598418 -4.547525000000001e-13
375.15953786936166 -6.821265e-13
375.1928942788815 -6.82124e-13
375.22625068840125 -7.95813e-13
375.2596070979211 -2.2737450000000004e-13
375.29296350744096 2.273755e-13
375.3263199169607 -3.41062e-13
375.35967632648055 0.0
375.3930327360004 -3.41062e-13
375.42638914552015 -5.684375e-13
375.45974555504 -5.684375e-13
375.4931019645598 -4.54751e-13
375.5264583740796 2.2737450000000004e-13
375.55981478359945 1.136875e-13
375.59317119311925 1.1368900000000002e-13
375.62652760263904 2.273755e-13
375.6598840121589 0.0
375.6932404216787 4.54751e-13
375.7265968311985 2.2737450000000004e-13
375.75995324071835 0.0
375.79330965023814 1.1368649999999999e-13
375.82666605975794 2.2737800000000004e-13
375.8600224692778 5.6844e-13
375.8933788787976 -1.1368649999999999e-13
375.9267352883174 -9.095005e-13
375.9600916978372 1.136875e-13
375.99344810735704 4.54751e-13
376.02680451687684 -4.54751e-13
376.06016092639663 -1.023187e-12
376.0935173359165 -4.54751e-13
376.1268737454363 -3.41062e-13
376.1602301549561 2.273755e-13
376.19358656447594 7.958155000000001e-13
376.22694297399573 5.6844e-13
376.26029938351553 1.1368649999999999e-13
376.2936557930354 2.27375e-13
376.3270122025552 3.4106350000000006e-13
376.360368612075 -4.54751e-13
376.39372502159483 0.0
376.42708143111463 1.136875e-13
376.4604378406344 1.136875e-13
376.4937942501543 5.6844e-13
376.5271506596741 5.684385e-13
376.5605070691939 -1.1368800000000003e-13
376.59386347871373 1.1368800000000003e-13
376.6272198882335 4.54751e-13
376.6605762977533 2.273755e-13
376.6939327072732 2.273755e-13
376.727289116793 -2.273755e-13
376.76064552631277 2.273755e-13
376.79400193583257 0.0
376.8273583453524 -2.2737450000000004e-13
376.8607147548722 -1.136875e-13
376.894071164392 1.1368649999999999e-13
376.92742757391187 7.958155000000001e-13
376.96078398343167 1.1368649999999999e-13
376.99414039295146 -5.684375e-13
377.0274968024713 -6.82125e-13
377.0608532119911 -2.273755e-13
377.0942096215109 -1.36425e-12
377.12756603103077 1.1368800000000003e-13
377.16092244055056 0.0
377.19427885007036 -4.54751e-13
377.2276352595902 -1.250565e-12
377.26099166911 -2.273755e-13
377.2943480786298 0.0
377.32770448814966 -1.1368649999999999e-13
377.36106089766946 2.27375e-13
377.39441730718926 -4.54751e-13
377.4277737167091 -9.095e-13
377.4611301262289 -1.023187e-12
377.4944865357487 -4.547489999999999e-13
377.52784294526856 -5.684375e-13
377.56119935478836 -9.09502e-13
377.59455576430815 -2.273755e-13
377.62791217382795 -1.250561e-12
377.6612685833478 -7.95813e-13
377.6946249928676 -1.59162e-12
377.7279814023874 -1.5916249999999999e-12
377.76133781190725 -9.095e-13
377.79469422142705 -5.684345e-13
377.82805063094685 -9.09502e-13
377.8614070404667 -3.41062e-13
377.8947634499865 -6.821265e-13
377.9281198595063 -3.41062e-13
377.96147626902615 2.273755e-13
377.99483267854595 -3.41062e-13
378.02818908806574 -1.1368649999999999e-13
378.0615454975856 -6.82125e-13
378.0949019071054 -6.821275e-13
378.1282583166252 1.1368800000000003e-13
378.16161472614505 2.273755e-13
378.19497113566484 -4.547495e-13
378.22832754518464 3.41063e-13
378.2616839547045 -1.136875e-13
378.2950403642243 -2.2737450000000004e-13
378.3283967737441 2.273755e-13
378.36175318326394 -1.023187e-12
378.39510959278374 -2.273755e-13
378.42846600230354 -5.684385e-13
378.46182241182333 -1.023187e-12
378.4951788213432 -5.684385e-13
378.528535230863 -9.09502e-13
378.5618916403828 -3.41063e-13
378.59524804990264 -1.136876e-12
378.62860445942243 -7.958155000000001e-13
378.66196086894223 -5.684375e-13
378.6953172784621 -1.136876e-12
378.7286736879819 -9.09502e-13
378.7620300975017 3.4106450000000004e-13
378.79538650702153 -6.821265e-13
378.82874291654133 -7.95813e-13
378.8620993260611 -1.1368720000000001e-12
378.895455735581 -1.0231875e-12
378.9288121451008 -1.023187e-12
378.9621685546206 -9.09502e-13
378.99552496414043 -5.6844e-13
379.0288813736602 -1.36425e-12
379.06223778318 -7.95813e-13
379.0955941926999 -6.821275e-13
379.1289506022197 -3.41062e-13
379.1623070117395 -5.6844e-13
379.1956634212593 -6.82124e-13
379.2290198307791 -1.250565e-12
379.2623762402989 -9.09502e-13
379.2957326498187 -1.023191e-12
379.32908905933857 -1.47794e-12
379.36244546885837 -1.250565e-12
379.39580187837817 -1.136876e-12
379.429158287898 -1.136876e-12
379.4625146974178 -6.82125e-13
379.4958711069376 -5.684375e-13
379.52922751645747 -9.09502e-13
379.56258392597726 -1.023187e-12
379.59594033549706 -4.547495e-13
379.6292967450169 -6.82124e-13
379.66265315453666 -5.6844e-13
379.6960095640565 -1.364251e-12
379.72936597357636 -6.82125e-13
379.76272238309616 -6.821265e-13
379.79607879261596 -1.36425e-12
379.8294352021358 -9.095005e-13
379.8627916116556 -4.54751e-13
379.8961480211754 -6.82125e-13
379.92950443069526 -9.09502e-13
379.96286084021506 -9.095005e-13
379.99621724973485 -5.6844e-13
380.0295736592547 -5.684375e-13
380.0629300687745 -6.82125e-13
380.0962864782943 -5.6844e-13
380.1296428878141 -1.364251e-12
380.16299929733395 -1.0231855e-12
380.19635570685375 -6.82124e-13
380.22971211637355 -1.1368755e-12
380.2630685258934 -2.273755e-13
380.2964249354132 -1.136875e-13
380.329781344933 -1.250561e-12
380.36313775445285 -6.821244999999999e-13
380.39649416397265 3.41062e-13
380.42985057349244 -3.41062e-13
380.4632069830123 -2.273755e-13
380.49656339253204 -5.684385e-13
380.5299198020519 3.41063e-13
380.56327621157175 5.684385e-13
380.5966326210915 0.0
380.62998903061134 -3.4106450000000004e-13
380.6633454401312 -3.41062e-13
380.69670184965094 -2.2737450000000004e-13
380.7300582591708 -1.364252e-12
380.76341466869064 -1.250565e-12
380.79677107821044 -1.250565e-12
380.83012748773024 -1.1368775e-12
380.8634838972501 -6.821275e-13
380.8968403067699 -4.547495e-13
380.9301967162897 -1.250565e-12
380.9635531258095 -1.477937e-12
380.99690953532934 -1.5916300000000002e-12
381.03026594484913 -1.47794e-12
381.06362235436893 -1.0231855e-12
381.0969787638888 -6.821275e-13
381.1303351734086 -6.821275e-13
381.1636915829284 -1.2505619999999998e-12
381.19704799244823 -1.136875e-13
381.23040440196803 -5.6844e-13
381.2637608114878 -5.684385e-13
381.2971172210077 -1.1368649999999999e-13
381.3304736305274 -4.54751e-13
381.3638300400473 -4.547495e-13
381.39718644956713 -3.41063e-13
381.43054285908687 -1.1368649999999999e-13
381.4638992686067 -9.09502e-13
381.4972556781266 -3.41062e-13
381.5306120876463 -4.547525000000001e-13
381.5639684971662 -1.023187e-12
381.597324906686 -7.958124999999999e-13
381.63068131620577 -7.95813e-13
381.6640377257256 -3.41063e-13
381.6973941352455 -3.41062e-13
381.7307505447652 -1.136876e-12
381.76410695428507 -1.1368649999999999e-13
381.79746336380487 1.1368800000000003e-13
381.8308197733247 0.0
381.8641761828445 2.273755e-13
381.8975325923643 3.41062e-13
381.93088900188417 0.0
381.96424541140397 3.41062e-13
381.99760182092376 5.684375e-13
382.0309582304436 4.54751e-13
382.0643146399634 5.6844e-13
382.0976710494832 5.684375e-13
382.13102745900306 1.13688e-12
382.1643838685228 9.09502e-13
382.19774027804266 1.023191e-12
382.2310966875625 5.6844e-13
382.26445309708225 1.0231855e-12
382.2978095066021 1.8190000000000002e-12
382.33116591612196 1.250565e-12
382.3645223256417 2.160065e-12
382.39787873516156 2.5011250000000002e-12
382.4312351446814 1.5916249999999999e-12
382.46459155420115 2.046375e-12
382.497947963721 2.955875e-12
382.53130437324086 2.61481e-12
382.5646607827606 3.29694e-12
382.59801719228045 3.751685e-12
382.63137360180025 3.29694e-12
382.66473001132005 3.751685e-12
382.6980864208399 3.86538e-12
382.7314428303597 4.888565e-12
382.7647992398795 4.32013e-12
382.79815564939935 5.0022500000000004e-12
382.83151205891915 5.0022500000000004e-12
382.864868468439 5.5706849999999995e-12
382.8982248779588 6.48018e-12
382.9315812874786 5.3433100000000006e-12
382.96493769699845 5.68437e-12
382.9982941065182 6.13912e-12
383.03165051603804 6.593865e-12
383.0650069255579 6.252805e-12
383.09836333507764 6.3664899999999995e-12
383.1317197445975 7.16231e-12
383.16507615411734 7.048625e-12
383.1984325636371 7.389700000000001e-12
383.23178897315694 7.389685e-12
383.2651453826768 7.61706e-12
383.29850179219653 7.048625e-12
383.3318582017164 7.844435e-12
383.36521461123624 7.503375e-12
383.398571020756 8.299195e-12
383.43192743027583 8.526565e-12
383.46528383979563 6.82124e-12
383.49864024931543 7.276e-12
383.5319966588353 6.593875e-12
383.5653530683551 6.48019e-12
383.5987094778749 7.16231e-12
383.63206588739473 7.048625e-12
383.6654222969145 6.70755e-12
383.6987787064343 6.82125e-12
383.7321351159542 7.389684999999999e-12
383.765491525474 6.48019e-12
383.7988479349938 5.9117550000000006e-12
383.83220434451357 4.774875e-12
383.8655607540334 3.2969400000000003e-12
383.8989171635533 3.410625e-12
383.932273573073 2.7284950000000003e-12
383.9656299825929 2.501127e-12
383.9989863921127 1.47794e-12
384.03234280163247 4.547525000000001e-13
384.0656992111523 -6.821225000000001e-13
384.0990556206722 -3.5243100000000004e-12
384.1324120301919 -3.1832449999999997e-12
384.16576843971177 -5.798055e-12
384.1991248492316 -8.071805e-12
384.23248125875136 -1.0004475e-11
384.2658376682712 -1.1596150000000001e-11
384.299194077791 -1.5461499999999997e-11
384.3325504873108 -1.875845e-11
384.36590689683067 -2.319225e-11
384.39926330635046 -2.77397e-11
384.43261971587026 -3.3083099999999997e-11
384.4659761253901 -3.83127e-11
384.4993325349099 -4.51339e-11
384.5326889444297 -5.343305e-11
384.56604535394956 -6.1505e-11
384.59940176346936 -7.139575e-11
384.63275817298916 -8.15139e-11
384.66611458250895 -9.39058e-11
384.6994709920288 -1.06525e-10
384.7328274015486 -1.206225e-10
384.7661838110684 -1.391535e-10
384.79954022058826 -1.5336450000000001e-10
384.83289663010805 -1.750785e-10
384.86625303962785 -1.889485e-10
384.8996094491477 -2.0918449999999998e-10
384.9329658586675 -2.326045e-10
384.9663222681873 -2.44315e-10
384.99967867770715 -2.730775e-10
385.033035087227 -2.81263e-10
385.06639149674675 -3.029775e-10
385.0997479062666 -3.152555e-10
385.1331043157864 -3.16961e-10
385.1664607253062 -3.304895e-10
385.19981713482605 -3.187795e-10
385.23317354434585 -3.1957549999999996e-10
385.26652995386564 -2.946785e-10
385.2998863633855 -2.7557850000000003e-10
385.3332427729053 -2.44087e-10
385.3665991824251 -1.987255e-10
385.39995559194494 -1.4552e-10
385.43331200146474 -8.276445e-11
385.46666841098454 -7.617060000000001e-12
385.50002482050434 7.332850000000001e-11
385.5333812300242 1.678025e-10
385.566737639544 2.596625e-10
385.6000940490638 3.558415e-10
385.63345045858364 4.75442e-10
385.66680686810344 5.6048e-10
385.70016327762323 6.812149999999999e-10
385.7335196871431 7.420375000000001e-10
385.7668760966629 8.251425e-10
385.8002325061827 9.092725e-10
385.83358891570253 9.213235e-10
385.86694532522233 9.83853e-10
385.90030173474213 9.629344999999999e-10
385.933658144262 9.73733e-10
385.9670145537818 9.34284e-10
386.0003709633016 8.703899999999999e-10
386.03372737282143 8.19231e-10
386.06708378234123 7.211195e-10
386.100440191861 6.266454999999999e-10
386.1337966013809 5.05683e-10
386.1671530109007 3.9324449999999996e-10
386.2005094204205 2.56934e-10
386.2338658299403 1.28353e-10
386.2672222394601 -8.640255e-12
386.3005786489799 -1.0766200000000001e-10
386.3339350584997 -2.39199e-10
386.3672914680196 -3.3287699999999997e-10
386.40064787753937 -4.34741e-10
386.43400428705917 -5.039775e-10
386.467360696579 -5.651410000000001e-10
386.5007171060988 -6.47564e-10
386.5340735156186 -6.59956e-10
386.56742992513847 -7.08614e-10
386.60078633465827 -7.029295e-10
386.63414274417806 -7.091825e-10
386.6674991536979 -7.09523e-10
386.7008555632177 -6.67345e-10
386.7342119727375 -6.457445000000001e-10
386.76756838225737 -5.96973e-10
386.80092479177716 -5.649134999999999e-10
386.83428120129696 -5.050005e-10
386.8676376108168 -4.4338e-10
386.9009940203366 -3.8608250000000005e-10
386.9343504298564 -3.2446399999999997e-10
386.96770683937626 -2.63755e-10
387.00106324889606 -1.9861200000000002e-10
387.03441965841586 -1.384715e-10
387.0677760679357 -8.185495000000001e-11
387.1011324774555 -2.967245e-11
387.1344888869753 2.1714300000000003e-11
387.1678452964951 5.854905e-11
387.20120170601496 1.06525e-10
387.23455811553475 1.34379e-10
387.26791452505455 1.7087200000000002e-10
387.3012709345744 1.89517e-10
387.3346273440942 2.05433e-10
387.367983753614 2.2908e-10
387.40134016313385 2.277155e-10
387.43469657265365 2.40904e-10
387.46805298217345 2.3180849999999999e-10
387.5014093916933 2.31013e-10
387.5347658012131 2.257835e-10
387.5681222107329 2.02932e-10
387.60147862025275 1.94292e-10
387.63483502977255 1.7064499999999998e-10
387.66819143929234 1.5381899999999998e-10
387.7015478488122 1.29945e-10
387.734904258332 1.067525e-10
387.7682606678518 8.640245e-11
387.80161707737165 6.184605e-11
387.83497348689144 4.0700149999999995e-11
387.86832989641124 1.784895e-11
387.9016863059311 -2.0463700000000003e-12
387.9350427154509 -2.091845e-11
387.9683991249707 -3.7289500000000003e-11
388.0017555344905 -5.3092e-11
388.03511194401034 -6.195975000000001e-11
388.06846835353014 -7.628435000000001e-11
388.10182476304993 -8.083175000000001e-11
388.1351811725698 -8.992674999999999e-11
388.1685375820896 -9.00404e-11
388.2018939916094 -9.18594e-11
388.23525040112924 -9.561104999999999e-11
388.26860681064903 -8.84488e-11
388.30196322016883 -8.9472e-11
388.3353196296887 -8.128655e-11
388.3686760392085 -7.798960000000001e-11
388.4020324487283 -7.298735e-11
388.43538885824813 -6.377875e-11
388.46874526776793 -5.97997e-11
388.5021016772877 -5.070455e-11
388.5354580868076 -4.4565450000000005e-11
388.5688144963274 -3.69484e-11
388.6021709058472 -3.092305e-11
388.635527315367 -2.592075e-11
388.6688837248868 -2.08048e-11
388.7022401344066 -1.602995e-11
388.7355965439265 -1.23919e-11
388.7689529534463 -9.208705e-12
388.80230936296607 -5.911755e-12
388.83566577248587 -2.7285e-12
388.8690221820057 -3.41062e-13
388.9023785915255 -3.41063e-13
388.9357350010453 1.023191e-12
388.96909141056517 5.68435e-13
389.00244782008497 2.387438e-12
389.03580422960476 1.3642505e-12
389.0691606391246 1.02319e-12
389.1025170486444 2.273752e-12
389.1358734581642 0.0
389.16922986768407 2.728505e-12
389.20258627720386 6.82125e-13
389.23594268672366 7.958149999999999e-13
389.2692990962435 1.819005e-12
389.30265550576325 2.0463805e-12
389.3360119152831 3.41063e-12
389.36936832480296 2.842185e-12
389.4027247343227 3.2969400000000003e-12
389.43608114384256 3.979060000000001e-12
389.4694375533624 4.66119e-12
389.5027939628822 6.025445e-12
389.536150372402 6.934940000000001e-12
389.56950678192186 7.95813e-12
389.60286319144166 9.32238e-12
389.63621960096145 1.0459249999999999e-11
389.66957601048125 1.0572949999999999e-11
389.7029324200011 1.216455e-11
389.7362888295209 1.29604e-11
389.7696452390407 1.364245e-11
389.80300164856055 1.36425e-11
389.83635805808035 1.386985e-11
389.86971446760015 1.4097249999999999e-11
389.90307087712 1.42109e-11
389.9364272866398 1.38698e-11
389.9697836961596 1.284665e-11
390.00314010567945 1.26193e-11
390.03649651519925 1.15961e-11
390.06985292471904 1.06866e-11
390.1032093342389 9.777140000000001e-12
390.13656574375864 7.958135e-12
390.1699221532785 7.389685e-12
390.20327856279835 6.593865e-12
390.2366349723181 5.115935e-12
390.26999138183794 3.18325e-12
390.3033477913578 1.9326855e-12
390.33670420087753 2.273755e-13
390.3700606103974 -2.0463774999999998e-12
390.40341701991724 -3.75169e-12
390.436773429437 -5.798055e-12
390.47012983895684 -6.13912e-12
390.50348624847663 -8.299195e-12
390.5368426579965 -9.890805e-12
390.5701990675163 -1.352885e-11
390.6035554770361 -1.477935e-11
390.63691188655594 -1.625735e-11
390.67026829607573 -1.92132e-11
390.70362470559553 -2.023635e-11
390.7369811151154 -2.398805e-11
390.7703375246352 -2.569335e-11
390.803693934155 -2.705765e-11
390.83705034367483 -3.0354599999999997e-11
390.87040675319463 -3.058195e-11
390.9037631627144 -3.3537800000000004e-11
390.9371195722343 -3.410625e-11
390.970475981754 -3.6266300000000004e-11
391.0038323912739 -3.763055e-11
391.03718880079373 -3.854005e-11
391.07054521031347 -3.956325e-11
391.1039016198333 -3.84264e-11
391.1372580293532 -3.774425e-11
391.1706144388729 -3.56979e-11
391.20397084839277 -3.21736e-11
391.2373272579126 -2.84219e-11
391.27068366743237 -2.2851150000000002e-11
391.3040400769522 -1.6371e-11
391.337396486472 -8.86763e-12
391.3707528959918 4.54751e-13
391.40410930551167 1.023183e-11
391.43746571503146 2.205535e-11
391.47082212455126 3.365155e-11
391.5041785340711 4.77487e-11
391.5375349435909 6.321034999999999e-11
391.57089135311077 7.81033e-11
391.60424776263056 9.265525e-11
391.63760417215036 1.0675200000000001e-10
391.6709605816702 1.231235e-10
391.70431699119 1.37562e-10
391.7376734007098 1.48476e-10
391.77102981022966 1.60754e-10
391.8043862197494 1.704175e-10
391.83774262926926 1.76102e-10
391.8710990387891 1.808765e-10
391.90445544830885 1.7974e-10
391.9378118578287 1.76443e-10
391.97116826734856 1.715545e-10
392.0045246768683 1.6063999999999997e-10
392.03788108638815 1.47112e-10
392.071237495908 1.315365e-10
392.10459390542775 1.10845e-10
392.1379503149476 8.9472e-11
392.1713067244674 6.843989999999999e-11
392.2046631339872 4.195065e-11
392.23801954350705 1.602995e-11
392.27137595302685 -9.095011999999999e-12
392.30473236254664 -3.467465e-11
392.3380887720665 -5.4911099999999996e-11
392.3714451815863 -7.87854e-11
392.4048015911061 -9.788495e-11
392.43815800062595 -1.1402900000000001e-10
392.47151441014574 -1.285805e-10
392.50487081966554 -1.384715e-10
392.5382272291854 -1.46202e-10
392.5715836387052 -1.52569e-10
392.604940048225 -1.52796e-10
392.6382964577448 -1.52114e-10
392.67165286726464 -1.500675e-10
392.7050092767845 -1.4461049999999998e-10
392.73836568630423 -1.37676e-10
392.7717220958241 -1.303995e-10
392.80507850534394 -1.20736e-10
392.8384349148637 -1.1084499999999999e-10
392.87179132438354 -9.936260000000001e-11
392.9051477339034 -8.60614e-11
392.93850414342313 -7.389689999999999e-11
392.971860552943 -6.002695e-11
393.0052169624628 -4.7180300000000004e-11
393.0385733719826 -3.4561000000000003e-11
393.07192978150243 -2.14869e-11
393.10528619102223 -8.185509999999999e-12
393.138642600542 2.160055e-12
393.1719990100619 1.4210950000000001e-11
393.2053554195817 2.3192200000000003e-11
393.2387118291015 3.3083099999999997e-11
393.27206823862133 4.126855e-11
393.3054246481411 4.7521299999999995e-11
393.3387810576609 5.161405e-11
393.3721374671808 5.53657e-11
393.4054938767006 5.820800000000001e-11
393.4388502862204 5.968595e-11
393.47220669574017 5.9345e-11
393.50556310526 5.809435e-11
393.5389195147798 5.71847e-11
393.5722759242996 5.411515e-11
393.60563233381947 5.059085e-11
393.63898874333927 4.55886e-11
393.67234515285907 4.138225e-11
393.7057015623789 3.67211e-11
393.7390579718988 3.103675e-11
393.7724143814185 2.557965e-11
393.80577079093837 2.000895e-11
393.83912720045817 1.489305e-11
393.87248360997796 9.54975e-12
393.9058400194978 4.32013e-12
393.9391964290176 -1.1368649999999999e-13
393.9725528385374 -4.774875e-12
394.00590924805726 -9.09498e-12
394.03926565757706 -1.23919e-11
394.07262206709686 -1.489305e-11
394.1059784766167 -1.7621550000000003e-11
394.1393348861365 -2.023635e-11
394.1726912956563 -2.1373250000000002e-11
394.20604770517616 -2.194165e-11
394.23940411469596 -2.19417e-11
394.27276052421576 -2.239645e-11
394.30611693373555 -2.16006e-11
394.3394733432554 -2.05774e-11
394.3728297527752 -1.97816e-11
394.406186162295 -1.807635e-11
394.43954257181485 -1.67121e-11
394.47289898133465 -1.43246e-11
394.50625539085445 -1.2733e-11
394.5396118003743 -1.0686649999999999e-11
394.5729682098941 -8.52657e-12
394.6063246194139 -6.934935e-12
394.63968102893375 -4.3201250000000004e-12
394.67303743845355 -1.7053150000000002e-12
394.70639384797335 -5.684375e-13
394.7397502574932 2.160065e-12
394.773106667013 3.41063e-12
394.8064630765328 5.79806e-12
394.83981948605265 6.82124e-12
394.87317589557244 7.95812e-12
394.90653230509224 9.43608e-12
394.9398887146121 9.890790000000001e-12
394.9732451241319 1.0345560000000001e-11
395.0066015336517 1.1482450000000001e-11
395.03995794317154 1.136875e-11
395.07331435269134 1.023185e-11
395.10667076221114 1.102765e-11
395.14002717173094 1.0345539999999999e-11
395.1733835812508 1.0572949999999999e-11
395.2067399907706 1.000451e-11
395.2400964002904 9.095e-12
395.27345280981024 7.730760000000001e-12
395.30680921933003 7.503384999999999e-12
395.34016562884983 6.707565e-12
395.3735220383697 5.911745e-12
395.4068784478895 5.0022500000000004e-12
395.4402348574093 4.5475e-12
395.47359126692913 3.97907e-12
395.50694767644893 3.52431e-12
395.5403040859687 2.7285e-12
395.5736604954886 2.387435e-12
395.6070169050084 2.5011250000000002e-12
395.6403733145282 1.932685e-12
395.67372972404803 1.250565e-12
395.7070861335678 1.13688e-12
395.7404425430876 9.09502e-13
395.7737989526075 1.47794e-12
395.8071553621273 1.1368720000000001e-12
395.8405117716471 2.273755e-13
395.8738681811669 -1.136875e-13
395.9072245906867 -9.09502e-13
395.9405810002065 -5.6844e-13
395.9739374097263 -9.094975e-13
396.0072938192462 -1.477937e-12
396.04065022876597 -1.705315e-12
396.07400663828577 -2.16006e-12
396.1073630478056 -2.50112e-12
396.1407194573254 -3.296935e-12
396.1740758668452 -3.865375e-12
396.20743227636507 -4.20644e-12
396.24078868588487 -4.66119e-12
396.27414509540466 -5.22962e-12
396.3075015049245 -5.91174e-12
396.3408579144443 -6.1391150000000005e-12
396.3742143239641 -8.299195e-12
396.40757073348396 -9.20869e-12
396.44092714300376 -8.86763e-12
396.47428355252356 -9.777124999999999e-12
396.5076399620434 -9.777124999999999e-12
396.5409963715632 -1.0686625000000001e-11
396.574352781083 -1.1482450000000001e-11
396.60770919060286 -1.136875e-11
396.64106560012266 -1.20509e-11
396.67442200964246 -1.14824e-11
396.7077784191623 -1.227825e-11
396.7411348286821 -1.1482400000000001e-11
396.7744912382019 -1.216455e-11
396.8078476477217 -1.205085e-11
396.84120405724155 -1.102765e-11
396.87456046676135 -1.114135e-11
396.90791687628115 -1.102765e-11
396.941273285801 -1.0686649999999999e-11
396.9746296953208 -1.0459225e-11
397.0079861048406 -9.095005e-12
397.04134251436045 -8.98132e-12
397.07469892388025 -8.753945e-12
397.10805533340005 -7.84445e-12
397.1414117429199 -8.07182e-12
397.1747681524397 -7.50339e-12
397.2081245619595 -6.70755e-12
397.24148097147935 -6.02543e-12
397.27483738099914 -4.5475e-12
397.30819379051894 -4.66119e-12
397.3415502000388 -2.16006e-12
397.3749066095586 -2.27375e-12
397.4082630190784 -5.68435e-13
397.44161942859824 6.8212e-13
397.47497583811804 1.4779355e-12
397.50833224763784 4.32013e-12
397.5416886571577 5.91174e-12
397.5750450666775 9.66343e-12
397.6084014761973 1.080029e-11
397.6417578857171 1.22782e-11
397.67511429523694 1.64847e-11
397.70847070475673 1.716685e-11
397.74182711427653 2.148695e-11
397.7751835237964 2.194165e-11
397.8085399333162 2.467015e-11
397.841896342836 2.61481e-11
397.87525275235583 2.70576e-11
397.90860916187563 2.7853399999999998e-11
397.94196557139543 2.7967049999999998e-11
397.9753219809153 2.83081e-11
398.008678390435 2.660285e-11
398.0420347999549 2.535225e-11
398.07539120947473 2.42154e-11
398.10874761899447 2.1259549999999998e-11
398.1421040285143 1.819005e-11
398.1754604380342 1.568885e-11
398.208816847554 9.54975e-12
398.2421732570738 7.276000000000001e-12
398.2755296665936 2.387445e-12
398.3088860761134 -1.7053100000000001e-12
398.3422424856332 -4.774875e-12
398.3755988951531 -1.000449e-11
398.4089553046729 -1.227825e-11
398.44231171419267 -1.67121e-11
398.47566812371247 -2.0122650000000002e-11
398.5090245332323 -2.239645e-11
398.5423809427521 -2.4897499999999997e-11
398.5757373522719 -2.626175e-11
398.60909376179177 -2.87629e-11
398.64245017131157 -2.853555e-11
398.67580658083136 -2.85355e-11
398.7091629903512 -2.7853399999999998e-11
398.742519399871 -2.70576e-11
398.7758758093908 -2.614805e-11
398.80923221891067 -2.43291e-11
398.8425886284304 -2.2510149999999998e-11
398.87594503795026 -2.09185e-11
398.9093014474701 -1.7053149999999998e-11
398.94265785698985 -1.55752e-11
398.9760142665097 -1.26193e-11
399.00937067602956 -1.023185e-11
399.0427270855493 -8.52657e-12
399.07608349506916 -5.00225e-12
399.109439904589 -1.705315e-12
399.14279631410875 0.0
399.1761527236286 1.591626e-12
399.20950913314846 3.75169e-12
399.24286554266826 6.252805e-12
399.27622195218805 7.617075e-12
399.30957836170785 9.322375000000001e-12
399.3429347712277 1.102765e-11
399.3762911807475 1.136875e-11
399.4096475902673 1.227825e-11
399.44300399978715 1.22782e-11
399.47636040930695 1.33014e-11
399.50971681882675 1.26193e-11
399.5430732283466 1.17098e-11
399.5764296378664 1.1482450000000001e-11
399.6097860473862 1.057291e-11
399.64314245690605 9.7771e-12
399.6764988664258 8.185505e-12
399.70985527594564 7.048625e-12
399.7432116854655 4.77487e-12
399.77656809498524 3.524315e-12
399.8099245045051 2.7285e-12
399.84328091402494 1.93269e-12
399.8766373235447 7.958155000000001e-13
399.90999373306454 -3.41062e-13
399.9433501425844 -1.36425e-12
399.97670655210413 -2.6148150000000003e-12
400.010062961624 -3.97907e-12
400.04341937114384 -3.751694999999999e-12
400.0767757806636 -5.34331e-12
400.11013219018344 -5.229624999999999e-12
400.14348859970323 -6.70755e-12
400.17684500922303 -6.1391150000000005e-12
400.2102014187429 -6.252805e-12
400.2435578282627 -6.02543e-12
400.27691423778253 -5.5706849999999995e-12
