pos	X
58.0	2.04638e-12
58.005	2.27375e-12
58.01	1.59162e-12
58.015	2.50112e-12
58.02	2.27375e-12
58.025	2.04638e-12
58.03	1.819e-12
58.035	2.27375e-12
58.04	2.27375e-12
58.045	2.95587e-12
58.05	1.13688e-12
58.055	2.04638e-12
58.06	2.50112e-12
58.065	2.50112e-12
58.07	2.04638e-12
58.075	2.27375e-12
58.08	1.819e-12
58.085	2.95587e-12
58.09	1.819e-12
58.095	1.59162e-12
58.1	2.04638e-12
58.105	2.27375e-12
58.11	2.27375e-12
58.115	2.27375e-12
58.12	2.27375e-12
58.125	2.95587e-12
58.13	2.95587e-12
58.135	3.41062e-12
58.14	4.32013e-12
58.145	3.18325e-12
58.15	3.63801e-12
58.155	4.5475e-12
58.16	3.86538e-12
58.165	4.77487e-12
58.17	5.91174e-12
58.175	5.91174e-12
58.18	6.59386e-12
58.185	7.27601e-12
58.19	7.73076e-12
58.195	7.95813e-12
58.2	7.95813e-12
58.205	8.64026e-12
58.21	8.64026e-12
58.215	1.00045e-11
58.22	1.06866e-11
58.225	1.0914e-11
58.23	1.15961e-11
58.235	1.22782e-11
58.24	1.2733e-11
58.245	1.36425e-11
58.25	1.43246e-11
58.255	1.52341e-11
58.26	1.68258e-11
58.265	1.6371e-11
58.27	1.75079e-11
58.275	1.819e-11
58.28	1.93269e-11
58.285	2.0009e-11
58.29	2.1828e-11
58.295	2.22827e-11
58.3	2.3647e-11
58.305	2.38743e-11
58.31	2.56933e-11
58.315	2.7285e-11
58.32	2.84218e-11
58.325	2.86492e-11
58.33	2.95588e-11
58.335	3.11504e-11
58.34	3.20599e-11
58.345	3.22873e-11
58.35	3.29694e-11
58.355	3.36515e-11
58.36	3.38789e-11
58.365	3.38789e-11
58.37	3.29694e-11
58.375	3.29694e-11
58.38	3.20599e-11
58.385	3.04683e-11
58.39	2.79671e-11
58.395	2.59207e-11
58.4	2.25101e-11
58.405	2.0009e-11
58.41	1.56889e-11
58.415	1.11414e-11
58.42	5.22962e-12
58.425	-9.09502e-13
58.43	-8.18551e-12
58.435	-1.75079e-11
58.44	-2.56933e-11
58.445	-3.56979e-11
58.45	-4.72939e-11
58.455	-6.1164e-11
58.46	-7.50338e-11
58.465	-9.11773e-11
58.47	-1.0914e-10
58.475	-1.2824e-10
58.48	-1.50295e-10
58.485	-1.76215e-10
58.49	-2.03046e-10
58.495	-2.29421e-10
58.5	-2.60799e-10
58.505	-2.93541e-10
58.51	-3.2742e-10
58.515	-3.62663e-10
58.52	-4.00179e-10
58.525	-4.45882e-10
58.53	-4.92495e-10
58.535	-5.30694e-10
58.54	-5.69575e-10
58.545	-6.15731e-10
58.55	-6.52566e-10
58.555	-6.81215e-10
58.56	-6.96222e-10
58.565	-6.95994e-10
58.57	-6.86672e-10
58.575	-6.66436e-10
58.58	-6.27555e-10
58.585	-5.6912e-10
58.59	-4.86128e-10
58.595	-3.74031e-10
58.6	-2.39199e-10
58.605	-9.45879e-11
58.61	6.95768e-11
58.615	2.71031e-10
58.62	4.69303e-10
58.625	6.93266e-10
58.63	9.00403e-10
58.635	1.11141e-09
58.64	1.31354e-09
58.645	1.49385e-09
58.65	1.65074e-09
58.655	1.77671e-09
58.66	1.84946e-09
58.665	1.89586e-09
58.67	1.89449e-09
58.675	1.85265e-09
58.68	1.7717e-09
58.685	1.62573e-09
58.69	1.44974e-09
58.695	1.27898e-09
58.7	1.07776e-09
58.705	8.23778e-10
58.71	5.46155e-10
58.715	2.9968e-10
58.72	7.0941e-11
58.725	-1.82127e-10
58.73	-4.11321e-10
58.735	-6.21643e-10
58.74	-8.05588e-10
58.745	-9.66118e-10
58.75	-1.10845e-09
58.755	-1.21714e-09
58.76	-1.29194e-09
58.765	-1.33378e-09
58.77	-1.35356e-09
58.775	-1.33969e-09
58.78	-1.30263e-09
58.785	-1.24965e-09
58.79	-1.17303e-09
58.795	-1.07753e-09
58.8	-9.70665e-10
58.805	-8.56293e-10
58.81	-7.1714e-10
58.815	-5.7867e-10
58.82	-4.48837e-10
58.825	-3.19689e-10
58.83	-1.95997e-10
58.835	-7.8217e-11
58.84	3.16052e-11
58.845	1.38926e-10
58.85	2.31467e-10
58.855	3.09457e-10
58.86	3.8108e-10
58.865	4.37696e-10
58.87	4.82263e-10
58.875	5.13641e-10
58.88	5.34786e-10
58.885	5.42972e-10
58.89	5.37742e-10
58.895	5.24782e-10
58.9	5.03636e-10
58.905	4.72941e-10
58.91	4.35877e-10
58.915	3.94268e-10
58.92	3.45155e-10
58.925	2.95133e-10
58.93	2.3647e-10
58.935	1.83037e-10
58.94	1.27103e-10
58.945	7.38969e-11
58.95	1.93269e-11
58.955	-3.38789e-11
58.96	-8.07181e-11
58.965	-1.23465e-10
58.97	-1.61664e-10
58.975	-1.95315e-10
58.98	-2.22372e-10
58.985	-2.43974e-10
58.99	-2.57844e-10
58.995	-2.6853e-10
59.0	-2.75579e-10
59.005	-2.75579e-10
59.01	-2.7285e-10
59.015	-2.61936e-10
59.02	-2.52841e-10
59.025	-2.39199e-10
59.03	-2.20781e-10
59.035	-2.03046e-10
59.04	-1.82355e-10
59.045	-1.62346e-10
59.05	-1.38471e-10
59.055	-1.16188e-10
59.06	-9.66343e-11
59.065	-7.79896e-11
59.07	-5.77531e-11
59.075	-3.66074e-11
59.08	-1.97816e-11
59.085	-4.09275e-12
59.09	1.04592e-11
59.095	2.31922e-11
59.1	3.36515e-11
59.105	4.22917e-11
59.11	4.95677e-11
59.115	5.5252e-11
59.12	5.9345e-11
59.125	6.16187e-11
59.13	6.20735e-11
59.135	6.16187e-11
59.14	5.95723e-11
59.145	5.61615e-11
59.15	5.13867e-11
59.155	4.66118e-11
59.16	4.04727e-11
59.165	3.41063e-11
59.17	2.77397e-11
59.175	2.06911e-11
59.18	1.47794e-11
59.185	9.095e-12
59.19	3.18325e-12
59.195	-1.59162e-12
59.2	-5.68437e-12
59.205	-8.64026e-12
59.21	-1.02319e-11
59.215	-1.11414e-11
59.22	-1.18235e-11
59.225	-1.15961e-11
59.23	-1.13687e-11
59.235	-9.54975e-12
59.24	-7.50339e-12
59.245	-6.13912e-12
59.25	-4.5475e-12
59.255	-1.819e-12
59.26	0.0
59.265	2.50112e-12
59.27	4.09275e-12
59.275	6.36649e-12
59.28	8.41288e-12
59.285	1.04592e-11
59.29	1.2733e-11
59.295	1.47794e-11
59.3	1.68258e-11
59.305	1.86448e-11
59.31	2.06911e-11
59.315	2.1828e-11
59.32	2.43291e-11
59.325	2.61481e-11
59.33	2.77397e-11
59.335	2.86492e-11
59.34	2.95588e-11
59.345	3.04683e-11
59.35	3.04683e-11
59.355	3.13778e-11
59.36	3.16052e-11
59.365	3.16052e-11
59.37	3.11504e-11
59.375	2.97862e-11
59.38	2.88766e-11
59.385	2.81944e-11
59.39	2.61481e-11
59.395	2.41017e-11
59.4	2.25101e-11
59.405	1.97816e-11
59.41	1.65984e-11
59.415	1.36425e-11
59.42	1.04592e-11
59.425	7.27601e-12
59.43	4.5475e-12
59.435	1.13688e-12
59.44	-1.36425e-12
59.445	-5.22962e-12
59.45	-7.73076e-12
59.455	-1.00045e-11
59.46	-1.2733e-11
59.465	-1.29604e-11
59.47	-1.38698e-11
59.475	-1.4552e-11
59.48	-1.56889e-11
59.485	-1.56889e-11
59.49	-1.52341e-11
59.495	-1.4552e-11
59.5	-1.36425e-11
59.505	-1.2733e-11
59.51	-1.11414e-11
59.515	-9.77712e-12
59.52	-7.50339e-12
59.525	-5.68437e-12
59.53	-3.86538e-12
59.535	-1.36425e-12
59.54	1.13688e-12
59.545	4.09275e-12
59.55	6.13912e-12
59.555	8.86763e-12
59.56	1.0914e-11
59.565	1.31877e-11
59.57	1.56889e-11
59.575	1.77353e-11
59.58	1.86448e-11
59.585	1.97816e-11
59.59	2.0009e-11
59.595	2.11459e-11
59.6	2.11459e-11
59.605	2.11459e-11
59.61	2.06911e-11
59.615	1.97816e-11
59.62	1.90995e-11
59.625	1.79626e-11
59.63	1.61436e-11
59.635	1.56889e-11
59.64	1.52341e-11
59.645	1.31877e-11
59.65	1.18235e-11
59.655	1.06866e-11
59.66	9.77712e-12
59.665	7.50339e-12
59.67	6.36649e-12
59.675	5.22962e-12
59.68	3.63801e-12
59.685	1.819e-12
59.69	0.0
59.695	-1.36425e-12
59.7	-2.7285e-12
59.705	-3.63801e-12
59.71	-5.00225e-12
59.715	-5.457e-12
59.72	-5.68437e-12
59.725	-6.36649e-12
59.73	-6.59386e-12
59.735	-6.59386e-12
59.74	-5.91174e-12
59.745	-5.00225e-12
59.75	-3.63801e-12
59.755	-3.18325e-12
59.76	-1.819e-12
59.765	4.54751e-13
59.77	6.82124e-13
59.775	2.50112e-12
59.78	3.41062e-12
59.785	5.22962e-12
59.79	6.13912e-12
59.795	7.04861e-12
59.8	7.73076e-12
59.805	8.64026e-12
59.81	9.77712e-12
59.815	1.00045e-11
59.82	1.11414e-11
59.825	1.13687e-11
59.83	1.0914e-11
59.835	1.04592e-11
59.84	1.06866e-11
59.845	1.02319e-11
59.85	1.00045e-11
59.855	9.32238e-12
59.86	8.86763e-12
59.865	8.64026e-12
59.87	7.95813e-12
59.875	6.36649e-12
59.88	5.22962e-12
59.885	4.32013e-12
59.89	2.50112e-12
59.895	1.13688e-12
59.9	1.13688e-12
59.905	-2.27375e-13
59.91	-1.13688e-12
59.915	-1.13688e-12
59.92	-1.819e-12
59.925	-2.50112e-12
59.93	-2.50112e-12
59.935	-2.27375e-12
59.94	-1.819e-12
59.945	-2.04638e-12
59.95	-2.27375e-12
59.955	-1.819e-12
59.96	-1.13688e-12
59.965	-6.82124e-13
59.97	-9.09502e-13
59.975	-1.13688e-12
59.98	-6.82124e-13
59.985	-1.819e-12
59.99	-1.36425e-12
59.995	-6.82124e-13
60.0	-1.36425e-12
60.005	-1.819e-12
60.01	-2.50112e-12
60.015	-2.7285e-12
60.02	-2.7285e-12
60.025	-2.50112e-12
60.03	-2.27375e-12
60.035	-2.50112e-12
60.04	-2.50112e-12
60.045	-1.36425e-12
60.05	-6.82124e-13
60.055	-4.54751e-13
60.06	4.54751e-13
60.065	1.819e-12
60.07	2.95587e-12
60.075	3.63801e-12
60.08	5.91174e-12
60.085	7.27601e-12
60.09	9.32238e-12
60.095	1.04592e-11
60.1	1.13687e-11
60.105	1.22782e-11
60.11	1.34151e-11
60.115	1.36425e-11
60.12	1.40972e-11
60.125	1.47794e-11
60.13	1.47794e-11
60.135	1.4552e-11
60.14	1.38698e-11
60.145	1.25056e-11
60.15	1.18235e-11
60.155	1.06866e-11
60.16	8.64026e-12
60.165	7.27601e-12
60.17	6.13912e-12
60.175	4.32013e-12
60.18	2.95587e-12
60.185	4.54751e-13
60.19	-2.04638e-12
60.195	-3.41062e-12
60.2	-4.77487e-12
60.205	-5.91174e-12
60.21	-7.73076e-12
60.215	-9.095e-12
60.22	-1.11414e-11
60.225	-1.15961e-11
60.23	-1.31877e-11
60.235	-1.47794e-11
60.24	-1.56889e-11
60.245	-1.79626e-11
60.25	-1.86448e-11
60.255	-1.90995e-11
60.26	-2.02364e-11
60.265	-2.11459e-11
60.27	-2.29649e-11
60.275	-2.45565e-11
60.28	-2.52386e-11
60.285	-2.63755e-11
60.29	-2.7285e-11
60.295	-2.79671e-11
60.3	-2.81944e-11
60.305	-2.95588e-11
60.31	-2.88766e-11
60.315	-2.79671e-11
60.32	-2.79671e-11
60.325	-2.79671e-11
60.33	-2.68302e-11
60.335	-2.66028e-11
60.34	-2.50112e-11
60.345	-2.34196e-11
60.35	-2.06911e-11
60.355	-1.79626e-11
60.36	-1.56889e-11
60.365	-1.31877e-11
60.37	-1.0914e-11
60.375	-7.50339e-12
60.38	-5.00225e-12
60.385	-2.50112e-12
60.39	2.27375e-13
60.395	2.50112e-12
60.4	4.32013e-12
60.405	5.00225e-12
60.41	6.36649e-12
60.415	7.95813e-12
60.42	8.64026e-12
60.425	8.64026e-12
60.43	7.95813e-12
60.435	7.95813e-12
60.44	7.50339e-12
60.445	5.68437e-12
60.45	5.00225e-12
60.455	4.32013e-12
60.46	4.32013e-12
60.465	3.63801e-12
60.47	2.7285e-12
60.475	2.04638e-12
60.48	2.27375e-12
60.485	2.50112e-12
60.49	2.27375e-12
60.495	3.41062e-12
60.5	3.63801e-12
60.505	2.95587e-12
60.51	2.95587e-12
60.515	3.63801e-12
60.52	2.95587e-12
60.525	2.27375e-12
60.53	2.27375e-12
60.535	1.819e-12
60.54	1.13688e-12
60.545	2.27375e-13
60.55	-6.82124e-13
60.555	-1.36425e-12
60.56	-2.04638e-12
60.565	-2.50112e-12
60.57	-3.18325e-12
60.575	-4.5475e-12
60.58	-4.5475e-12
60.585	-4.09275e-12
60.59	-3.41062e-12
60.595	-4.32013e-12
60.6	-4.5475e-12
60.605	-4.32013e-12
60.61	-3.63801e-12
60.615	-2.04638e-12
60.62	-1.13688e-12
60.625	-4.54751e-13
60.63	1.13688e-12
60.635	1.819e-12
60.64	2.50112e-12
60.645	2.7285e-12
60.65	4.09275e-12
60.655	3.63801e-12
60.66	4.77487e-12
60.665	5.68437e-12
60.67	5.457e-12
60.675	5.91174e-12
60.68	5.457e-12
60.685	5.00225e-12
60.69	3.86538e-12
60.695	4.09275e-12
60.7	3.63801e-12
60.705	2.7285e-12
60.71	2.7285e-12
60.715	2.27375e-12
60.72	1.36425e-12
60.725	1.13688e-12
60.73	1.819e-12
60.735	1.59162e-12
60.74	1.819e-12
60.745	1.819e-12
60.75	1.819e-12
60.755	2.27375e-12
60.76	2.95587e-12
60.765	2.7285e-12
60.77	2.27375e-12
60.775	2.95587e-12
60.78	3.18325e-12
60.785	2.95587e-12
60.79	2.27375e-12
60.795	1.819e-12
60.8	1.59162e-12
60.805	1.13688e-12
60.81	2.27375e-13
60.815	-9.09502e-13
60.82	-1.36425e-12
60.825	-1.13688e-12
60.83	-1.36425e-12
60.835	-6.82124e-13
60.84	4.54751e-13
60.845	1.13688e-12
60.85	2.50112e-12
60.855	4.77487e-12
60.86	6.13912e-12
60.865	9.095e-12
60.87	1.13687e-11
60.875	1.40972e-11
60.88	1.65984e-11
60.885	1.97816e-11
60.89	2.1828e-11
60.895	2.3647e-11
60.9	2.52386e-11
60.905	2.5466e-11
60.91	2.47838e-11
60.915	2.3647e-11
60.92	2.34196e-11
60.925	2.09185e-11
60.93	1.84174e-11
60.935	1.50068e-11
60.94	1.11414e-11
60.945	7.04861e-12
60.95	2.7285e-12
60.955	-2.04638e-12
60.96	-6.36649e-12
60.965	-1.00045e-11
60.97	-1.36425e-11
60.975	-1.65984e-11
60.98	-1.88721e-11
60.985	-2.04637e-11
60.99	-2.13732e-11
60.995	-2.13732e-11
61.0	-1.95542e-11
61.005	-1.88721e-11
61.01	-1.6371e-11
61.015	-1.4552e-11
61.02	-1.15961e-11
61.025	-8.86763e-12
61.03	-6.36649e-12
61.035	-5.00225e-12
61.04	-3.41062e-12
61.045	-2.50112e-12
61.05	-1.36425e-12
61.055	-1.36425e-12
61.06	-2.04638e-12
61.065	-3.18325e-12
61.07	-5.457e-12
61.075	-6.82124e-12
61.08	-8.18551e-12
61.085	-9.54975e-12
61.09	-1.20509e-11
61.095	-1.25056e-11
61.1	-1.29604e-11
61.105	-1.31877e-11
61.11	-1.2733e-11
61.115	-1.18235e-11
61.12	-9.54975e-12
61.125	-7.50339e-12
61.13	-5.00225e-12
61.135	-2.04638e-12
61.14	2.27375e-13
61.145	2.7285e-12
61.15	5.457e-12
61.155	7.95813e-12
61.16	9.77712e-12
61.165	1.11414e-11
61.17	1.25056e-11
61.175	1.31877e-11
61.18	1.34151e-11
61.185	1.31877e-11
61.19	1.34151e-11
61.195	1.11414e-11
61.2	9.54975e-12
61.205	7.27601e-12
61.21	4.5475e-12
61.215	2.95587e-12
61.22	4.54751e-13
61.225	-2.04638e-12
61.23	-4.32013e-12
61.235	-7.04861e-12
61.24	-9.54975e-12
61.245	-1.20509e-11
61.25	-1.25056e-11
61.255	-1.31877e-11
61.26	-1.50068e-11
61.265	-1.47794e-11
61.27	-1.38698e-11
61.275	-1.20509e-11
61.28	-1.13687e-11
61.285	-1.00045e-11
61.29	-8.64026e-12
61.295	-7.04861e-12
61.3	-5.00225e-12
61.305	-3.18325e-12
61.31	-2.04638e-12
61.315	-6.82124e-13
61.32	4.54751e-13
61.325	1.819e-12
61.33	2.95587e-12
61.335	3.41062e-12
61.34	3.63801e-12
61.345	3.63801e-12
61.35	4.32013e-12
61.355	2.95587e-12
61.36	4.09275e-12
61.365	4.09275e-12
61.37	3.63801e-12
61.375	3.63801e-12
61.38	4.32013e-12
61.385	4.77487e-12
61.39	5.00225e-12
61.395	6.13912e-12
61.4	6.13912e-12
61.405	7.73076e-12
61.41	7.95813e-12
61.415	9.32238e-12
61.42	9.32238e-12
61.425	1.00045e-11
61.43	1.18235e-11
61.435	1.18235e-11
61.44	1.15961e-11
61.445	1.15961e-11
61.45	1.22782e-11
61.455	1.25056e-11
61.46	1.20509e-11
61.465	1.18235e-11
61.47	1.20509e-11
61.475	1.20509e-11
61.48	1.11414e-11
61.485	9.77712e-12
61.49	9.54975e-12
61.495	8.64026e-12
61.5	7.95813e-12
61.505	7.27601e-12
61.51	6.82124e-12
61.515	5.457e-12
61.52	4.77487e-12
61.525	3.86538e-12
61.53	3.41062e-12
61.535	4.09275e-12
61.54	3.41062e-12
61.545	3.63801e-12
61.55	4.5475e-12
61.555	5.22962e-12
61.56	6.13912e-12
61.565	6.82124e-12
61.57	6.36649e-12
61.575	5.91174e-12
61.58	6.13912e-12
61.585	5.22962e-12
61.59	4.77487e-12
61.595	4.32013e-12
61.6	3.18325e-12
61.605	1.13688e-12
61.61	-6.82124e-13
61.615	-2.27375e-12
61.62	-4.32013e-12
61.625	-4.77487e-12
61.63	-6.36649e-12
61.635	-7.27601e-12
61.64	-8.18551e-12
61.645	-8.86763e-12
61.65	-9.32238e-12
61.655	-8.86763e-12
61.66	-8.64026e-12
61.665	-7.73076e-12
61.67	-6.59386e-12
61.675	-7.04861e-12
61.68	-6.13912e-12
61.685	-4.5475e-12
61.69	-3.18325e-12
61.695	-2.04638e-12
61.7	-6.82124e-13
61.705	0.0
61.71	1.36425e-12
61.715	1.819e-12
61.72	2.27375e-12
61.725	3.86538e-12
61.73	4.09275e-12
61.735	4.32013e-12
61.74	5.00225e-12
61.745	4.77487e-12
61.75	5.00225e-12
61.755	5.457e-12
61.76	5.22962e-12
61.765	4.32013e-12
61.77	3.41062e-12
61.775	3.41062e-12
61.78	2.27375e-12
61.785	1.36425e-12
61.79	4.54751e-13
61.795	2.27375e-13
61.8	4.54751e-13
61.805	2.27375e-13
61.81	-4.54751e-13
61.815	-1.59162e-12
61.82	-1.819e-12
61.825	-2.27375e-12
61.83	-2.04638e-12
61.835	-2.50112e-12
61.84	-2.50112e-12
61.845	-2.95587e-12
61.85	-2.95587e-12
61.855	-2.7285e-12
61.86	-3.41062e-12
61.865	-3.18325e-12
61.87	-2.50112e-12
61.875	-3.63801e-12
61.88	-3.18325e-12
61.885	-3.41062e-12
61.89	-2.95587e-12
61.895	-2.50112e-12
61.9	-2.04638e-12
61.905	-1.36425e-12
61.91	-4.54751e-13
61.915	9.09502e-13
61.92	2.27375e-12
61.925	2.50112e-12
61.93	4.32013e-12
61.935	5.457e-12
61.94	6.13912e-12
61.945	6.13912e-12
61.95	6.82124e-12
61.955	7.50339e-12
61.96	8.18551e-12
61.965	8.18551e-12
61.97	7.95813e-12
61.975	7.95813e-12
61.98	7.95813e-12
61.985	7.95813e-12
61.99	6.82124e-12
61.995	6.36649e-12
62.0	5.457e-12
62.005	4.5475e-12
62.01	4.32013e-12
62.015	3.18325e-12
62.02	2.95587e-12
62.025	1.819e-12
62.03	9.09502e-13
62.035	-2.27375e-13
62.04	-1.59162e-12
62.045	-2.7285e-12
62.05	-2.95587e-12
62.055	-3.18325e-12
62.06	-4.5475e-12
62.065	-3.86538e-12
62.07	-4.09275e-12
62.075	-4.09275e-12
62.08	-3.63801e-12
62.085	-3.18325e-12
62.09	-2.50112e-12
62.095	-2.27375e-12
62.1	-1.36425e-12
62.105	-2.27375e-13
62.11	-2.27375e-13
62.115	4.54751e-13
62.12	4.54751e-13
62.125	6.82124e-13
62.13	1.13688e-12
62.135	1.13688e-12
62.14	1.36425e-12
62.145	1.13688e-12
62.15	1.13688e-12
62.155	1.819e-12
62.16	1.59162e-12
62.165	1.59162e-12
62.17	1.59162e-12
62.175	2.27375e-12
62.18	2.04638e-12
62.185	2.7285e-12
62.19	3.63801e-12
62.195	4.09275e-12
62.2	3.63801e-12
62.205	3.63801e-12
62.21	4.77487e-12
62.215	4.77487e-12
62.22	4.5475e-12
62.225	4.32013e-12
62.23	4.32013e-12
62.235	3.86538e-12
62.24	3.63801e-12
62.245	2.95587e-12
62.25	2.95587e-12
62.255	2.95587e-12
62.26	3.63801e-12
62.265	2.95587e-12
62.27	2.27375e-12
62.275	2.27375e-12
62.28	2.27375e-12
62.285	2.95587e-12
62.29	3.41062e-12
62.295	2.95587e-12
62.3	3.63801e-12
62.305	3.63801e-12
62.31	3.41062e-12
62.315	3.41062e-12
62.32	3.18325e-12
62.325	3.63801e-12
62.33	3.18325e-12
62.335	2.95587e-12
62.34	3.63801e-12
62.345	3.41062e-12
62.35	2.95587e-12
62.355	2.95587e-12
62.36	1.819e-12
62.365	2.27375e-12
62.37	1.13688e-12
62.375	1.819e-12
62.38	1.819e-12
62.385	1.13688e-12
62.39	1.13688e-12
62.395	9.09502e-13
62.4	0.0
62.405	-2.27375e-13
62.41	-2.27375e-13
62.415	-9.09502e-13
62.42	-2.27375e-13
62.425	-6.82124e-13
62.43	0.0
62.435	2.27375e-13
62.44	2.27375e-13
62.445	4.54751e-13
62.45	1.13688e-12
62.455	1.36425e-12
62.46	1.13688e-12
62.465	1.819e-12
62.47	2.95587e-12
62.475	1.36425e-12
62.48	2.27375e-12
62.485	3.63801e-12
62.49	2.27375e-12
62.495	2.50112e-12
62.5	3.41062e-12
62.505	4.09275e-12
62.51	3.86538e-12
62.515	4.32013e-12
62.52	5.457e-12
62.525	6.13912e-12
62.53	6.13912e-12
62.535	6.82124e-12
62.54	7.27601e-12
62.545	7.50339e-12
62.55	7.95813e-12
62.555	7.95813e-12
62.56	7.95813e-12
62.565	6.59386e-12
62.57	7.04861e-12
62.575	5.00225e-12
62.58	3.86538e-12
62.585	2.95587e-12
62.59	2.04638e-12
62.595	0.0
62.6	-1.59162e-12
62.605	-2.50112e-12
62.61	-3.86538e-12
62.615	-5.91174e-12
62.62	-7.27601e-12
62.625	-8.64026e-12
62.63	-9.54975e-12
62.635	-1.0914e-11
62.64	-1.20509e-11
62.645	-1.25056e-11
62.65	-1.29604e-11
62.655	-1.25056e-11
62.66	-1.29604e-11
62.665	-1.2733e-11
62.67	-1.15961e-11
62.675	-1.06866e-11
62.68	-8.41288e-12
62.685	-7.95813e-12
62.69	-5.91174e-12
62.695	-3.41062e-12
62.7	-1.36425e-12
62.705	4.54751e-13
62.71	2.50112e-12
62.715	4.32013e-12
62.72	5.91174e-12
62.725	7.27601e-12
62.73	9.32238e-12
62.735	9.77712e-12
62.74	1.0914e-11
62.745	1.15961e-11
62.75	1.22782e-11
62.755	1.20509e-11
62.76	1.18235e-11
62.765	1.13687e-11
62.77	1.04592e-11
62.775	1.00045e-11
62.78	9.32238e-12
62.785	8.64026e-12
62.79	7.27601e-12
62.795	6.13912e-12
62.8	5.22962e-12
62.805	3.63801e-12
62.81	3.41062e-12
62.815	1.819e-12
62.82	1.13688e-12
62.825	0.0
62.83	-1.36425e-12
62.835	-2.7285e-12
62.84	-3.41062e-12
62.845	-4.09275e-12
62.85	-6.36649e-12
62.855	-7.04861e-12
62.86	-7.95813e-12
62.865	-8.18551e-12
62.87	-8.86763e-12
62.875	-1.06866e-11
62.88	-1.18235e-11
62.885	-1.20509e-11
62.89	-1.25056e-11
62.895	-1.38698e-11
62.9	-1.38698e-11
62.905	-1.43246e-11
62.91	-1.38698e-11
62.915	-1.31877e-11
62.92	-1.2733e-11
62.925	-1.2733e-11
62.93	-1.18235e-11
62.935	-1.0914e-11
62.94	-1.04592e-11
62.945	-9.54975e-12
62.95	-8.41288e-12
62.955	-7.73076e-12
62.96	-6.82124e-12
62.965	-5.457e-12
62.97	-5.00225e-12
62.975	-3.18325e-12
62.98	-3.18325e-12
62.985	-2.27375e-12
62.99	-9.09502e-13
62.995	2.27375e-13
63.0	1.819e-12
