pos X
383.5987094778749 1.819e-12
383.63206588739473 2.0463766666666664e-12
383.6654222969145 1.7432066666666666e-12
383.6987787064344 1.6674166666666665e-12
383.7321351159542 1.89479e-12
383.765491525474 1.8947933333333335e-12
383.7988479349938 1.819e-12
383.83220434451357 2.12217e-12
383.8655607540334 1.8947933333333335e-12
383.8989171635532 1.9705866666666667e-12
383.93227357307296 2.04638e-12
383.9656299825929 2.1221666666666668e-12
383.9989863921127 1.8947933333333335e-12
384.03234280163247 1.8189966666666666e-12
384.0656992111523 1.970583333333333e-12
384.0990556206722 1.8947933333333335e-12
384.132412030192 1.8947933333333335e-12
384.16576843971177 1.9705833333333335e-12
384.1991248492316 2.1221666666666668e-12
384.23248125875136 2.0463766666666664e-12
384.2658376682712 2.0463766666666664e-12
384.299194077791 2.19796e-12
384.3325504873108 2.19796e-12
384.36590689683067 2.0463766666666664e-12
384.39926330635046 1.8947933333333335e-12
384.43261971587026 1.970583333333333e-12
384.4659761253901 2.0463766666666664e-12
384.4993325349099 2.19796e-12
384.53268894442976 2.1221666666666668e-12
384.56604535394956 2.27375e-12
384.59940176346936 2.19796e-12
384.63275817298916 2.34954e-12
384.66611458250895 2.34954e-12
384.6994709920288 2.27375e-12
384.7328274015486 2.27375e-12
384.76618381106834 2.1221666666666668e-12
384.79954022058826 1.970583333333333e-12
384.83289663010805 2.19796e-12
384.86625303962785 2.1221666666666668e-12
384.8996094491477 1.970583333333333e-12
384.93296585866756 2.19796e-12
384.96632226818735 2.19796e-12
384.99967867770715 2.1221666666666668e-12
385.033035087227 2.19796e-12
385.06639149674675 2.0463766666666664e-12
385.0997479062666 1.9705866666666667e-12
385.1331043157864 1.970583333333333e-12
385.16646072530614 2.0463766666666664e-12
385.19981713482605 1.8947933333333335e-12
385.23317354434585 1.7432066666666666e-12
385.26652995386564 1.8947933333333335e-12
385.2998863633855 2.1221666666666668e-12
385.3332427729053 2.0463766666666664e-12
385.36659918242515 1.819e-12
385.39995559194494 1.970583333333333e-12
385.43331200146474 2.0463733333333335e-12
385.46666841098454 1.8947933333333335e-12
385.50002482050434 1.8947933333333335e-12
385.5333812300242 1.7432066666666666e-12
385.566737639544 1.8947933333333335e-12
385.6000940490637 1.5158333333333335e-12
385.63345045858364 1.819e-12
385.66680686810344 1.6674166666666665e-12
385.70016327762323 1.6674166666666665e-12
385.7335196871431 1.819e-12
385.76687609666294 1.89479e-12
385.80023250618274 1.819e-12
385.83358891570253 1.819e-12
385.86694532522233 1.8947933333333335e-12
385.90030173474213 1.970583333333333e-12
385.933658144262 1.9705866666666667e-12
385.9670145537818 1.8947933333333335e-12
386.0003709633015 1.8947933333333335e-12
386.03372737282143 1.819e-12
386.06708378234123 1.8947933333333335e-12
386.100440191861 1.819e-12
386.1337966013809 1.8947933333333335e-12
386.1671530109007 2.0463766666666664e-12
386.20050942042053 1.8947933333333335e-12
386.2338658299403 1.819e-12
386.2672222394601 1.8947933333333335e-12
386.3005786489799 1.819e-12
386.3339350584997 1.8947933333333335e-12
386.3672914680196 2.12217e-12
386.40064787753937 2.0463766666666664e-12
386.4340042870591 1.9705866666666667e-12
386.467360696579 2.0463733333333335e-12
386.5007171060988 1.8947933333333335e-12
386.5340735156186 1.8947933333333335e-12
386.56742992513847 1.9705866666666667e-12
386.6007863346583 1.819e-12
386.6341427441781 1.819e-12
386.6674991536979 1.8947933333333335e-12
386.7008555632177 1.970583333333333e-12
386.7342119727375 1.7432066666666666e-12
386.76756838225737 1.667413333333333e-12
386.80092479177716 1.970583333333333e-12
386.8342812012969 1.8947933333333335e-12
386.8676376108168 1.8947933333333335e-12
386.9009940203366 1.970583333333333e-12
386.9343504298564 1.819e-12
386.96770683937626 1.819e-12
387.00106324889606 1.8947933333333335e-12
387.0344196584159 1.9705866666666667e-12
387.0677760679357 1.8947933333333335e-12
387.1011324774555 1.819e-12
387.1344888869753 1.89479e-12
387.1678452964951 1.5916233333333335e-12
387.20120170601496 1.28846e-12
387.2345581155347 1.44004e-12
387.2679145250545 1.667413333333333e-12
387.3012709345744 1.7432066666666666e-12
387.3346273440942 1.7432066666666666e-12
387.367983753614 1.8947933333333335e-12
387.40134016313385 1.819e-12
387.4346965726537 1.819e-12
387.4680529821735 1.819e-12
387.5014093916933 1.74321e-12
387.5347658012131 1.6674166666666665e-12
387.5681222107329 1.74321e-12
387.60147862025275 2.0463766666666664e-12
387.63483502977255 2.0463766666666664e-12
387.6681914392923 2.0463766666666664e-12
387.7015478488122 2.19796e-12
387.734904258332 2.1221666666666668e-12
387.7682606678518 2.04638e-12
387.80161707737165 2.0463766666666664e-12
387.83497348689144 1.9705866666666667e-12
387.8683298964113 2.12217e-12
387.9016863059311 2.1979566666666664e-12
387.9350427154509 1.8947933333333335e-12
387.9683991249707 2.0463766666666664e-12
388.0017555344905 1.8947933333333335e-12
388.03511194401034 1.8947933333333335e-12
388.0684683535301 2.12217e-12
388.1018247630499 2.0463766666666664e-12
388.1351811725698 2.1221666666666668e-12
388.1685375820896 2.12217e-12
388.2018939916094 2.12217e-12
388.23525040112924 2.12217e-12
388.2686068106491 1.970583333333333e-12
388.3019632201689 2.0463766666666664e-12
388.3353196296887 1.970583333333333e-12
388.3686760392085 1.970583333333333e-12
388.4020324487283 1.7432066666666666e-12
388.43538885824813 1.819e-12
388.46874526776793 1.667413333333333e-12
388.50210167728767 1.819e-12
388.5354580868076 1.7432066666666666e-12
388.5688144963274 1.8947933333333335e-12
388.6021709058472 1.667413333333333e-12
388.635527315367 1.667413333333333e-12
388.6688837248868 1.6674166666666667e-12
388.7022401344067 1.819e-12
388.7355965439265 1.7432066666666666e-12
388.7689529534463 1.819e-12
388.80230936296607 1.667413333333333e-12
388.83566577248587 1.7432066666666666e-12
388.8690221820057 1.7432066666666666e-12
388.90237859152546 1.667413333333333e-12
388.93573500104526 1.7432066666666666e-12
388.96909141056517 1.667413333333333e-12
389.00244782008497 1.819e-12
389.03580422960476 1.8947933333333335e-12
389.0691606391246 1.8947933333333335e-12
389.1025170486445 1.9705833333333335e-12
389.13587345816427 2.0463766666666664e-12
389.16922986768407 1.8947933333333335e-12
389.20258627720386 2.12217e-12
389.23594268672366 2.12217e-12
389.2692990962435 2.04638e-12
389.30265550576325 2.12217e-12
389.33601191528305 1.970583333333333e-12
389.36936832480296 1.9705866666666667e-12
389.4027247343227 2.19796e-12
389.43608114384256 1.970583333333333e-12
389.4694375533624 1.8947933333333335e-12
389.5027939628822 2.0463766666666664e-12
389.53615037240206 2.19796e-12
389.56950678192186 2.19796e-12
389.60286319144166 2.1221666666666668e-12
389.63621960096145 2.27375e-12
389.66957601048125 2.1221666666666668e-12
389.7029324200011 2.1221666666666668e-12
389.73628882952084 2.19796e-12
389.76964523904064 2.0463766666666664e-12
389.80300164856055 2.04638e-12
389.83635805808035 1.9705866666666667e-12
389.86971446760015 1.8947933333333335e-12
389.90307087712 1.9705833333333335e-12
389.93642728663986 2.12217e-12
389.96978369615965 2.0463766666666664e-12
390.00314010567945 1.970583333333333e-12
390.03649651519925 1.970583333333333e-12
390.06985292471904 2.04638e-12
390.1032093342389 2.0463766666666664e-12
390.13656574375864 1.8947933333333335e-12
390.16992215327843 1.970583333333333e-12
390.20327856279835 2.04638e-12
390.2366349723181 1.970583333333333e-12
390.26999138183794 2.0463766666666664e-12
390.3033477913578 2.12217e-12
390.33670420087753 2.1979566666666664e-12
390.37006061039745 2.0463766666666664e-12
390.40341701991724 2.27375e-12
390.436773429437 2.19796e-12
390.47012983895684 2.1979566666666664e-12
390.50348624847663 2.1979566666666664e-12
390.5368426579965 2.0463766666666664e-12
390.5701990675162 1.89479e-12
390.603555477036 2.0463766666666664e-12
390.63691188655594 1.970583333333333e-12
390.67026829607573 1.8947933333333335e-12
390.70362470559553 1.8947933333333335e-12
390.7369811151154 1.9705866666666667e-12
390.77033752463524 2.0463766666666664e-12
390.80369393415504 2.0463766666666664e-12
390.83705034367483 2.12217e-12
390.87040675319463 2.0463766666666664e-12
390.9037631627144 1.819e-12
390.9371195722343 2.0463766666666664e-12
390.970475981754 1.8947933333333335e-12
391.0038323912738 1.8947933333333335e-12
391.03718880079373 2.0463766666666664e-12
391.07054521031347 2.04638e-12
391.1039016198333 1.819e-12
391.1372580293532 1.819e-12
391.1706144388729 1.8947933333333335e-12
391.2039708483928 1.8947933333333335e-12
391.2373272579126 2.12217e-12
391.27068366743237 2.0463766666666664e-12
391.3040400769522 1.8947933333333335e-12
391.337396486472 1.819e-12
391.3707528959918 1.819e-12
391.4041093055116 1.819e-12
391.4374657150314 1.8947933333333335e-12
391.47082212455126 1.819e-12
391.5041785340711 1.970583333333333e-12
391.5375349435909 2.12217e-12
391.57089135311077 2.0463766666666664e-12
391.6042477626306 2.19796e-12
391.6376041721504 2.27375e-12
391.6709605816702 2.0463766666666664e-12
391.70431699119 1.9705866666666667e-12
391.7376734007098 2.12217e-12
391.77102981022966 2.1221666666666668e-12
391.8043862197494 2.1221666666666668e-12
391.8377426292692 2.19796e-12
391.8710990387891 2.0463766666666664e-12
391.90445544830885 2.04638e-12
391.9378118578287 2.27375e-12
391.97116826734856 2.34954e-12
392.0045246768683 2.19796e-12
392.0378810863882 2.19796e-12
392.071237495908 2.1221666666666668e-12
392.10459390542775 2.1979566666666664e-12
392.1379503149476 2.3495433333333333e-12
392.1713067244674 2.19796e-12
392.2046631339872 2.27375e-12
392.238019543507 2.19796e-12
392.2713759530268 1.970583333333333e-12
392.30473236254664 2.0463766666666664e-12
392.3380887720665 2.27375e-12
392.3714451815863 2.19796e-12
392.4048015911061 1.9705866666666667e-12
392.438158000626 2.04638e-12
392.4715144101458 2.1221666666666668e-12
392.50487081966554 1.970583333333333e-12
392.5382272291854 1.970583333333333e-12
392.5715836387052 2.1979566666666664e-12
392.604940048225 2.12217e-12
392.6382964577448 1.9705866666666667e-12
392.6716528672646 2.19796e-12
392.7050092767845 2.0463766666666664e-12
392.73836568630423 2.0463766666666664e-12
392.7717220958241 2.19796e-12
392.80507850534394 1.8947933333333335e-12
392.8384349148637 1.8947933333333335e-12
392.8717913243836 1.8947933333333335e-12
392.9051477339034 1.819e-12
392.93850414342313 1.970583333333333e-12
392.971860552943 1.8947933333333335e-12
393.0052169624628 1.9705866666666667e-12
393.0385733719826 1.9705866666666667e-12
393.0719297815024 1.8947933333333335e-12
393.1052861910222 1.8947933333333335e-12
393.138642600542 1.819e-12
393.1719990100619 1.819e-12
393.2053554195817 1.819e-12
393.2387118291015 1.819e-12
393.2720682386214 1.970583333333333e-12
393.3054246481412 1.819e-12
393.3387810576609 1.819e-12
393.3721374671808 1.819e-12
393.4054938767006 1.7432066666666666e-12
393.4388502862204 1.89479e-12
393.47220669574017 1.819e-12
393.50556310525997 1.6674166666666665e-12
393.5389195147798 1.5916233333333335e-12
393.5722759242996 1.6674166666666667e-12
393.60563233381947 1.7432066666666668e-12
393.63898874333927 1.819e-12
393.67234515285907 1.6674166666666665e-12
393.705701562379 1.667413333333333e-12
393.7390579718988 1.6674166666666665e-12
393.7724143814185 1.7432066666666666e-12
393.80577079093837 1.819e-12
393.83912720045817 1.7432066666666666e-12
393.87248360997796 1.667413333333333e-12
393.90584001949776 1.44004e-12
393.93919642901756 1.515833333333333e-12
393.9725528385374 1.3642533333333334e-12
394.00590924805726 1.5916233333333335e-12
394.03926565757706 1.66742e-12
394.07262206709686 1.74321e-12
394.10597847661677 1.59162e-12
394.13933488613657 1.667413333333333e-12
394.1726912956563 1.8947933333333335e-12
394.20604770517616 1.6674166666666665e-12
394.23940411469596 1.667413333333333e-12
394.27276052421576 1.5916233333333335e-12
394.30611693373555 1.515833333333333e-12
394.33947334325535 1.819e-12
394.3728297527752 1.8947933333333335e-12
394.406186162295 1.8947933333333335e-12
394.43954257181485 1.970583333333333e-12
394.47289898133465 1.8947933333333335e-12
394.50625539085445 1.9705866666666667e-12
394.53961180037436 1.819e-12
394.5729682098941 1.819e-12
394.6063246194139 2.1221666666666668e-12
394.63968102893375 1.8947933333333335e-12
394.67303743845355 1.9705866666666667e-12
394.70639384797335 1.819e-12
394.73975025749314 1.7432066666666666e-12
394.77310666701294 1.8947933333333335e-12
394.8064630765328 1.970583333333333e-12
394.83981948605265 1.819e-12
394.87317589557244 1.970583333333333e-12
394.90653230509224 1.89479e-12
394.93988871461215 1.8947933333333335e-12
394.97324512413195 1.6674166666666667e-12
395.0066015336517 1.819e-12
395.03995794317154 1.6674166666666665e-12
395.07331435269134 1.74321e-12
395.10667076221114 1.8947933333333335e-12
395.14002717173094 1.8947933333333335e-12
395.17338358125073 1.819e-12
395.2067399907706 1.6674166666666667e-12
395.2400964002904 1.819e-12
395.27345280981024 1.8947933333333335e-12
395.30680921933003 1.5916233333333335e-12
395.34016562884983 1.7432066666666666e-12
395.37352203836974 1.89479e-12
395.4068784478895 1.74321e-12
395.4402348574093 1.7432066666666666e-12
395.47359126692913 1.667413333333333e-12
395.50694767644893 1.819e-12
395.5403040859687 1.819e-12
395.5736604954885 2.12217e-12
395.6070169050083 1.8947933333333335e-12
395.6403733145282 1.667413333333333e-12
395.67372972404803 1.6674166666666665e-12
395.7070861335678 1.5916266666666667e-12
395.7404425430876 1.819e-12
395.77379895260754 1.8947933333333335e-12
395.80715536212733 1.6674166666666665e-12
395.8405117716471 1.5916233333333335e-12
395.8738681811669 1.8947933333333335e-12
395.9072245906867 1.89479e-12
395.9405810002065 1.89479e-12
395.9739374097263 1.7432066666666666e-12
396.0072938192461 1.7432066666666666e-12
396.04065022876597 1.7432066666666666e-12
396.07400663828577 1.8947933333333335e-12
396.1073630478056 1.89479e-12
396.1407194573254 2.12217e-12
396.1740758668452 2.19796e-12
396.2074322763651 2.27375e-12
396.24078868588487 2.27375e-12
396.27414509540466 2.1221666666666668e-12
396.3075015049245 2.1221666666666668e-12
396.3408579144443 2.576913333333333e-12
396.3742143239641 2.19796e-12
396.4075707334839 2.27375e-12
396.4409271430037 2.576913333333334e-12
396.47428355252356 2.5011233333333334e-12
396.5076399620434 2.8042899999999996e-12
396.5409963715632 2.6527066666666667e-12
396.574352781083 2.9558700000000004e-12
396.6077091906029 3.183246666666667e-12
396.64106560012266 3.3348366666666667e-12
396.67442200964246 3.1832499999999998e-12
396.7077784191623 3.2590433333333335e-12
396.7411348286821 3.486413333333333e-12
396.7744912382019 3.5622133333333333e-12
396.8078476477217 3.78959e-12
396.8412040572415 3.941170000000001e-12
396.87456046676135 4.320126666666667e-12
396.90791687628115 4.471706666666667e-12
396.941273285801 4.69908e-12
396.9746296953208 4.69908e-12
397.0079861048406 5.07804e-12
397.0413425143605 5.456996666666667e-12
397.07469892388025 5.53279e-12
397.10805533340005 5.911743333333334e-12
397.1414117429199 6.21491e-12
397.1747681524397 6.669656666666667e-12
397.2081245619595 6.972830000000001e-12
397.2414809714793 7.579176666666666e-12
397.2748373809991 8.109713333333333e-12
397.30819379051894 8.564466666666667e-12
397.3415502000388 9.170793333333333e-12
397.3749066095586 9.39817e-12
397.4082630190784 1.0383433333333334e-11
397.4416194285983 1.0989766666666667e-11
397.47497583811804 1.18235e-11
397.50833224763784 1.2808766666666666e-11
397.5416886571577 1.3490866666666666e-11
397.5750450666775 1.4552e-11
397.6084014761973 1.5082566666666666e-11
397.6417578857171 1.6219433333333336e-11
397.6751142952369 1.6977366666666664e-11
397.70847070475673 1.81142e-11
397.74182711427653 1.9099533333333336e-11
397.7751835237964 1.9630066666666667e-11
397.8085399333162 2.0312166666666666e-11
397.841896342836 2.1297466666666668e-11
397.87525275235583 2.1903766666666666e-11
397.90860916187563 2.228276666666667e-11
397.94196557139543 2.2206966666666667e-11
397.9753219809153 2.2206966666666667e-11
398.008678390435 2.2055366666666667e-11
398.0420347999549 2.1145866666666668e-11
398.0753912094747 1.9857399999999998e-11
398.10874761899447 1.83416e-11
398.1421040285143 1.6371e-11
398.1754604380342 1.3642466666666666e-11
398.208816847554 1.0534999999999999e-11
398.2421732570738 6.2149066666666666e-12
398.2755296665937 1.7432066666666666e-12
398.3088860761134 -3.48642e-12
398.3422424856332 -9.928699999999999e-12
398.3755988951531 -1.7432066666666666e-11
398.4089553046729 -2.5693333333333336e-11
398.44231171419267 -3.501576666666667e-11
398.47566812371247 -4.517176666666667e-11
398.50902453323226 -5.6995266666666665e-11
398.5423809427521 -6.980416666666666e-11
398.5757373522719 -8.42045e-11
398.60909376179177 -9.99691e-11
398.64245017131157 -1.1611299999999999e-10
398.67580658083136 -1.34606e-10
398.7091629903512 -1.541603333333333e-10
398.742519399871 -1.7523033333333332e-10
398.7758758093908 -1.9660333333333334e-10
398.80923221891067 -2.1790066666666668e-10
398.8425886284304 -2.366976666666667e-10
398.87594503795026 -2.556453333333333e-10
398.90930144747006 -2.723196666666666e-10
398.94265785698985 -2.8649266666666667e-10
398.9760142665097 -2.9740633333333335e-10
399.00937067602956 -3.01575e-10
399.0427270855493 -2.99529e-10
399.07608349506916 -2.9013066666666665e-10
399.10943990458907 -2.73229e-10
399.1427963141088 -2.4367033333333337e-10
399.1761527236286 -2.0819933333333333e-10
399.20950913314846 -1.60754e-10
399.24286554266826 -1.0633566666666666e-10
399.27622195218805 -3.804743333333333e-11
399.30957836170785 3.668316666666666e-11
399.34293477122765 1.1937200000000001e-10
399.3762911807475 2.1054899999999998e-10
399.4096475902673 2.96118e-10
399.44300399978715 3.8790100000000003e-10
399.47636040930695 4.740763333333333e-10
399.50971681882675 5.541889999999999e-10
399.5430732283466 6.263423333333334e-10
399.5764296378664 6.845496666666666e-10
399.6097860473862 7.286603333333334e-10
399.64314245690605 7.578403333333334e-10
399.6764988664258 7.707246666666667e-10
399.70985527594564 7.651913333333333e-10
399.74321168546544 7.399533333333334e-10
399.77656809498524 7.006933333333333e-10
399.8099245045051 6.43471e-10
399.84328091402494 5.70484e-10
399.8766373235447 4.884776666666667e-10
399.90999373306454 3.9866366666666666e-10
399.9433501425844 2.9081266666666666e-10
399.9767065521042 1.8455233333333333e-10
400.010062961624 8.117286666666667e-11
400.04341937114384 -2.3495433333333333e-11
400.0767757806636 -1.2460166666666669e-10
400.11013219018344 -2.2085699999999997e-10
400.14348859970323 -3.0832033333333335e-10
400.17684500922303 -3.8024633333333334e-10
400.2102014187429 -4.5035366666666666e-10
400.2435578282627 -5.012866666666666e-10
400.27691423778253 -5.429720000000001e-10
400.31027064730233 -5.719243333333333e-10
400.34362705682213 -5.874613333333333e-10
400.376983466342 -5.905690000000001e-10
400.4103398758618 -5.822316666666667e-10
400.4436962853816 -5.623746666666667e-10
400.47705269490143 -5.334980000000001e-10
400.51040910442117 -4.937836666666667e-10
400.543765513941 -4.502773333333333e-10
400.5771219234608 -3.99952e-10
400.6104783329806 -3.4576133333333333e-10
400.6438347425005 -2.880843333333333e-10
400.6771911520203 -2.2972400000000002e-10
400.71054756154007 -1.7303233333333333e-10
400.7439039710599 -1.1285366666666668e-10
400.7772603805798 -5.926903333333332e-11
400.8106167900996 -6.063336666666667e-12
400.84397319961937 4.31254e-11
400.8773296091392 8.6554e-11
400.91068601865896 1.2445000000000002e-10
400.9440424281788 1.57495e-10
400.9773988376986 1.8485566666666664e-10
401.0107552472184 2.0736566666666668e-10
401.04411165673827 2.2487366666666666e-10
401.07746806625806 2.3639400000000003e-10
401.11082447577786 2.4147266666666665e-10
401.1441808852977 2.4215466666666666e-10
401.1775372948175 2.3828899999999995e-10
401.21089370433737 2.2942133333333332e-10
401.24425011385716 2.1721866666666665e-10
401.27760652337696 2.0153e-10
401.31096293289676 1.8296066666666667e-10
401.34431934241655 1.62573e-10
401.3776757519364 1.4029033333333333e-10
401.4110321614562 1.16492e-10
401.44438857097595 9.254153333333332e-11
401.47774498049586 6.88189e-11
401.5111013900157 4.5702366666666664e-11
401.54445779953545 2.42533e-11
401.5778142090553 4.24433e-12
401.61117061857516 -1.3869866666666667e-11
401.64452702809496 -3.19841e-11
401.67788343761475 -4.8051866666666663e-11
401.7112398471346 -6.199763333333333e-11
401.74459625665435 -7.435163333333334e-11
401.7779526661742 -8.32192e-11
401.811309075694 -8.973726666666667e-11
401.8446654852138 -9.504263333333334e-11
401.87802189473365 -9.739200000000002e-11
401.91137830425345 -9.830159999999999e-11
401.94473471377324 -9.716466666666668e-11
401.9780911232931 -9.420893333333333e-11
402.0114475328129 -8.981306666666666e-11
402.04480394233275 -8.344660000000001e-11
402.07816035185255 -7.708013333333333e-11
402.11151676137234 -6.912203333333333e-11
402.14487317089214 -6.010290000000001e-11
402.17822958041194 -5.1462466666666665e-11
402.2115859899318 -4.1837e-11
402.2449423994516 -3.2742e-11
402.27829880897133 -2.3192233333333333e-11
402.31165521849124 -1.3794066666666667e-11
402.34501162801104 -5.608576666666666e-12
402.37836803753083 2.3495433333333333e-12
402.4117244470507 9.32238e-12
402.44508085657054 1.54615e-11
402.47843726609034 2.1297466666666668e-11
402.51179367561014 2.6299666666666667e-11
402.54515008513 2.9786166666666665e-11
402.57850649464973 3.289359999999999e-11
402.6118629041696 3.486416666666667e-11
402.6452193136894 3.6001033333333334e-11
402.6785757232092 3.6152633333333334e-11
402.71193213272903 3.56221e-11
402.74528854224883 3.433366666666667e-11
402.7786449517686 3.23631e-11
402.8120013612885 2.9482966666666665e-11
402.8453577708083 2.5996533333333336e-11
402.87871418032813 2.2055366666666667e-11
402.91207058984793 1.7811066666666666e-11
402.9454269993677 1.3263499999999999e-11
402.9787834088875 8.716046666666667e-12
403.0121398184073 4.2443333333333336e-12
403.0454962279272 -5.30541e-13
403.07885263744697 -4.47171e-12
403.1122090469667 -8.033926666666667e-12
403.1455654564866 -1.1368766666666667e-11
403.1789218660064 -1.42488e-11
403.2122782755262 -1.6295233333333333e-11
403.24563468504607 -1.7507900000000002e-11
403.2789910945659 -1.819e-11
403.3123475040857 -1.8644733333333332e-11
403.3457039136055 -1.89479e-11
403.3790603231253 -1.8796300000000002e-11
403.4124167326451 -1.82658e-11
403.44577314216497 -1.758366666666667e-11
403.47912955168476 -1.6901566666666664e-11
403.5124859612045 -1.599206666666667e-11
403.5458423707244 -1.5309966666666667e-11
403.5791987802442 -1.4779366666666666e-11
403.612555189764 -1.4097233333333334e-11
403.64591159928386 -1.3642466666666666e-11
403.67926800880366 -1.2808766666666666e-11
403.7126244183235 -1.2505600000000002e-11
403.7459808278433 -1.1747666666666667e-11
403.7793372373631 -1.1368766666666667e-11
403.8126936468829 -1.0686633333333333e-11
403.8460500564027 -9.777123333333333e-12
403.87940646592256 -8.412883333333334e-12
403.91276287544235 -7.12441e-12
403.9461192849621 -5.456996666666667e-12
403.979475694482 -3.78959e-12
404.0128321040018 -1.8947933333333335e-12
404.0461885135216 3.78959e-13
404.07954492304145 2.9558700000000004e-12
404.1129013325613 5.381206666666666e-12
404.1462577420811 8.109716666666668e-12
404.1796141516009 1.0610833333333332e-11
404.2129705611207 1.3642466666666666e-11
404.2463269706405 1.6371e-11
404.27968338016035 1.84932e-11
404.31303978968015 2.0994266666666668e-11
404.3463961991999 2.3343833333333333e-11
404.3797526087198 2.5541766666666665e-11
404.4131090182396 2.751233333333333e-11
404.4464654277594 2.8876566666666667e-11
404.47982183727925 3.008933333333333e-11
404.51317824679904 3.04683e-11
404.5465346563189 3.107463333333333e-11
404.5798910658387 3.107463333333333e-11
404.6132474753585 3.0468299999999994e-11
404.6466038848783 2.963453333333333e-11
404.6799602943981 2.83461e-11
404.71331670391794 2.675443333333333e-11
404.7466731134377 2.4177500000000002e-11
404.7800295229575 2.1827966666666663e-11
404.8133859324774 1.940266666666667e-11
404.8467423419972 1.66742e-11
404.880098751517 1.3869833333333334e-11
404.91345516103684 1.0914e-11
404.9468115705567 8.33709e-12
404.9801679800765 5.835953333333333e-12
405.0135243895963 3.1832499999999998e-12
405.0468807991161 1.061085e-12
405.0802372086359 -6.821246666666668e-13
405.11359361815573 -2.0463733333333335e-12
405.14695002767553 -3.486416666666667e-12
405.18030643719527 -4.5475e-12
405.2136628467152 -5.3812033333333326e-12
405.247019256235 -5.456996666666667e-12
405.2803756657548 -5.532786666666666e-12
405.31373207527463 -5.456996666666667e-12
405.3470884847944 -5.002246666666667e-12
405.3804448943143 -4.2443366666666664e-12
405.4138013038341 -3.1832499999999998e-12
405.4471577133539 -1.9705866666666667e-12
405.48051412287367 0.0
405.51387053239347 1.819e-12
405.5472269419133 3.5622133333333333e-12
405.58058335143306 5.381206666666666e-12
405.61393976095286 7.503386666666665e-12
405.64729617047277 9.701330000000001e-12
405.68065257999257 1.1823466666666667e-11
405.71400898951237 1.3794066666666667e-11
405.7473653990322 1.54615e-11
405.7807218085521 1.6901566666666667e-11
405.81407821807187 1.819e-11
405.84743462759167 1.93269e-11
405.88079103711146 2.05395e-11
405.91414744663126 2.1221666666666665e-11
405.9475038561511 2.1676400000000002e-11
405.9808602656709 2.2131133333333334e-11
406.01421667519065 2.2434300000000004e-11
406.04757308471056 2.2358533333333337e-11
406.08092949423036 2.2282733333333334e-11
406.11428590375016 2.197956666666667e-11
406.14764231327 2.1676400000000002e-11
406.1809987227898 2.1070066666666668e-11
406.21435513230966 2.0236366666666666e-11
406.24771154182946 1.92511e-11
406.28106795134926 1.8341566666666668e-11
406.31442436086905 1.73563e-11
406.34778077038885 1.5916233333333332e-11
406.3811371799087 1.47794e-11
406.41449358942845 1.3415133333333332e-11
406.44784999894824 1.18993e-11
406.48120640846815 1.0080273333333333e-11
406.51456281798795 8.185506666666667e-12
406.54791922750775 6.669656666666667e-12
406.5812756370276 4.850663333333334e-12
406.61463204654746 3.1074533333333333e-12
406.64798845606725 1.6674166666666665e-12
406.68134486558705 2.273753333333333e-13
406.71470127510685 -6.063336666666667e-13
406.74805768462664 -1.74321e-12
406.7814140941465 -2.5769166666666667e-12
406.81477050366624 -3.0316633333333333e-12
406.84812691318604 -3.3348366666666667e-12
406.88148332270595 -3.4106266666666663e-12
406.91483973222574 -3.5622066666666664e-12
406.94819614174554 -3.3348366666666667e-12
406.9815525512654 -2.8800800000000004e-12
407.0149089607852 -2.273746666666667e-12
407.04826537030505 -1.5916233333333335e-12
407.08162177982484 -9.09502e-13
407.11497818934464 -3.7895833333333336e-13
407.14833459886444 7.579166666666666e-14
407.18169100838423 4.5475e-13
407.2150474179041 1.0610846666666667e-12
407.24840382742383 1.36425e-12
407.2817602369436 1.5158333333333335e-12
407.31511664646354 1.819e-12
407.34847305598333 1.819e-12
407.38182946550313 1.7432066666666668e-12
407.415185875023 1.7432066666666666e-12
407.44854228454284 1.28846e-12
407.48189869406264 9.852946666666667e-13
407.51525510358243 3.0316699999999994e-13
407.54861151310223 -3.031663333333333e-13
407.581967922622 -8.337093333333334e-13
407.6153243321419 -1.5916266666666665e-12
407.6486807416616 -2.34954e-12
407.6820371511814 -3.031666666666667e-12
407.71539356070133 -3.7137933333333325e-12
407.74874997022107 -4.623293333333334e-12
407.7821063797409 -5.532786666666666e-12
407.8154627892608 -6.290696666666667e-12
407.8488191987805 -6.82124e-12
407.88217560830043 -6.8970300000000006e-12
407.9155320178202 -7.200203333333334e-12
407.94888842734 -7.654960000000001e-12
407.9822448368598 -7.57917e-12
408.0156012463796 -7.57918e-12
408.04895765589947 -7.276003333333335e-12
408.0823140654192 -7.04861e-12
408.115670474939 -6.139116666666667e-12
408.1490268844589 -5.53279e-12
408.1823832939787 -4.926456666666666e-12
408.2157397034985 -4.5475e-12
408.24909611301837 -3.86538e-12
408.2824525225382 -3.33483e-12
408.315808932058 -3.0316633333333337e-12
408.3491653415778 -2.652706666666667e-12
408.3825217510976 -2.42533e-12
408.4158781606174 -2.50112e-12
408.44923457013726 -2.6527033333333334e-12
408.482590979657 -2.8042900000000004e-12
408.5159473891768 -3.1832499999999998e-12
408.5493037986967 -3.7138e-12
408.58266020821645 -4.1685433333333336e-12
408.6160166177363 -4.850666666666666e-12
408.64937302725616 -5.381206666666666e-12
408.6827294367759 -5.987533333333334e-12
408.7160858462958 -6.51807e-12
408.7494422558156 -7.04862e-12
408.78279866533535 -7.427586666666668e-12
408.8161550748552 -7.65497e-12
408.849511484375 -7.503376666666667e-12
408.8828678938948 -7.276003333333335e-12
408.9162243034146 -6.669653333333332e-12
408.9495807129344 -6.063323333333333e-12
408.98293712245425 -5.456996666666667e-12
409.0162935319741 -4.547503333333334e-12
409.0496499414939 -3.5622133333333333e-12
409.08300635101375 -2.34954e-12
409.1163627605336 -1.0610846666666667e-12
409.1497191700534 1.5158366666666668e-13
409.1830755795732 1.515833333333333e-12
409.216431989093 2.7284966666666667e-12
409.2497883986128 4.0169633333333335e-12
409.28314480813265 5.002246666666667e-12
409.3165012176524 6.0633266666666665e-12
409.3498576271722 7.12441e-12
409.3832140366921 7.730756666666668e-12
409.41657044621184 8.412883333333334e-12
409.4499268557317 8.564466666666666e-12
409.48328326525154 8.79184e-12
409.5166396747713 9.019213333333333e-12
409.5499960842912 8.86763e-12
409.583352493811 8.564466666666666e-12
409.61670890333073 8.2613e-12
409.6500653128506 7.88234e-12
409.6834217223704 7.27601e-12
409.7167781318902 6.82124e-12
409.75013454141 6.518073333333333e-12
409.7834909509298 5.911743333333334e-12
409.81684736044963 5.229623333333333e-12
409.8502037699695 4.69908e-12
409.8835601794893 4.2443366666666664e-12
409.9169165890091 3.4864233333333336e-12
409.950272998529 2.576913333333333e-12
409.9836294080488 1.8947933333333335e-12
410.0169858175685 1.5158333333333335e-12
410.0503422270884 6.063336666666667e-13
410.0836986366082 -4.5475e-13
410.11705504612803 -1.36425e-12
410.15041145564777 -2.19796e-12
410.18376786516757 -2.9558733333333332e-12
410.2171242746875 -3.4864166666666664e-12
410.2504806842072 -4.47171e-12
410.2838370937271 -5.3812033333333326e-12
410.3171935032469 -5.987533333333334e-12
410.35054991276667 -6.593863333333333e-12
410.3839063222866 -6.821246666666667e-12
410.4172627318064 -7.04862e-12
410.4506191413261 -7.427593333333332e-12
410.48397555084597 -7.200203333333334e-12
410.51733196036577 -6.972826666666666e-12
410.55068836988556 -6.51808e-12
410.58404477940536 -6.442283333333333e-12
410.61740118892516 -5.381206666666666e-12
410.650757598445 -4.5475e-12
410.68411400796487 -3.33483e-12
410.71747041748466 -2.19796e-12
410.75082682700446 -7.579183333333333e-13
410.78418323652437 6.821239999999999e-13
410.81753964604417 2.19796e-12
410.8508960555639 3.941173333333333e-12
410.88425246508376 5.835953333333333e-12
410.91760887460356 7.503383333333333e-12
410.95096528412336 8.943423333333334e-12
410.98432169364315 1.0459266666666665e-11
411.01767810316295 1.1899266666666667e-11
411.0510345126828 1.3111966666666667e-11
411.0843909222026 1.4173033333333333e-11
411.11774733172246 1.4855166666666666e-11
411.1511037412423 1.5688866666666668e-11
411.18446015076205 1.599206666666667e-11
411.21781656028196 1.5840466666666668e-11
411.25117296980176 1.5385733333333334e-11
411.2845293793215 1.47036e-11
411.31788578884135 1.3642466666666666e-11
411.35124219836115 1.2429833333333335e-11
411.38459860788095 1.1065566666666667e-11
411.41795501740074 9.39817e-12
411.45131142692054 7.654966666666667e-12
411.4846678364404 5.835953333333333e-12
411.51802424596025 4.092753333333333e-12
411.55138065548005 1.819e-12
411.58473706499984 3.031663333333333e-13
411.61809347451975 -1.1368746666666667e-12
411.65144988403955 -2.1221666666666664e-12
411.6848062935593 -3.1074566666666665e-12
411.71816270307914 -3.638003333333333e-12
411.75151911259894 -4.092753333333333e-12
411.78487552211874 -4.092753333333333e-12
411.81823193163854 -4.0169633333333335e-12
411.85158834115833 -3.4864166666666668e-12
411.8849447506782 -2.9558733333333332e-12
411.918301160198 -2.273753333333333e-12
411.95165756971784 -1.44004e-12
411.98501397923764 -6.06333e-13
412.01837038875743 1.5158366666666668e-13
412.05172679827734 6.063346666666667e-13
412.0850832077971 9.852946666666667e-13
412.1184396173169 1.21267e-12
412.15179602683673 1.36425e-12
412.18515243635653 1.819e-12
412.21850884587633 1.7432066666666666e-12
412.2518652553961 1.44004e-12
412.2852216649159 1.21267e-12
412.3185780744358 9.09502e-13
412.35193448395563 2.273753333333333e-13
412.3852908934754 1.5158366666666668e-13
412.4186473029952 -2.273753333333333e-13
412.45200371251514 -3.7895799999999994e-13
412.48536012203493 -4.54751e-13
412.5187165315547 -4.54751e-13
412.5520729410745 -7.579166666666666e-14
412.5854293505943 7.579166666666666e-14
412.6187857601141 6.06333e-13
412.6521421696339 1.0610873333333333e-12
412.6854985791537 1.5158333333333335e-12
412.71885498867357 2.04638e-12
412.75221139819337 2.576913333333333e-12
412.7855678077132 3.1074533333333333e-12
412.818924217233 3.86538e-12
412.8522806267528 4.2443366666666664e-12
412.8856370362727 4.77487e-12
412.91899344579247 5.002246666666667e-12
412.95234985531226 5.381206666666666e-12
412.9857062648321 5.305416666666666e-12
413.0190626743519 5.15383e-12
413.0524190838717 4.69908e-12
413.0857754933915 4.77487e-12
413.1191319029113 4.47171e-12
413.15248831243116 3.7138e-12
413.185844721951 2.8800800000000004e-12
413.2192011314708 2.27375e-12
413.2525575409906 1.36425e-12
413.2859139505105 7.579166666666667e-13
413.3192703600303 -7.579200000000002e-14
413.35262676955006 -6.063346666666667e-13
413.3859831790699 -1.21267e-12
413.4193395885897 -1.6674166666666667e-12
413.4526959981095 -1.8947933333333335e-12
413.4860524076293 -1.8947933333333335e-12
413.5194088171491 -1.8947933333333335e-12
413.55276522666895 -1.819e-12
413.58612163618875 -1.44004e-12
413.6194780457086 -9.852946666666667e-13
413.6528344552284 -6.821239999999999e-13
413.6861908647482 -7.579166666666666e-14
413.7195472742681 0.0
413.75290368378785 2.273753333333333e-13
413.78626009330765 7.579166666666666e-14
413.8196165028275 -1.5158366666666668e-13
413.8529729123473 -6.06333e-13
413.8863293218671 -1.2126673333333333e-12
413.9196857313869 -1.8947933333333335e-12
413.9530421409067 -2.88008e-12
413.98639855042654 -3.7137933333333325e-12
414.0197549599464 -4.623293333333333e-12
414.0531113694662 -5.30541e-12
414.086467778986 -5.76016e-12
414.1198241885059 -6.2906999999999994e-12
414.15318059802564 -6.669653333333332e-12
414.18653700754544 -6.51807e-12
414.2198934170653 -6.2149066666666666e-12
414.2532498265851 -5.608579999999999e-12
414.2866062361049 -4.850666666666666e-12
414.3199626456247 -3.4106266666666663e-12
414.3533190551445 -1.7432066666666668e-12
414.38667546466434 -7.579166666666666e-14
414.42003187418413 1.89479e-12
414.453388283704 4.0169633333333335e-12
414.4867446932238 6.139116666666667e-12
414.5201011027436 8.185506666666665e-12
414.5534575122635 1.0231880000000001e-11
414.58681392178323 1.2429833333333335e-11
414.62017033130303 1.4097233333333333e-11
414.6535267408229 1.5461533333333334e-11
414.6868831503427 1.65984e-11
414.7202395598625 1.73563e-11
414.7535959693823 1.7811033333333333e-11
414.7869523789021 1.7432133333333332e-11
414.8203087884219 1.705313333333333e-11
414.8536651979418 1.6067833333333332e-11
414.8870216074616 1.4476199999999997e-11
414.9203780169814 1.2581399999999999e-11
414.9537344265013 1.07624e-11
414.987090836021 8.337089999999999e-12
415.0204472455408 6.13912e-12
415.0538036550607 3.63801e-12
415.0871600645805 1.66742e-12
415.12051647410027 -1.5158300000000004e-13
415.15387288362007 -1.7432066666666668e-12
415.18722929313986 -2.9558733333333332e-12
415.2205857026597 -3.865376666666666e-12
415.2539421121795 -3.941166666666667e-12
415.28729852169937 -4.2443366666666664e-12
415.32065493121917 -3.941170000000001e-12
415.35401134073896 -3.25904e-12
415.3873677502589 -2.5011233333333334e-12
415.4207241597786 -1.3642506666666664e-12
415.4540805692984 -1.515833333333333e-13
415.48743697881827 5.30542e-13
415.520793388338 1.44004e-12
415.55414979785786 2.1221666666666668e-12
415.58750620737766 2.7284966666666667e-12
415.62086261689745 2.88008e-12
415.6542190264173 2.88008e-12
415.68757543593716 2.6527066666666667e-12
415.72093184545696 2.19796e-12
415.75428825497676 1.819e-12
415.78764466449667 1.1368773333333333e-12
415.8210010740164 6.821273333333334e-13
415.8543574835362 3.7895833333333336e-13
415.88771389305606 2.273753333333333e-13
415.92107030257586 2.273753333333333e-13
415.95442671209565 4.5475e-13
415.98778312161545 7.579183333333333e-13
416.02113953113525 1.5158333333333335e-12
416.0544959406551 2.576913333333334e-12
416.0878523501749 3.86538e-12
416.12120875969475 4.926456666666666e-12
416.15456516921455 6.44228e-12
416.18792157873435 7.65497e-12
416.2212779882542 9.095003333333332e-12
416.254634397774 1.0459233333333332e-11
416.2879908072938 1.1671866666666667e-11
416.32134721681365 1.2657199999999999e-11
416.3547036263334 1.34909e-11
416.38806003585324 1.3945633333333334e-11
416.42141644537304 1.42488e-11
416.45477285489284 1.4173e-11
416.4881292644127 1.3794066666666667e-11
416.52148567393255 1.2960366666666666e-11
416.5548420834523 1.19751e-11
416.58819849297214 1.07624e-11
416.62155490249205 9.170796666666667e-12
416.6549113120118 7.20021e-12
416.6882677215316 4.926456666666666e-12
416.72162413105144 3.2590366666666666e-12
416.75498054057124 1.28846e-12
416.78833695009104 -8.337083333333334e-13
416.82169335961083 -2.5769166666666667e-12
416.85504976913063 -4.2443333333333336e-12
416.8884061786505 -5.456996666666667e-12
416.9217625881703 -6.821246666666667e-12
416.95511899769014 -7.579176666666666e-12
416.98847540720993 -7.882343333333333e-12
417.02183181672973 -8.109716666666668e-12
417.0551882262496 -8.109716666666666e-12
417.0885446357694 -7.882343333333333e-12
417.1219010452892 -7.200213333333333e-12
417.15525745480903 -5.9875366666666665e-12
417.1886138643288 -5.00225e-12
417.2219702738486 -3.86538e-12
417.2553266833684 -2.7284966666666667e-12
417.2886830928882 -1.7432066666666668e-12
417.3220395024081 -6.06333e-13
417.3553959119279 3.0316733333333337e-13
417.38875232144767 6.821273333333334e-13
417.4221087309675 7.579166666666667e-13
417.45546514048743 1.2884600000000001e-12
417.4888215500072 1.2884600000000001e-12
417.52217795952697 1.0610873333333333e-12
417.5555343690468 6.06333e-13
417.58889077856657 4.54751e-13
417.6222471880864 3.78959e-13
417.6556035976062 0.0
417.688960007126 -2.273753333333333e-13
417.72231641664587 -3.0316699999999994e-13
417.75567282616566 -3.031663333333333e-13
417.7890292356855 -3.7895833333333336e-13
417.8223856452053 -3.0316699999999994e-13
417.8557420547251 7.579166666666666e-14
417.88909846424497 7.579183333333333e-13
417.92245487376476 1.44004e-12
417.95581128328456 2.0463766666666664e-12
417.9891676928044 2.8042866666666667e-12
418.02252410232416 3.5622133333333333e-12
418.055880511844 4.32013e-12
418.0892369213638 5.1538333333333325e-12
418.1225933308836 5.76016e-12
418.15594974040346 6.36649e-12
418.1893061499233 7.12441e-12
418.22266255944305 7.57918e-12
418.2560189689629 8.033923333333335e-12
418.28937537848276 8.261300000000002e-12
418.32273178800256 8.033923333333333e-12
418.35608819752235 8.033923333333333e-12
418.3894446070422 7.730760000000001e-12
418.42280101656195 7.20021e-12
418.4561574260818 6.669656666666667e-12
418.4895138356016 5.9875366666666665e-12
418.5228702451214 5.07804e-12
418.55622665464125 4.2443366666666664e-12
418.58958306416105 3.5622133333333333e-12
418.62293947368084 2.5011233333333334e-12
418.6562958832007 1.6674166666666665e-12
418.6896522927205 1.0610873333333333e-12
418.72300870224035 6.821256666666667e-13
418.75636511176015 4.5475e-13
418.78972152127994 3.7895833333333336e-13
418.8230779307998 4.5475e-13
418.85643434031954 6.821256666666667e-13
418.8897907498394 1.13688e-12
418.9231471593592 1.6674166666666665e-12
418.95650356887893 2.5011233333333334e-12
418.98985997839884 3.0316633333333333e-12
419.0232163879187 3.63801e-12
419.05657279743843 3.941173333333333e-12
419.0899292069583 4.092753333333333e-12
419.12328561647814 4.092753333333333e-12
419.15664202599794 3.94117e-12
419.18999843551774 3.638003333333333e-12
419.2233548450376 3.0316633333333333e-12
419.25671125455733 2.19796e-12
419.2900676640772 1.5916233333333335e-12
419.323424073597 6.063346666666667e-13
419.3567804831168 -3.789593333333334e-13
419.39013689263663 -1.2126646666666667e-12
419.42349330215643 -1.819e-12
419.4568497116762 -2.0463733333333335e-12
419.4902061211961 -2.5011266666666666e-12
419.5235625307159 -2.8042899999999996e-12
419.55691894023573 -2.576913333333333e-12
419.59027534975553 -2.27375e-12
419.6236317592753 -1.8947933333333335e-12
419.6569881687951 -1.2126673333333333e-12
419.6903445783149 -3.031663333333333e-13
419.7237009878348 7.579183333333333e-13
419.7570573973546 1.5158366666666667e-12
419.7904138068743 2.1979566666666664e-12
419.8237702163942 3.25904e-12
419.8571266259141 4.32013e-12
419.8904830354338 5.15383e-12
419.92383944495367 5.9875366666666665e-12
419.9571958544735 6.593863333333333e-12
419.9905522639933 7.276003333333333e-12
420.0239086735131 7.80655e-12
420.057265083033 8.261300000000002e-12
420.0906214925527 8.867633333333333e-12
420.12397790207257 8.943423333333334e-12
420.15733431159236 9.019213333333333e-12
420.19069072111216 9.170793333333333e-12
420.224047130632 9.019213333333333e-12
420.2574035401518 8.79184e-12
420.2907599496716 8.33709e-12
420.32411635919146 7.80655e-12
420.35747276871126 7.427596666666668e-12
420.3908291782311 6.972830000000001e-12
420.4241855877509 6.593863333333333e-12
420.4575419972707 6.36649e-12
420.4908984067905 5.68437e-12
420.5242548163103 5.229623333333333e-12
420.55761122583016 4.850663333333333e-12
420.59096763534995 4.774873333333333e-12
420.6243240448697 4.3201266666666664e-12
420.6576804543896 4.2443366666666664e-12
420.6910368639094 3.78959e-12
420.7243932734292 3.638003333333333e-12
420.75774968294905 3.3348366666666667e-12
420.7911060924689 3.0316633333333333e-12
420.8244625019887 2.8042899999999996e-12
420.8578189115085 2.5011233333333334e-12
420.89117532102836 1.970583333333333e-12
420.9245317305481 1.5158333333333335e-12
420.95788814006795 1.0610873333333333e-12
420.99124454958775 5.30542e-13
421.0246009591075 3.0316733333333337e-13
421.0579573686274 0.0
421.0913137781472 -3.0316733333333337e-13
421.124670187667 -4.547493333333333e-13
421.15802659718685 -5.30541e-13
421.19138300670664 -6.063353333333334e-13
421.2247394162265 -3.7895799999999994e-13
421.2580958257463 -7.579166666666666e-14
421.2914522352661 0.0
421.3248086447859 4.54751e-13
421.3581650543057 9.852946666666667e-13
421.39152146382554 1.51583e-12
421.42487787334534 2.12217e-12
421.4582342828651 2.6527066666666667e-12
421.491590692385 3.1074566666666665e-12
421.5249471019048 3.63801e-12
421.5583035114246 4.1685433333333336e-12
421.59165992094444 4.39592e-12
421.6250163304643 4.395916666666667e-12
421.6583727399841 4.850663333333333e-12
421.6917291495039 5.229623333333333e-12
421.7250855590237 5.381206666666666e-12
421.7584419685435 5.68437e-12
421.79179837806333 5.53279e-12
421.82515478758313 5.229623333333333e-12
421.85851119710287 5.15383e-12
421.8918676066228 5.002246666666667e-12
421.9252240161426 4.62329e-12
421.9585804256624 4.2443366666666664e-12
421.99193683518223 3.78959e-12
422.025293244702 3.4864166666666668e-12
422.0586496542219 2.6527066666666667e-12
422.0920060637417 2.27375e-12
422.1253624732615 1.667413333333333e-12
422.1587188827813 1.0610873333333335e-12
422.19207529230107 5.30542e-13
422.2254317018209 0.0
422.2587881113407 -2.273753333333333e-13
422.29214452086046 -6.821239999999999e-13
422.3255009303804 -7.579166666666667e-13
422.35885733990017 -6.06333e-13
422.39221374941997 -6.821256666666667e-13
422.4255701589398 -4.547493333333333e-13
422.4589265684597 -4.5475e-13
422.49228297797947 -2.273753333333333e-13
422.52563938749927 1.5158366666666668e-13
422.55899579701907 2.273753333333333e-13
422.59235220653886 3.0316733333333337e-13
422.6257086160587 5.30542e-13
422.6590650255785 7.579166666666667e-13
422.69242143509825 9.852946666666667e-13
422.72577784461816 1.1368773333333333e-12
422.75913425413796 1.13688e-12
422.79249066365776 6.821273333333334e-13
422.8258470731776 3.0316733333333337e-13
422.8592034826974 2.2737466666666665e-13
422.89255989221726 7.579166666666666e-14
422.92591630173706 -2.273753333333333e-13
422.95927271125686 -2.2737466666666665e-13
422.99262912077666 -2.273753333333333e-13
423.02598553029645 -4.5475e-13
423.0593419398163 -3.0316699999999994e-13
423.09269834933605 -3.7895833333333336e-13
423.12605475885584 -7.579200000000002e-14
423.15941116837575 0.0
423.19276757789555 7.579166666666666e-14
423.22612398741535 3.0316733333333337e-13
423.2594803969352 3.78959e-13
423.29283680645506 3.0316733333333337e-13
423.32619321597485 3.78959e-13
423.35954962549465 4.54751e-13
423.39290603501445 2.273753333333333e-13
423.42626244453425 2.273753333333333e-13
423.4596188540541 1.515833333333333e-13
423.4929752635739 2.2737566666666673e-13
423.52633167309364 7.579166666666666e-14
423.55968808261355 0.0
423.59304449213334 7.579200000000002e-14
423.62640090165314 -1.515833333333333e-13
