pos X
58.5 2.04638e-12
58.505 1.59162e-12
58.51 1.59162e-12
58.515 2.27375e-12
58.52 2.27375e-12
58.525 1.819e-12
58.53 1.36425e-12
58.535 1.819e-12
58.54 2.04638e-12
58.545 2.27375e-12
58.55 1.819e-12
58.555 1.819e-12
58.56 1.819e-12
58.565 1.819e-12
58.57 1.819e-12
58.575 1.819e-12
58.58 1.819e-12
58.585 1.819e-12
58.59 1.819e-12
58.595 1.819e-12
58.6 2.04638e-12
58.605 2.04638e-12
58.61 2.27375e-12
58.615 2.27375e-12
58.62 2.27375e-12
58.625 1.819e-12
58.63 1.819e-12
58.635 1.819e-12
58.64 2.27375e-12
58.645 2.04638e-12
58.65 2.04638e-12
58.655 1.819e-12
58.66 2.27375e-12
58.665 2.7285e-12
58.67 2.27375e-12
58.675 2.27375e-12
58.68 2.27375e-12
58.685 2.50112e-12
58.69 1.819e-12
58.695 2.27375e-12
58.7 2.04638e-12
58.705 1.819e-12
58.71 1.819e-12
58.715 2.04638e-12
58.72 2.27375e-12
58.725 2.27375e-12
58.73 2.27375e-12
58.735 2.04638e-12
58.74 1.819e-12
58.745 2.27375e-12
58.75 2.27375e-12
58.755 2.27375e-12
58.76 2.27375e-12
58.765 2.27375e-12
58.77 2.04638e-12
58.775 2.27375e-12
58.78 2.27375e-12
58.785 2.27375e-12
58.79 2.27375e-12
58.795 2.27375e-12
58.8 2.04638e-12
58.805 2.27375e-12
58.81 2.27375e-12
58.815 2.04638e-12
58.82 1.819e-12
58.825 1.819e-12
58.83 1.59162e-12
58.835 1.819e-12
58.84 1.819e-12
58.845 2.04638e-12
58.85 2.27375e-12
58.855 2.27375e-12
58.86 2.27375e-12
58.865 2.04638e-12
58.87 1.819e-12
58.875 1.819e-12
58.88 2.27375e-12
58.885 2.04638e-12
58.89 2.04638e-12
58.895 2.04638e-12
58.9 2.04638e-12
58.905 2.27375e-12
58.91 2.04638e-12
58.915 2.04638e-12
58.92 2.04638e-12
58.925 1.819e-12
58.93 2.04638e-12
58.935 1.59162e-12
58.94 1.36425e-12
58.945 1.59162e-12
58.95 1.13688e-12
58.955 1.59162e-12
58.96 1.819e-12
58.965 2.04638e-12
58.97 1.819e-12
58.975 1.59162e-12
58.98 1.819e-12
58.985 2.27375e-12
58.99 1.819e-12
58.995 1.59162e-12
59.0 1.819e-12
59.005 1.819e-12
59.01 1.819e-12
59.015 1.59162e-12
59.02 1.819e-12
59.025 1.819e-12
59.03 2.04638e-12
59.035 2.04638e-12
59.04 1.819e-12
59.045 1.819e-12
59.05 1.819e-12
59.055 2.04638e-12
59.06 1.819e-12
59.065 1.819e-12
59.07 1.819e-12
59.075 1.819e-12
59.08 2.27375e-12
59.085 1.59162e-12
59.09 1.59162e-12
59.095 1.819e-12
59.1 1.59162e-12
59.105 1.36425e-12
59.11 1.819e-12
59.115 1.36425e-12
59.12 1.59162e-12
59.125 1.819e-12
59.13 1.59162e-12
59.135 1.819e-12
59.14 1.819e-12
59.145 1.819e-12
59.15 1.13688e-12
59.155 1.59162e-12
59.16 1.59162e-12
59.165 1.59162e-12
59.17 1.819e-12
59.175 1.36425e-12
59.18 1.819e-12
59.185 1.819e-12
59.19 1.36425e-12
59.195 2.27375e-12
59.2 1.819e-12
59.205 1.59162e-12
59.21 1.819e-12
59.215 1.819e-12
59.22 1.36425e-12
59.225 2.04638e-12
59.23 2.04638e-12
59.235 1.59162e-12
59.24 1.36425e-12
59.245 1.59162e-12
59.25 1.36425e-12
59.255 1.59162e-12
59.26 1.59162e-12
59.265 1.819e-12
59.27 1.819e-12
59.275 1.819e-12
59.28 1.819e-12
59.285 2.04638e-12
59.29 2.04638e-12
59.295 1.819e-12
59.3 1.819e-12
59.305 1.13688e-12
59.31 1.59162e-12
59.315 1.819e-12
59.32 1.819e-12
59.325 1.59162e-12
59.33 1.819e-12
59.335 1.819e-12
59.34 1.819e-12
59.345 1.819e-12
59.35 2.04638e-12
59.355 2.27375e-12
59.36 1.819e-12
59.365 1.59162e-12
59.37 1.819e-12
59.375 1.59162e-12
59.38 1.59162e-12
59.385 1.819e-12
59.39 1.59162e-12
59.395 1.819e-12
59.4 2.04638e-12
59.405 2.27375e-12
59.41 2.04638e-12
59.415 1.819e-12
59.42 1.819e-12
59.425 2.27375e-12
59.43 2.27375e-12
59.435 2.04638e-12
59.44 2.04638e-12
59.445 2.04638e-12
59.45 1.819e-12
59.455 2.04638e-12
59.46 2.04638e-12
59.465 2.04638e-12
59.47 2.04638e-12
59.475 1.819e-12
59.48 1.819e-12
59.485 2.27375e-12
59.49 2.27375e-12
59.495 2.04638e-12
59.5 2.04638e-12
59.505 2.04638e-12
59.51 2.27375e-12
59.515 1.819e-12
59.52 2.04638e-12
59.525 1.819e-12
59.53 2.04638e-12
59.535 2.04638e-12
59.54 2.27375e-12
59.545 2.27375e-12
59.55 1.819e-12
59.555 2.27375e-12
59.56 2.50112e-12
59.565 2.27375e-12
59.57 2.27375e-12
59.575 1.819e-12
59.58 2.27375e-12
59.585 2.27375e-12
59.59 2.50112e-12
59.595 2.27375e-12
59.6 2.27375e-12
59.605 2.27375e-12
59.61 2.7285e-12
59.615 2.50112e-12
59.62 2.27375e-12
59.625 2.27375e-12
59.63 2.27375e-12
59.635 2.50112e-12
59.64 2.7285e-12
59.645 2.50112e-12
59.65 2.27375e-12
59.655 2.50112e-12
59.66 2.7285e-12
59.665 2.7285e-12
59.67 2.27375e-12
59.675 2.27375e-12
59.68 2.27375e-12
59.685 2.7285e-12
59.69 2.50112e-12
59.695 2.27375e-12
59.7 2.27375e-12
59.705 2.50112e-12
59.71 2.50112e-12
59.715 2.27375e-12
59.72 2.04638e-12
59.725 2.27375e-12
59.73 2.7285e-12
59.735 2.27375e-12
59.74 2.50112e-12
59.745 2.50112e-12
59.75 2.7285e-12
59.755 2.50112e-12
59.76 2.7285e-12
59.765 2.95587e-12
59.77 2.50112e-12
59.775 2.27375e-12
59.78 2.50112e-12
59.785 2.7285e-12
59.79 2.50112e-12
59.795 2.27375e-12
59.8 2.27375e-12
59.805 2.7285e-12
59.81 2.50112e-12
59.815 2.50112e-12
59.82 2.7285e-12
59.825 2.27375e-12
59.83 2.95587e-12
59.835 2.95587e-12
59.84 2.7285e-12
59.845 2.95587e-12
59.85 3.18325e-12
59.855 2.95587e-12
59.86 3.18325e-12
59.865 2.7285e-12
59.87 2.95587e-12
59.875 2.50112e-12
59.88 3.18325e-12
59.885 2.95587e-12
59.89 2.95587e-12
59.895 2.7285e-12
59.9 2.95587e-12
59.905 2.50112e-12
59.91 2.7285e-12
59.915 2.95587e-12
59.92 2.95587e-12
59.925 2.27375e-12
59.93 2.04638e-12
59.935 2.04638e-12
59.94 2.27375e-12
59.945 2.27375e-12
59.95 2.27375e-12
59.955 1.819e-12
59.96 1.819e-12
59.965 1.36425e-12
59.97 1.36425e-12
59.975 1.819e-12
59.98 1.36425e-12
59.985 1.13688e-12
59.99 1.36425e-12
59.995 1.36425e-12
60.0 9.09502e-13
60.005 4.54751e-13
60.01 4.54751e-13
60.015 2.27375e-13
60.02 4.54751e-13
60.025 -2.27375e-13
60.03 -2.27375e-13
60.035 -6.82124e-13
60.04 -9.09502e-13
60.045 -1.36425e-12
60.05 -1.36425e-12
60.055 -1.819e-12
60.06 -2.04638e-12
60.065 -2.50112e-12
60.07 -2.7285e-12
60.075 -2.50112e-12
60.08 -3.18325e-12
60.085 -3.18325e-12
60.09 -3.18325e-12
60.095 -3.18325e-12
60.1 -3.18325e-12
60.105 -3.18325e-12
60.11 -3.18325e-12
60.115 -3.41062e-12
60.12 -2.95587e-12
60.125 -2.95587e-12
60.13 -2.27375e-12
60.135 -2.04638e-12
60.14 -1.59162e-12
60.145 -4.54751e-13
60.15 4.54751e-13
60.155 1.13688e-12
60.16 1.819e-12
60.165 2.27375e-12
60.17 3.63801e-12
60.175 4.5475e-12
60.18 5.457e-12
60.185 6.13912e-12
60.19 6.36649e-12
60.195 7.27601e-12
60.2 7.95813e-12
60.205 7.95813e-12
60.21 8.64026e-12
60.215 8.64026e-12
60.22 8.64026e-12
60.225 8.18551e-12
60.23 7.50339e-12
60.235 7.27601e-12
60.24 7.27601e-12
60.245 7.50339e-12
60.25 7.27601e-12
60.255 6.36649e-12
60.26 6.59386e-12
60.265 6.13912e-12
60.27 6.13912e-12
60.275 6.13912e-12
60.28 6.36649e-12
60.285 6.82124e-12
60.29 6.82124e-12
60.295 7.27601e-12
60.3 7.27601e-12
60.305 7.50339e-12
60.31 7.50339e-12
60.315 8.41288e-12
60.32 8.41288e-12
60.325 8.64026e-12
60.33 8.41288e-12
60.335 8.41288e-12
60.34 8.18551e-12
60.345 7.73076e-12
60.35 6.82124e-12
60.355 6.59386e-12
60.36 6.13912e-12
60.365 5.68437e-12
60.37 4.77487e-12
60.375 4.09275e-12
60.38 3.63801e-12
60.385 2.7285e-12
60.39 2.27375e-12
60.395 1.819e-12
60.4 1.13688e-12
60.405 9.09502e-13
60.41 2.27375e-13
60.415 4.54751e-13
60.42 6.82124e-13
60.425 6.82124e-13
60.43 4.54751e-13
60.435 1.13688e-12
60.44 1.819e-12
60.445 2.50112e-12
60.45 2.95587e-12
60.455 3.63801e-12
60.46 4.09275e-12
60.465 4.77487e-12
60.47 5.457e-12
60.475 5.22962e-12
60.48 5.91174e-12
60.485 6.13912e-12
60.49 6.13912e-12
60.495 6.13912e-12
60.5 5.68437e-12
60.505 5.22962e-12
60.51 5.00225e-12
60.515 4.32013e-12
60.52 3.18325e-12
60.525 2.27375e-12
60.53 1.819e-12
60.535 4.54751e-13
60.54 -6.82124e-13
60.545 -1.36425e-12
60.55 -2.7285e-12
60.555 -3.86538e-12
60.56 -5.457e-12
60.565 -6.36649e-12
60.57 -7.04861e-12
60.575 -8.18551e-12
60.58 -8.64026e-12
60.585 -8.86763e-12
60.59 -8.86763e-12
60.595 -8.86763e-12
60.6 -8.86763e-12
60.605 -8.64026e-12
60.61 -8.18551e-12
60.615 -7.73076e-12
60.62 -7.50339e-12
60.625 -7.04861e-12
60.63 -5.91174e-12
60.635 -4.77487e-12
60.64 -4.09275e-12
60.645 -3.18325e-12
60.65 -2.50112e-12
60.655 -1.59162e-12
60.66 -1.36425e-12
60.665 -6.82124e-13
60.67 2.27375e-13
60.675 6.82124e-13
60.68 1.36425e-12
60.685 2.27375e-12
60.69 2.50112e-12
60.695 2.95587e-12
60.7 3.41062e-12
60.705 3.63801e-12
60.71 3.86538e-12
60.715 4.32013e-12
60.72 4.09275e-12
60.725 4.09275e-12
60.73 4.09275e-12
60.735 4.32013e-12
60.74 4.32013e-12
60.745 4.32013e-12
60.75 4.09275e-12
60.755 3.63801e-12
60.76 3.63801e-12
60.765 3.41062e-12
60.77 2.95587e-12
60.775 3.41062e-12
60.78 2.95587e-12
60.785 3.18325e-12
60.79 2.95587e-12
60.795 2.27375e-12
60.8 2.04638e-12
60.805 2.04638e-12
60.81 2.27375e-12
60.815 2.04638e-12
60.82 2.27375e-12
60.825 2.04638e-12
60.83 1.59162e-12
60.835 1.13688e-12
60.84 1.59162e-12
60.845 1.36425e-12
60.85 1.13688e-12
60.855 1.13688e-12
60.86 9.09502e-13
60.865 4.54751e-13
60.87 4.54751e-13
60.875 4.54751e-13
60.88 6.82124e-13
60.885 4.54751e-13
60.89 2.27375e-13
60.895 0.0
60.9 2.27375e-13
60.905 4.54751e-13
60.91 4.54751e-13
60.915 9.09502e-13
60.92 1.13688e-12
60.925 1.59162e-12
60.93 2.04638e-12
60.935 2.27375e-12
60.94 2.50112e-12
60.945 3.18325e-12
60.95 3.41062e-12
60.955 4.09275e-12
60.96 4.5475e-12
60.965 5.22962e-12
60.97 5.68437e-12
60.975 6.13912e-12
60.98 6.82124e-12
60.985 6.82124e-12
60.99 7.27601e-12
60.995 7.50339e-12
61.0 7.95813e-12
61.005 7.95813e-12
61.01 7.95813e-12
61.015 7.95813e-12
61.02 7.95813e-12
61.025 7.95813e-12
61.03 7.50339e-12
61.035 7.27601e-12
61.04 7.27601e-12
61.045 6.82124e-12
61.05 5.68437e-12
61.055 5.00225e-12
61.06 4.77487e-12
61.065 4.09275e-12
61.07 2.95587e-12
61.075 2.7285e-12
61.08 1.59162e-12
61.085 6.82124e-13
61.09 0.0
61.095 -6.82124e-13
61.1 -1.36425e-12
61.105 -2.04638e-12
61.11 -2.7285e-12
61.115 -3.86538e-12
61.12 -4.09275e-12
61.125 -4.5475e-12
61.13 -4.77487e-12
61.135 -5.00225e-12
61.14 -5.22962e-12
61.145 -5.68437e-12
61.15 -5.00225e-12
61.155 -4.5475e-12
61.16 -3.86538e-12
61.165 -3.63801e-12
61.17 -2.95587e-12
61.175 -2.27375e-12
61.18 -1.36425e-12
61.185 -4.54751e-13
61.19 6.82124e-13
61.195 1.59162e-12
61.2 2.27375e-12
61.205 3.41062e-12
61.21 4.77487e-12
61.215 5.457e-12
61.22 6.59386e-12
61.225 7.27601e-12
61.23 7.50339e-12
61.235 8.41288e-12
61.24 8.86763e-12
61.245 9.095e-12
61.25 9.77712e-12
61.255 9.77712e-12
61.26 1.02319e-11
61.265 1.02319e-11
61.27 1.00045e-11
61.275 9.77712e-12
61.28 9.54975e-12
61.285 9.095e-12
61.29 9.095e-12
61.295 8.41288e-12
61.3 7.73076e-12
61.305 7.50339e-12
61.31 7.04861e-12
61.315 6.13912e-12
61.32 5.457e-12
61.325 5.457e-12
61.33 4.77487e-12
61.335 3.86538e-12
61.34 3.41062e-12
61.345 2.7285e-12
61.35 2.27375e-12
61.355 2.04638e-12
61.36 1.819e-12
61.365 1.13688e-12
61.37 1.13688e-12
61.375 4.54751e-13
61.38 2.27375e-13
61.385 -2.27375e-13
61.39 -2.27375e-13
61.395 0.0
61.4 2.27375e-13
61.405 0.0
61.41 0.0
61.415 0.0
61.42 0.0
61.425 2.27375e-13
61.43 4.54751e-13
61.435 2.27375e-13
61.44 4.54751e-13
61.445 4.54751e-13
61.45 9.09502e-13
61.455 9.09502e-13
61.46 6.82124e-13
61.465 6.82124e-13
61.47 4.54751e-13
61.475 4.54751e-13
61.48 4.54751e-13
61.485 4.54751e-13
61.49 4.54751e-13
61.495 4.54751e-13
61.5 6.82124e-13
61.505 9.09502e-13
61.51 9.09502e-13
61.515 4.54751e-13
61.52 6.82124e-13
61.525 4.54751e-13
61.53 2.27375e-13
61.535 0.0
61.54 4.54751e-13
61.545 6.82124e-13
61.55 6.82124e-13
61.555 4.54751e-13
61.56 2.27375e-13
61.565 0.0
61.57 -2.27375e-13
61.575 -6.82124e-13
61.58 -2.27375e-13
61.585 -2.27375e-13
61.59 -6.82124e-13
61.595 -2.27375e-13
61.6 -9.09502e-13
61.605 -1.59162e-12
61.61 -1.36425e-12
61.615 -1.36425e-12
61.62 -1.36425e-12
61.625 -1.36425e-12
61.63 -1.36425e-12
61.635 -1.59162e-12
61.64 -1.819e-12
61.645 -1.819e-12
61.65 -2.04638e-12
61.655 -1.819e-12
61.66 -1.819e-12
61.665 -2.04638e-12
61.67 -1.819e-12
61.675 -1.819e-12
61.68 -1.59162e-12
61.685 -1.13688e-12
61.69 -6.82124e-13
61.695 -6.82124e-13
61.7 -4.54751e-13
61.705 0.0
61.71 4.54751e-13
61.715 6.82124e-13
61.72 1.13688e-12
61.725 1.36425e-12
61.73 1.13688e-12
61.735 2.04638e-12
61.74 2.50112e-12
61.745 3.18325e-12
61.75 3.41062e-12
61.755 3.86538e-12
61.76 4.32013e-12
61.765 4.77487e-12
61.77 5.00225e-12
61.775 5.00225e-12
61.78 5.00225e-12
61.785 5.22962e-12
61.79 5.457e-12
61.795 5.68437e-12
61.8 5.457e-12
61.805 5.22962e-12
61.81 5.22962e-12
61.815 5.457e-12
61.82 5.457e-12
61.825 5.22962e-12
61.83 5.457e-12
61.835 5.457e-12
61.84 5.22962e-12
61.845 5.00225e-12
61.85 4.77487e-12
61.855 5.457e-12
61.86 5.68437e-12
61.865 5.457e-12
61.87 5.68437e-12
61.875 5.457e-12
61.88 5.457e-12
61.885 5.457e-12
61.89 5.68437e-12
61.895 5.457e-12
61.9 5.22962e-12
61.905 4.77487e-12
61.91 4.77487e-12
61.915 4.77487e-12
61.92 4.5475e-12
61.925 4.32013e-12
61.93 3.63801e-12
61.935 2.95587e-12
61.94 2.7285e-12
61.945 2.27375e-12
61.95 1.59162e-12
61.955 6.82124e-13
61.96 4.54751e-13
61.965 -6.82124e-13
61.97 -9.09502e-13
61.975 -1.36425e-12
61.98 -1.819e-12
61.985 -2.04638e-12
61.99 -2.50112e-12
61.995 -3.18325e-12
62.0 -3.41062e-12
62.005 -3.41062e-12
62.01 -3.41062e-12
62.015 -3.86538e-12
62.02 -3.41062e-12
62.025 -2.95587e-12
62.03 -2.7285e-12
62.035 -2.7285e-12
62.04 -1.819e-12
62.045 -1.59162e-12
62.05 -1.36425e-12
62.055 -6.82124e-13
62.06 -2.27375e-13
62.065 2.27375e-13
62.07 1.13688e-12
62.075 1.59162e-12
62.08 2.27375e-12
62.085 2.95587e-12
62.09 3.41062e-12
62.095 4.09275e-12
62.1 4.5475e-12
62.105 5.22962e-12
62.11 5.457e-12
62.115 5.68437e-12
62.12 5.68437e-12
62.125 6.36649e-12
62.13 6.36649e-12
62.135 6.59386e-12
62.14 6.59386e-12
62.145 6.36649e-12
62.15 6.82124e-12
62.155 6.59386e-12
62.16 6.13912e-12
62.165 6.13912e-12
62.17 5.91174e-12
62.175 5.22962e-12
62.18 5.00225e-12
62.185 4.32013e-12
62.19 3.86538e-12
62.195 4.09275e-12
62.2 3.63801e-12
62.205 3.18325e-12
62.21 2.50112e-12
62.215 2.27375e-12
62.22 2.27375e-12
62.225 1.59162e-12
62.23 1.36425e-12
62.235 1.59162e-12
62.24 1.36425e-12
62.245 9.09502e-13
62.25 9.09502e-13
62.255 4.54751e-13
62.26 6.82124e-13
62.265 6.82124e-13
62.27 9.09502e-13
62.275 1.13688e-12
62.28 1.13688e-12
62.285 1.13688e-12
62.29 1.819e-12
62.295 2.27375e-12
62.3 2.27375e-12
62.305 1.819e-12
62.31 2.27375e-12
62.315 2.50112e-12
62.32 2.27375e-12
62.325 2.50112e-12
62.33 2.50112e-12
62.335 2.50112e-12
62.34 2.7285e-12
62.345 2.7285e-12
62.35 2.27375e-12
62.355 2.04638e-12
62.36 2.50112e-12
62.365 2.27375e-12
62.37 1.819e-12
62.375 1.59162e-12
62.38 1.59162e-12
62.385 1.36425e-12
62.39 1.819e-12
62.395 1.59162e-12
62.4 1.13688e-12
62.405 9.09502e-13
62.41 9.09502e-13
62.415 6.82124e-13
62.42 4.54751e-13
62.425 2.27375e-13
62.43 0.0
62.435 0.0
62.44 0.0
62.445 0.0
62.45 4.54751e-13
62.455 2.27375e-13
62.46 4.54751e-13
62.465 6.82124e-13
62.47 6.82124e-13
62.475 1.13688e-12
62.48 1.13688e-12
62.485 1.36425e-12
62.49 1.819e-12
62.495 1.819e-12
62.5 2.27375e-12
62.505 2.04638e-12
62.51 2.04638e-12
62.515 2.27375e-12
62.52 2.7285e-12
62.525 2.95587e-12
62.53 2.95587e-12
62.535 2.95587e-12
62.54 2.50112e-12
62.545 2.95587e-12
62.55 2.50112e-12
62.555 2.95587e-12
62.56 2.95587e-12
62.565 2.50112e-12
62.57 2.7285e-12
62.575 2.27375e-12
62.58 2.27375e-12
62.585 2.04638e-12
62.59 1.819e-12
62.595 1.819e-12
62.6 1.819e-12
62.605 1.59162e-12
62.61 1.36425e-12
62.615 1.13688e-12
62.62 1.13688e-12
62.625 9.09502e-13
62.63 1.13688e-12
62.635 1.13688e-12
62.64 1.36425e-12
62.645 1.36425e-12
62.65 1.819e-12
62.655 1.819e-12
62.66 1.819e-12
62.665 2.27375e-12
62.67 2.27375e-12
62.675 2.50112e-12
62.68 2.7285e-12
62.685 2.7285e-12
62.69 3.18325e-12
62.695 3.63801e-12
62.7 3.63801e-12
62.705 3.63801e-12
62.71 4.32013e-12
62.715 4.32013e-12
62.72 4.32013e-12
62.725 4.5475e-12
62.73 4.77487e-12
62.735 4.77487e-12
62.74 4.77487e-12
62.745 4.5475e-12
62.75 4.5475e-12
62.755 4.5475e-12
62.76 4.5475e-12
62.765 4.77487e-12
62.77 4.5475e-12
62.775 4.32013e-12
62.78 3.86538e-12
62.785 3.41062e-12
62.79 3.41062e-12
62.795 3.18325e-12
62.8 3.41062e-12
62.805 2.7285e-12
62.81 2.27375e-12
62.815 2.27375e-12
62.82 1.819e-12
62.825 1.13688e-12
62.83 1.13688e-12
62.835 9.09502e-13
62.84 9.09502e-13
62.845 4.54751e-13
62.85 6.82124e-13
62.855 2.27375e-13
62.86 0.0
62.865 -4.54751e-13
62.87 -2.27375e-13
62.875 -6.82124e-13
62.88 -6.82124e-13
62.885 -6.82124e-13
62.89 -4.54751e-13
62.895 -4.54751e-13
62.9 0.0
62.905 -2.27375e-13
62.91 0.0
62.915 0.0
62.92 2.27375e-13
62.925 4.54751e-13
62.93 1.59162e-12
62.935 1.819e-12
62.94 2.04638e-12
62.945 2.50112e-12
62.95 2.50112e-12
62.955 3.18325e-12
62.96 3.18325e-12
62.965 3.41062e-12
62.97 4.09275e-12
62.975 4.5475e-12
62.98 4.32013e-12
62.985 5.00225e-12
62.99 5.22962e-12
62.995 4.77487e-12
63.0 4.77487e-12
63.005 5.00225e-12
63.01 4.77487e-12
63.015 4.77487e-12
63.02 5.22962e-12
63.025 5.22962e-12
63.03 5.00225e-12
63.035 5.00225e-12
63.04 4.77487e-12
63.045 4.5475e-12
63.05 4.32013e-12
63.055 4.32013e-12
63.06 3.63801e-12
63.065 3.63801e-12
63.07 3.63801e-12
63.075 3.86538e-12
63.08 3.63801e-12
63.085 3.63801e-12
63.09 3.63801e-12
63.095 3.18325e-12
63.1 3.18325e-12
63.105 2.50112e-12
63.11 2.27375e-12
63.115 2.04638e-12
63.12 1.819e-12
63.125 1.13688e-12
63.13 9.09502e-13
63.135 6.82124e-13
63.14 4.54751e-13
63.145 4.54751e-13
63.15 0.0
63.155 -4.54751e-13
63.16 -9.09502e-13
63.165 -1.36425e-12
63.17 -1.13688e-12
63.175 -6.82124e-13
63.18 -1.13688e-12
63.185 -1.36425e-12
63.19 -1.36425e-12
63.195 -1.59162e-12
63.2 -1.59162e-12
63.205 -1.36425e-12
63.21 -1.13688e-12
63.215 -1.819e-12
63.22 -1.13688e-12
63.225 -6.82124e-13
63.23 0.0
63.235 -2.27375e-13
63.24 0.0
63.245 2.27375e-13
63.25 4.54751e-13
63.255 6.82124e-13
63.26 1.13688e-12
63.265 1.59162e-12
63.27 1.819e-12
63.275 2.27375e-12
63.28 2.04638e-12
63.285 2.7285e-12
63.29 3.41062e-12
63.295 3.63801e-12
63.3 3.63801e-12
63.305 3.86538e-12
63.31 4.32013e-12
63.315 4.77487e-12
63.32 5.22962e-12
63.325 5.00225e-12
63.33 5.00225e-12
63.335 5.457e-12
63.34 5.457e-12
63.345 6.13912e-12
63.35 5.457e-12
63.355 5.457e-12
63.36 5.457e-12
63.365 5.00225e-12
63.37 5.22962e-12
63.375 5.457e-12
63.38 5.457e-12
63.385 5.22962e-12
63.39 4.77487e-12
63.395 4.32013e-12
63.4 4.09275e-12
63.405 4.09275e-12
63.41 3.63801e-12
63.415 3.41062e-12
63.42 3.18325e-12
63.425 2.7285e-12
63.43 2.7285e-12
63.435 1.819e-12
63.44 1.819e-12
63.445 2.04638e-12
63.45 1.819e-12
63.455 1.13688e-12
63.46 1.13688e-12
63.465 1.819e-12
63.47 1.13688e-12
63.475 1.13688e-12
63.48 1.13688e-12
63.485 1.13688e-12
63.49 1.36425e-12
63.495 1.36425e-12
63.5 1.13688e-12
63.505 1.13688e-12
63.51 1.36425e-12
63.515 1.819e-12
63.52 1.819e-12
63.525 1.59162e-12
63.53 1.36425e-12
63.535 1.819e-12
63.54 1.59162e-12
63.545 1.13688e-12
63.55 1.13688e-12
63.555 1.13688e-12
63.56 1.36425e-12
63.565 1.13688e-12
63.57 1.13688e-12
63.575 9.09502e-13
63.58 9.09502e-13
63.585 6.82124e-13
63.59 6.82124e-13
63.595 4.54751e-13
63.6 2.27375e-13
63.605 4.54751e-13
63.61 1.13688e-12
63.615 6.82124e-13
63.62 4.54751e-13
63.625 9.09502e-13
63.63 1.13688e-12
63.635 6.82124e-13
63.64 6.82124e-13
63.645 1.13688e-12
63.65 9.09502e-13
63.655 1.13688e-12
63.66 1.13688e-12
63.665 1.13688e-12
63.67 1.13688e-12
63.675 1.13688e-12
63.68 9.09502e-13
63.685 4.54751e-13
63.69 6.82124e-13
63.695 1.36425e-12
63.7 1.13688e-12
63.705 1.13688e-12
63.71 9.09502e-13
63.715 9.09502e-13
63.72 4.54751e-13
63.725 9.09502e-13
63.73 1.13688e-12
63.735 9.09502e-13
63.74 9.09502e-13
63.745 9.09502e-13
63.75 1.59162e-12
63.755 1.59162e-12
63.76 1.819e-12
63.765 1.819e-12
63.77 1.819e-12
63.775 2.27375e-12
63.78 2.27375e-12
63.785 2.27375e-12
63.79 2.27375e-12
63.795 2.27375e-12
63.8 2.95587e-12
63.805 3.18325e-12
63.81 2.95587e-12
63.815 2.95587e-12
63.82 2.50112e-12
63.825 2.95587e-12
63.83 2.95587e-12
63.835 2.95587e-12
63.84 2.95587e-12
63.845 2.95587e-12
63.85 2.7285e-12
63.855 2.95587e-12
63.86 2.27375e-12
63.865 2.27375e-12
63.87 2.27375e-12
63.875 1.819e-12
63.88 1.819e-12
63.885 1.59162e-12
63.89 1.36425e-12
63.895 1.36425e-12
63.9 1.13688e-12
63.905 1.13688e-12
63.91 1.13688e-12
63.915 1.36425e-12
63.92 9.09502e-13
63.925 9.09502e-13
63.93 4.54751e-13
63.935 1.13688e-12
63.94 1.13688e-12
63.945 1.13688e-12
63.95 1.13688e-12
63.955 1.59162e-12
63.96 1.59162e-12
63.965 1.59162e-12
63.97 1.819e-12
63.975 1.819e-12
63.98 2.04638e-12
63.985 2.27375e-12
63.99 2.50112e-12
63.995 2.27375e-12
64.0 2.50112e-12
64.005 2.50112e-12
64.01 2.50112e-12
64.015 2.95587e-12
64.02 3.41062e-12
64.025 4.09275e-12
64.03 4.09275e-12
64.035 4.5475e-12
64.04 4.32013e-12
64.045 5.00225e-12
64.05 5.457e-12
64.055 5.68437e-12
64.06 6.13912e-12
64.065 6.13912e-12
64.07 6.82124e-12
64.075 7.04861e-12
64.08 7.27601e-12
64.085 7.27601e-12
64.09 7.27601e-12
64.095 7.27601e-12
64.1 7.73076e-12
64.105 7.27601e-12
64.11 7.27601e-12
64.115 7.27601e-12
64.12 7.04861e-12
64.125 6.82124e-12
64.13 6.36649e-12
64.135 6.13912e-12
64.14 5.91174e-12
64.145 5.68437e-12
64.15 5.457e-12
64.155 4.77487e-12
64.16 4.09275e-12
64.165 3.63801e-12
64.17 2.95587e-12
64.175 2.27375e-12
64.18 1.819e-12
64.185 6.82124e-13
64.19 4.54751e-13
64.195 2.27375e-13
64.2 -2.27375e-13
64.205 -4.54751e-13
64.21 -2.27375e-13
64.215 -6.82124e-13
64.22 -1.36425e-12
64.225 -1.36425e-12
64.23 -1.819e-12
64.235 -1.819e-12
64.24 -2.27375e-12
64.245 -2.04638e-12
64.25 -2.04638e-12
64.255 -2.04638e-12
64.26 -1.819e-12
64.265 -1.36425e-12
64.27 -1.13688e-12
64.275 -9.09502e-13
64.28 -6.82124e-13
64.285 -2.27375e-13
64.29 0.0
64.295 0.0
64.3 6.82124e-13
64.305 1.36425e-12
64.31 1.819e-12
64.315 2.27375e-12
64.32 2.50112e-12
64.325 2.95587e-12
64.33 2.95587e-12
64.335 3.41062e-12
64.34 3.63801e-12
64.345 4.09275e-12
64.35 4.32013e-12
64.355 4.32013e-12
64.36 4.32013e-12
64.365 4.32013e-12
64.37 4.32013e-12
64.375 4.09275e-12
64.38 3.63801e-12
64.385 3.41062e-12
64.39 3.18325e-12
64.395 2.95587e-12
64.4 2.95587e-12
64.405 2.50112e-12
64.41 2.27375e-12
64.415 1.819e-12
64.42 1.819e-12
64.425 1.819e-12
64.43 1.13688e-12
64.435 1.13688e-12
64.44 6.82124e-13
64.445 6.82124e-13
64.45 9.09502e-13
64.455 6.82124e-13
64.46 4.54751e-13
64.465 6.82124e-13
64.47 6.82124e-13
64.475 1.13688e-12
64.48 1.13688e-12
64.485 1.36425e-12
64.49 1.59162e-12
64.495 1.59162e-12
64.5 1.59162e-12
64.505 2.04638e-12
64.51 2.50112e-12
64.515 2.95587e-12
64.52 2.95587e-12
64.525 3.18325e-12
64.53 3.63801e-12
64.535 3.86538e-12
64.54 3.86538e-12
64.545 4.32013e-12
64.55 4.09275e-12
64.555 4.32013e-12
64.56 4.5475e-12
64.565 4.77487e-12
64.57 4.5475e-12
64.575 4.32013e-12
64.58 4.32013e-12
64.585 4.09275e-12
64.59 3.86538e-12
64.595 3.63801e-12
64.6 3.63801e-12
64.605 3.41062e-12
64.61 2.95587e-12
64.615 3.18325e-12
64.62 2.95587e-12
64.625 2.27375e-12
64.63 2.27375e-12
64.635 2.04638e-12
64.64 1.819e-12
64.645 1.13688e-12
64.65 9.09502e-13
64.655 4.54751e-13
64.66 2.27375e-13
64.665 0.0
64.67 0.0
64.675 0.0
64.68 0.0
64.685 0.0
64.69 0.0
64.695 0.0
64.7 0.0
64.705 0.0
64.71 0.0
64.715 4.54751e-13
64.72 6.82124e-13
64.725 1.13688e-12
64.73 1.13688e-12
64.735 1.13688e-12
64.74 1.13688e-12
64.745 1.13688e-12
64.75 1.59162e-12
64.755 1.819e-12
64.76 2.04638e-12
64.765 2.04638e-12
64.77 2.27375e-12
64.775 2.95587e-12
64.78 2.95587e-12
64.785 2.95587e-12
64.79 3.41062e-12
64.795 3.63801e-12
64.8 3.63801e-12
64.805 3.63801e-12
64.81 3.63801e-12
64.815 3.63801e-12
64.82 3.63801e-12
64.825 3.86538e-12
64.83 3.63801e-12
64.835 3.63801e-12
64.84 3.86538e-12
64.845 3.86538e-12
64.85 3.86538e-12
64.855 3.86538e-12
64.86 4.09275e-12
64.865 3.63801e-12
64.87 3.63801e-12
64.875 3.63801e-12
64.88 2.95587e-12
64.885 3.18325e-12
64.89 2.95587e-12
64.895 2.95587e-12
64.9 2.95587e-12
64.905 3.41062e-12
64.91 2.7285e-12
64.915 2.95587e-12
64.92 2.7285e-12
64.925 2.27375e-12
64.93 2.27375e-12
64.935 2.50112e-12
64.94 2.50112e-12
64.945 2.27375e-12
64.95 1.819e-12
64.955 1.819e-12
64.96 1.59162e-12
64.965 1.819e-12
64.97 1.36425e-12
64.975 1.59162e-12
64.98 1.819e-12
64.985 2.04638e-12
64.99 1.819e-12
64.995 1.36425e-12
65.0 1.13688e-12
65.005 1.13688e-12
65.01 1.13688e-12
65.015 1.819e-12
65.02 2.04638e-12
65.025 2.04638e-12
65.03 2.27375e-12
65.035 2.50112e-12
65.04 2.7285e-12
65.045 2.95587e-12
65.05 2.95587e-12
65.055 3.41062e-12
65.06 3.41062e-12
65.065 3.63801e-12
65.07 3.86538e-12
65.075 4.09275e-12
65.08 4.32013e-12
65.085 4.32013e-12
65.09 4.77487e-12
65.095 4.77487e-12
65.1 4.77487e-12
65.105 4.5475e-12
65.11 4.5475e-12
65.115 4.5475e-12
65.12 4.77487e-12
65.125 4.77487e-12
65.13 4.5475e-12
65.135 4.5475e-12
65.14 4.32013e-12
65.145 4.09275e-12
65.15 3.86538e-12
65.155 3.63801e-12
65.16 3.86538e-12
65.165 3.63801e-12
65.17 2.95587e-12
65.175 2.95587e-12
65.18 2.95587e-12
65.185 2.50112e-12
65.19 2.95587e-12
65.195 2.50112e-12
65.2 2.27375e-12
65.205 2.50112e-12
65.21 2.50112e-12
65.215 2.27375e-12
65.22 2.04638e-12
65.225 1.819e-12
65.23 2.7285e-12
65.235 2.27375e-12
65.24 2.50112e-12
65.245 2.7285e-12
65.25 2.50112e-12
65.255 2.95587e-12
65.26 2.95587e-12
65.265 2.50112e-12
65.27 2.50112e-12
65.275 2.27375e-12
65.28 2.95587e-12
65.285 2.95587e-12
65.29 2.95587e-12
65.295 3.18325e-12
65.3 3.18325e-12
65.305 2.95587e-12
65.31 2.95587e-12
65.315 2.50112e-12
65.32 2.04638e-12
65.325 1.819e-12
65.33 1.819e-12
65.335 1.36425e-12
65.34 1.36425e-12
65.345 9.09502e-13
65.35 4.54751e-13
65.355 6.82124e-13
65.36 4.54751e-13
65.365 4.54751e-13
65.37 2.27375e-13
65.375 0.0
65.38 -2.27375e-13
65.385 0.0
65.39 0.0
65.395 -2.27375e-13
65.4 -6.82124e-13
65.405 -4.54751e-13
65.41 -2.27375e-13
65.415 2.27375e-13
65.42 6.82124e-13
65.425 4.54751e-13
65.43 4.54751e-13
65.435 1.13688e-12
65.44 1.36425e-12
65.445 1.59162e-12
65.45 1.13688e-12
65.455 1.819e-12
65.46 2.04638e-12
65.465 2.27375e-12
65.47 2.27375e-12
65.475 2.04638e-12
65.48 2.04638e-12
65.485 2.27375e-12
65.49 2.27375e-12
65.495 2.50112e-12
65.5 2.50112e-12
