pos X
396.941273285801 4.54751e-13
396.9746296953208 4.54751e-13
397.0079861048406 6.82124e-13
397.04134251436045 6.82124e-13
397.07469892388025 6.82124e-13
397.10805533340005 9.09502e-13
397.1414117429199 4.54751e-13
397.1747681524397 2.27375e-13
397.2081245619595 0.0
397.24148097147935 4.54751e-13
397.27483738099914 2.27375e-13
397.30819379051894 4.54751e-13
397.3415502000388 4.54751e-13
397.3749066095586 2.27375e-13
397.4082630190784 4.54751e-13
397.44161942859824 6.82124e-13
397.47497583811804 1.13688e-12
397.50833224763784 1.13688e-12
397.5416886571577 1.13688e-12
397.5750450666775 4.54751e-13
397.6084014761973 9.09502e-13
397.6417578857171 4.54751e-13
397.67511429523694 6.82124e-13
397.70847070475673 6.82124e-13
397.74182711427653 4.54751e-13
397.7751835237964 4.54751e-13
397.8085399333162 1.13688e-12
397.841896342836 9.09502e-13
397.87525275235583 4.54751e-13
397.90860916187563 4.54751e-13
397.94196557139543 2.27375e-13
397.9753219809153 2.27375e-13
398.008678390435 4.54751e-13
398.0420347999549 6.82124e-13
398.07539120947473 9.09502e-13
398.10874761899447 4.54751e-13
398.1421040285143 4.54751e-13
398.1754604380342 4.54751e-13
398.208816847554 4.54751e-13
398.2421732570738 4.54751e-13
398.2755296665936 6.82124e-13
398.3088860761134 4.54751e-13
398.3422424856332 2.27375e-13
398.3755988951531 2.27375e-13
398.4089553046729 2.27375e-13
398.44231171419267 2.27375e-13
398.47566812371247 4.54751e-13
398.5090245332323 0.0
398.5423809427521 2.27375e-13
398.5757373522719 2.27375e-13
398.60909376179177 4.54751e-13
398.64245017131157 4.54751e-13
398.67580658083136 1.13688e-12
398.7091629903512 4.54751e-13
398.742519399871 2.27375e-13
398.7758758093908 4.54751e-13
398.80923221891067 6.82124e-13
398.8425886284304 4.54751e-13
398.87594503795026 4.54751e-13
398.9093014474701 6.82124e-13
398.94265785698985 6.82124e-13
398.9760142665097 6.82124e-13
399.00937067602956 4.54751e-13
399.0427270855493 4.54751e-13
399.07608349506916 4.54751e-13
399.109439904589 6.82124e-13
399.14279631410875 4.54751e-13
399.1761527236286 4.54751e-13
399.20950913314846 9.09502e-13
399.24286554266826 1.13688e-12
399.27622195218805 1.36425e-12
399.30957836170785 1.13688e-12
399.3429347712277 4.54751e-13
399.3762911807475 4.54751e-13
399.4096475902673 9.09502e-13
399.44300399978715 9.09502e-13
399.47636040930695 4.54751e-13
399.50971681882675 4.54751e-13
399.5430732283466 0.0
399.5764296378664 4.54751e-13
399.6097860473862 6.82124e-13
399.64314245690605 9.09502e-13
399.6764988664258 1.13688e-12
399.70985527594564 1.13688e-12
399.7432116854655 6.82124e-13
399.77656809498524 4.54751e-13
399.8099245045051 4.54751e-13
399.84328091402494 4.54751e-13
399.8766373235447 4.54751e-13
399.90999373306454 4.54751e-13
399.9433501425844 0.0
399.97670655210413 0.0
400.010062961624 4.54751e-13
400.04341937114384 2.27375e-13
400.0767757806636 2.27375e-13
400.11013219018344 6.82124e-13
400.14348859970323 4.54751e-13
400.17684500922303 0.0
400.2102014187429 2.27375e-13
400.2435578282627 4.54751e-13
400.27691423778253 4.54751e-13
400.31027064730233 2.27375e-13
400.34362705682213 0.0
400.376983466342 2.27375e-13
400.4103398758618 4.54751e-13
400.4436962853816 4.54751e-13
400.47705269490143 0.0
400.51040910442117 0.0
400.543765513941 0.0
400.5771219234609 0.0
400.6104783329806 -6.82124e-13
400.6438347425005 -4.54751e-13
400.6771911520203 -6.82124e-13
400.71054756154007 -9.09502e-13
400.7439039710599 -2.27375e-13
400.7772603805798 -2.27375e-13
400.8106167900995 -9.09502e-13
400.84397319961937 -1.819e-12
400.8773296091392 -2.04638e-12
400.91068601865896 -2.04638e-12
400.9440424281788 -2.04638e-12
400.9773988376986 -2.27375e-12
401.0107552472184 -2.95587e-12
401.04411165673827 -3.63801e-12
401.07746806625806 -3.41062e-12
401.11082447577786 -3.63801e-12
401.1441808852977 -3.86538e-12
401.1775372948175 -4.77487e-12
401.2108937043373 -5.68437e-12
401.24425011385716 -5.68437e-12
401.27760652337696 -5.91174e-12
401.31096293289676 -6.36649e-12
401.34431934241655 -7.04861e-12
401.3776757519364 -7.04861e-12
401.41103216145626 -7.04861e-12
401.444388570976 -7.04861e-12
401.47774498049586 -6.82124e-12
401.5111013900157 -7.04861e-12
401.54445779953545 -6.82124e-12
401.5778142090553 -5.68437e-12
401.61117061857516 -5.00225e-12
401.6445270280949 -4.5475e-12
401.67788343761475 -3.18325e-12
401.7112398471346 -2.27375e-12
401.74459625665435 -2.27375e-13
401.7779526661742 1.13688e-12
401.811309075694 2.95587e-12
401.8446654852138 5.00225e-12
401.87802189473365 6.82124e-12
401.91137830425345 8.86763e-12
401.94473471377324 1.15961e-11
401.9780911232931 1.36425e-11
402.0114475328129 1.54615e-11
402.0448039423327 1.72805e-11
402.07816035185255 1.84174e-11
402.11151676137234 2.0009e-11
402.14487317089214 2.11459e-11
402.17822958041194 2.1828e-11
402.2115859899318 2.13732e-11
402.2449423994516 2.06911e-11
402.2782988089714 1.97816e-11
402.31165521849124 1.86448e-11
402.34501162801104 1.72805e-11
402.37836803753083 1.47794e-11
402.4117244470507 1.2733e-11
402.44508085657054 1.06866e-11
402.4784372660903 8.64026e-12
402.51179367561014 5.00225e-12
402.54515008513 2.27375e-12
402.57850649464973 -2.27375e-13
402.6118629041696 -3.18325e-12
402.6452193136894 -5.68437e-12
402.6785757232092 -7.50339e-12
402.71193213272903 -9.32238e-12
402.74528854224883 -1.13687e-11
402.7786449517686 -1.31877e-11
402.8120013612885 -1.38698e-11
402.8453577708083 -1.4552e-11
402.8787141803281 -1.4552e-11
402.91207058984793 -1.43246e-11
402.9454269993677 -1.40972e-11
402.9787834088875 -1.38698e-11
403.0121398184073 -1.29604e-11
403.0454962279272 -1.25056e-11
403.07885263744697 -1.11414e-11
403.11220904696677 -1.02319e-11
403.1455654564866 -8.86763e-12
403.1789218660064 -7.95813e-12
403.2122782755262 -6.13912e-12
403.24563468504607 -4.5475e-12
403.27899109456587 -3.18325e-12
403.31234750408566 -1.36425e-12
403.3457039136055 0.0
403.3790603231253 1.59162e-12
403.4124167326451 2.27375e-12
403.44577314216497 3.41062e-12
403.47912955168476 3.86538e-12
403.51248596120456 5.22962e-12
403.5458423707244 5.457e-12
403.5791987802442 6.13912e-12
403.612555189764 6.13912e-12
403.64591159928386 6.59386e-12
403.67926800880366 6.82124e-12
403.71262441832346 6.13912e-12
403.7459808278433 6.13912e-12
403.7793372373631 6.13912e-12
403.8126936468829 5.91174e-12
403.8460500564027 5.457e-12
403.87940646592256 4.5475e-12
403.91276287544235 3.86538e-12
403.94611928496215 3.63801e-12
403.979475694482 2.7285e-12
404.0128321040018 1.819e-12
404.0461885135216 1.36425e-12
404.07954492304145 6.82124e-13
404.11290133256125 4.54751e-13
404.14625774208105 -4.54751e-13
404.1796141516009 -9.09502e-13
404.2129705611207 -1.59162e-12
404.2463269706405 -2.27375e-12
404.27968338016035 -2.50112e-12
404.31303978968015 -2.50112e-12
404.34639619919994 -2.50112e-12
404.3797526087198 -2.50112e-12
404.4131090182396 -2.7285e-12
404.4464654277594 -3.18325e-12
404.47982183727925 -2.7285e-12
404.51317824679904 -3.18325e-12
404.54653465631884 -2.50112e-12
404.5798910658387 -2.27375e-12
404.6132474753585 -2.27375e-12
404.6466038848783 -2.04638e-12
404.6799602943981 -2.27375e-12
404.71331670391794 -2.04638e-12
404.74667311343774 -1.59162e-12
404.78002952295753 -4.54751e-13
404.8133859324774 0.0
404.8467423419972 0.0
404.880098751517 0.0
404.91345516103684 4.54751e-13
404.94681157055663 4.54751e-13
404.98016798007643 2.27375e-13
405.0135243895963 6.82124e-13
405.0468807991161 1.36425e-12
405.0802372086359 1.13688e-12
405.11359361815573 1.36425e-12
405.14695002767553 1.13688e-12
405.1803064371953 1.59162e-12
405.2136628467152 1.59162e-12
405.247019256235 1.819e-12
405.2803756657548 1.59162e-12
405.31373207527463 1.59162e-12
405.3470884847944 1.36425e-12
405.3804448943142 1.13688e-12
405.4138013038341 1.13688e-12
405.4471577133539 1.13688e-12
405.48051412287367 6.82124e-13
405.51387053239347 9.09502e-13
405.5472269419133 4.54751e-13
405.5805833514331 4.54751e-13
405.6139397609529 4.54751e-13
405.64729617047277 4.54751e-13
405.68065257999257 4.54751e-13
405.71400898951237 2.27375e-13
405.7473653990322 4.54751e-13
405.780721808552 4.54751e-13
405.8140782180718 4.54751e-13
405.84743462759167 0.0
405.88079103711146 0.0
405.91414744663126 0.0
405.9475038561511 -2.27375e-13
405.9808602656709 0.0
406.0142166751907 2.27375e-13
406.04757308471056 0.0
406.08092949423036 -2.27375e-13
406.11428590375016 0.0
406.14764231327 0.0
406.1809987227898 0.0
406.2143551323096 2.27375e-13
406.24771154182946 -2.27375e-13
406.28106795134926 0.0
406.31442436086905 4.54751e-13
406.34778077038885 4.54751e-13
406.3811371799087 4.54751e-13
406.4144935894285 4.54751e-13
406.4478499989483 4.54751e-13
406.48120640846815 9.09502e-13
406.51456281798795 4.54751e-13
406.54791922750775 4.54751e-13
406.5812756370276 9.09502e-13
406.6146320465474 4.54751e-13
406.6479884560672 2.27375e-13
406.68134486558705 0.0
406.71470127510685 2.27375e-13
406.74805768462664 0.0
406.7814140941465 2.27375e-13
406.81477050366624 6.82124e-13
406.8481269131861 1.13688e-12
406.88148332270595 4.54751e-13
406.91483973222574 2.27375e-13
406.94819614174554 4.54751e-13
406.9815525512654 2.27375e-13
407.0149089607852 6.82124e-13
407.048265370305 4.54751e-13
407.08162177982484 4.54751e-13
407.11497818934464 1.13688e-12
407.14833459886444 9.09502e-13
407.18169100838423 9.09502e-13
407.2150474179041 4.54751e-13
407.2484038274239 4.54751e-13
407.2817602369437 2.27375e-13
407.31511664646354 0.0
407.34847305598333 4.54751e-13
407.38182946550313 6.82124e-13
407.415185875023 6.82124e-13
407.4485422845428 4.54751e-13
407.4818986940626 0.0
407.51525510358243 -4.54751e-13
407.54861151310223 0.0
407.581967922622 4.54751e-13
407.6153243321419 0.0
407.6486807416616 -6.82124e-13
407.6820371511815 -4.54751e-13
407.71539356070133 0.0
407.74874997022107 2.27375e-13
407.7821063797409 4.54751e-13
407.8154627892608 4.54751e-13
407.8488191987805 2.27375e-13
407.8821756083004 -2.27375e-13
407.9155320178202 0.0
407.94888842734 0.0
407.9822448368598 4.54751e-13
408.0156012463796 4.54751e-13
408.04895765589947 2.27375e-13
408.08231406541927 0.0
408.11567047493907 0.0
408.1490268844589 4.54751e-13
408.1823832939787 6.82124e-13
408.2157397034985 9.09502e-13
408.24909611301837 4.54751e-13
408.28245252253816 4.54751e-13
408.31580893205796 4.54751e-13
408.3491653415778 0.0
408.3825217510976 4.54751e-13
408.4158781606174 9.09502e-13
408.44923457013726 6.82124e-13
408.482590979657 0.0
408.51594738917686 4.54751e-13
408.5493037986967 0.0
408.58266020821645 6.82124e-13
408.6160166177363 9.09502e-13
408.64937302725616 1.13688e-12
408.6827294367759 9.09502e-13
408.71608584629575 1.59162e-12
408.7494422558156 1.59162e-12
408.78279866533535 1.36425e-12
408.8161550748552 1.13688e-12
408.849511484375 1.13688e-12
408.8828678938948 1.13688e-12
408.91622430341465 1.59162e-12
408.94958071293445 1.819e-12
408.98293712245425 1.819e-12
409.0162935319741 1.819e-12
409.0496499414939 1.819e-12
409.08300635101375 1.819e-12
409.11636276053355 2.27375e-12
409.14971917005334 2.27375e-12
409.1830755795732 2.27375e-12
409.216431989093 2.27375e-12
409.2497883986128 2.27375e-12
409.28314480813265 2.50112e-12
409.3165012176524 2.50112e-12
409.34985762717224 2.95587e-12
409.3832140366921 2.95587e-12
409.41657044621184 3.18325e-12
409.4499268557317 2.95587e-12
409.48328326525154 2.95587e-12
409.5166396747713 2.95587e-12
409.54999608429114 2.95587e-12
409.583352493811 2.27375e-12
409.61670890333073 1.819e-12
409.6500653128506 1.36425e-12
409.6834217223704 1.13688e-12
409.7167781318902 4.54751e-13
409.75013454141003 0.0
409.78349095092983 -6.82124e-13
409.81684736044963 -1.819e-12
409.8502037699695 -2.50112e-12
409.8835601794893 -2.50112e-12
409.9169165890091 -3.41062e-12
409.95027299852893 -4.09275e-12
409.9836294080487 -4.5475e-12
410.0169858175685 -5.457e-12
410.0503422270884 -5.68437e-12
410.0836986366082 -6.36649e-12
410.11705504612803 -6.36649e-12
410.15041145564777 -7.04861e-12
410.1837678651676 -7.27601e-12
410.2171242746875 -7.50339e-12
410.2504806842072 -7.04861e-12
410.2838370937271 -6.82124e-12
410.3171935032469 -6.36649e-12
410.35054991276667 -5.91174e-12
410.3839063222865 -5.91174e-12
410.4172627318064 -5.00225e-12
410.4506191413261 -4.09275e-12
410.48397555084597 -3.41062e-12
410.51733196036577 -2.50112e-12
410.55068836988556 -1.36425e-12
410.5840447794054 0.0
410.6174011889252 9.09502e-13
410.650757598445 1.819e-12
410.68411400796487 2.7285e-12
410.71747041748466 4.09275e-12
410.75082682700446 4.77487e-12
410.7841832365243 5.00225e-12
410.8175396460441 5.68437e-12
410.8508960555639 6.13912e-12
410.88425246508376 6.36649e-12
410.91760887460356 6.59386e-12
410.95096528412336 6.36649e-12
410.98432169364315 6.13912e-12
411.017678103163 5.91174e-12
411.0510345126828 5.457e-12
411.0843909222026 5.00225e-12
411.11774733172246 4.77487e-12
411.1511037412423 4.32013e-12
411.18446015076205 3.41062e-12
411.2178165602819 2.95587e-12
411.25117296980176 2.27375e-12
411.2845293793215 2.04638e-12
411.31788578884135 1.13688e-12
411.35124219836115 4.54751e-13
411.38459860788095 4.54751e-13
411.4179550174008 0.0
411.4513114269206 -4.54751e-13
411.4846678364404 -9.09502e-13
411.51802424596025 -1.13688e-12
411.55138065548005 -1.13688e-12
411.58473706499984 -1.13688e-12
411.6180934745197 -1.59162e-12
411.6514498840395 -1.59162e-12
411.6848062935593 -1.36425e-12
411.71816270307914 -1.36425e-12
411.75151911259894 -1.59162e-12
411.78487552211874 -2.04638e-12
411.81823193163854 -1.13688e-12
411.8515883411584 -1.13688e-12
411.8849447506782 -9.09502e-13
411.918301160198 -1.13688e-12
411.95165756971784 -6.82124e-13
411.98501397923764 0.0
412.01837038875743 -2.27375e-13
412.0517267982773 4.54751e-13
412.0850832077971 9.09502e-13
412.1184396173169 4.54751e-13
412.15179602683673 4.54751e-13
412.18515243635653 9.09502e-13
412.21850884587633 1.13688e-12
412.2518652553962 1.59162e-12
412.285221664916 1.819e-12
412.3185780744358 1.819e-12
412.35193448395563 1.819e-12
412.3852908934754 1.819e-12
412.4186473029952 2.04638e-12
412.4520037125151 1.819e-12
412.4853601220349 1.819e-12
412.5187165315547 1.59162e-12
412.5520729410745 1.819e-12
412.5854293505943 1.819e-12
412.6187857601141 1.819e-12
412.6521421696339 1.819e-12
412.6854985791538 1.819e-12
412.71885498867357 1.36425e-12
412.75221139819337 1.819e-12
412.7855678077132 1.59162e-12
412.818924217233 1.13688e-12
412.8522806267528 6.82124e-13
412.88563703627267 2.27375e-13
412.91899344579247 4.54751e-13
412.95234985531226 4.54751e-13
412.9857062648321 2.27375e-13
413.0190626743519 0.0
413.0524190838717 -6.82124e-13
413.08577549339157 -4.54751e-13
413.11913190291136 0.0
413.15248831243116 0.0
413.185844721951 0.0
413.2192011314708 -2.27375e-13
413.2525575409906 -2.27375e-13
413.28591395051046 0.0
413.31927036003026 -4.54751e-13
413.35262676955006 2.27375e-13
413.3859831790699 0.0
413.4193395885897 0.0
413.4526959981095 0.0
413.4860524076293 0.0
413.51940881714916 4.54751e-13
413.55276522666895 2.27375e-13
413.58612163618875 9.09502e-13
413.6194780457086 4.54751e-13
413.6528344552284 2.27375e-13
413.6861908647482 6.82124e-13
413.71954727426805 9.09502e-13
413.75290368378785 9.09502e-13
413.78626009330765 6.82124e-13
413.8196165028275 2.27375e-13
413.8529729123473 4.54751e-13
413.8863293218671 4.54751e-13
413.91968573138695 6.82124e-13
413.95304214090675 0.0
413.98639855042654 4.54751e-13
414.0197549599464 4.54751e-13
414.0531113694662 4.54751e-13
414.086467778986 4.54751e-13
414.11982418850585 4.54751e-13
414.15318059802564 2.27375e-13
414.18653700754544 4.54751e-13
414.2198934170653 4.54751e-13
414.2532498265851 6.82124e-13
414.2866062361049 4.54751e-13
414.3199626456247 4.54751e-13
414.35331905514454 4.54751e-13
414.38667546466434 4.54751e-13
414.42003187418413 4.54751e-13
414.453388283704 0.0
414.4867446932238 0.0
414.5201011027436 0.0
414.55345751226344 4.54751e-13
414.58681392178323 4.54751e-13
414.62017033130303 6.82124e-13
414.6535267408229 2.27375e-13
414.6868831503427 2.27375e-13
414.7202395598625 2.27375e-13
414.75359596938233 4.54751e-13
414.78695237890213 4.54751e-13
414.8203087884219 4.54751e-13
414.8536651979418 2.27375e-13
414.8870216074616 -2.27375e-13
414.9203780169814 0.0
414.9537344265012 0.0
414.987090836021 4.54751e-13
415.0204472455408 4.54751e-13
415.0538036550607 2.27375e-13
415.0871600645805 4.54751e-13
415.12051647410027 2.27375e-13
415.15387288362007 2.27375e-13
415.1872292931399 2.27375e-13
415.2205857026597 4.54751e-13
415.2539421121795 0.0
415.28729852169937 -2.27375e-13
415.32065493121917 0.0
415.35401134073896 4.54751e-13
415.3873677502588 0.0
415.4207241597786 -4.54751e-13
415.4540805692984 -2.27375e-13
415.48743697881827 0.0
415.520793388338 0.0
415.55414979785786 4.54751e-13
415.5875062073777 0.0
415.6208626168975 0.0
415.6542190264173 4.54751e-13
415.68757543593716 6.82124e-13
415.72093184545696 4.54751e-13
415.75428825497676 2.27375e-13
415.7876446644966 4.54751e-13
415.8210010740164 4.54751e-13
415.8543574835362 2.27375e-13
415.88771389305606 2.27375e-13
415.92107030257586 2.27375e-13
415.95442671209565 2.27375e-13
415.98778312161545 2.27375e-13
416.0211395311353 2.27375e-13
416.0544959406551 0.0
416.0878523501749 4.54751e-13
416.12120875969475 2.27375e-13
416.15456516921455 0.0
416.18792157873435 0.0
416.2212779882542 0.0
416.254634397774 4.54751e-13
416.2879908072938 2.27375e-13
416.32134721681365 2.27375e-13
416.3547036263334 0.0
416.38806003585324 0.0
416.4214164453731 2.27375e-13
416.45477285489284 2.27375e-13
416.4881292644127 0.0
416.52148567393255 0.0
416.5548420834523 0.0
416.58819849297214 0.0
416.621554902492 0.0
416.65491131201173 2.27375e-13
416.6882677215316 2.27375e-13
416.72162413105144 0.0
416.75498054057124 0.0
416.78833695009104 0.0
416.82169335961083 -4.54751e-13
416.8550497691307 -6.82124e-13
416.8884061786505 -4.54751e-13
416.9217625881703 0.0
416.95511899769014 -6.82124e-13
